uniqid_huc10,RIP_NWALT92_11_huc10,RIP_NWALT92_12_huc10,RIP_NWALT92_21_huc10,RIP_NWALT92_22_huc10,RIP_NWALT92_23_huc10,RIP_NWALT92_24_huc10,RIP_NWALT92_25_huc10,RIP_NWALT92_26_huc10,RIP_NWALT92_27_huc10,RIP_NWALT92_31_huc10,RIP_NWALT92_32_huc10,RIP_NWALT92_33_huc10,RIP_NWALT92_41_huc10,RIP_NWALT92_43_huc10,RIP_NWALT92_44_huc10,RIP_NWALT92_45_huc10,RIP_NWALT92_46_huc10,RIP_NWALT92_50_huc10,RIP_NWALT92_60_huc10
1,0.48,0.00,17.44,18.33,32.16,3.56,23.06,0.06,1.62,3.30,0.00,0.00,0.00,0.00,0.00,0.00,0.00,0.00,0.00
2,0.00,0.00,0.00,0.00,0.03,0.00,0.00,0.00,0.06,0.00,0.00,0.00,0.00,0.00,0.00,0.00,0.39,99.53,0.00
3,NA,NA,NA,NA,NA,NA,NA,NA,NA,NA,NA,NA,NA,NA,NA,NA,NA,NA,NA
4,0.00,0.00,0.13,0.00,0.00,0.00,0.00,0.00,0.02,0.00,0.00,0.00,0.00,0.00,0.00,0.00,0.02,99.82,0.00
5,0.01,0.00,0.09,0.00,0.00,0.00,0.00,0.00,0.15,0.00,0.00,0.00,0.00,47.92,14.00,0.01,30.29,7.54,0.00
6,0.01,0.00,0.08,0.00,0.00,0.00,0.00,0.02,0.02,0.00,0.54,0.00,0.00,0.03,0.01,0.00,2.95,96.34,0.00
7,0.00,0.00,0.10,0.00,0.10,0.00,0.00,0.00,0.07,0.00,0.00,0.00,0.00,19.44,0.23,0.39,64.67,15.00,0.00
8,0.00,0.00,0.00,0.00,0.00,0.00,0.00,0.00,0.00,0.00,0.00,0.00,0.00,0.00,0.00,0.00,97.98,2.02,0.00
9,0.00,0.00,0.00,0.00,0.00,0.00,0.00,0.00,0.00,0.00,0.00,0.00,0.00,0.00,0.01,0.00,1.96,98.03,0.00
10,0.02,0.00,0.00,0.00,0.00,0.00,0.00,0.00,0.00,0.00,0.00,0.00,0.00,0.00,0.00,0.00,2.87,97.11,0.00
11,0.00,0.00,0.00,0.00,0.00,0.00,0.00,0.00,0.00,0.00,0.00,0.00,0.00,0.00,0.00,0.00,24.50,75.50,0.00
12,0.00,0.00,0.19,0.00,0.00,0.00,0.00,0.00,0.02,0.00,0.00,0.00,0.17,0.00,0.00,0.00,0.22,98.47,0.94
13,0.28,0.29,0.97,0.89,0.04,0.20,0.01,3.75,0.94,8.95,5.62,0.47,0.17,0.95,0.35,0.03,0.95,75.13,0.00
14,0.01,0.00,0.24,0.00,0.04,0.00,0.00,0.00,0.31,0.00,0.00,0.00,0.00,0.88,0.00,0.00,0.00,73.16,25.36
15,0.01,0.00,0.18,0.01,0.00,0.00,0.00,0.03,0.01,0.00,2.73,0.00,0.00,0.00,0.00,0.00,1.49,95.55,0.00
16,2.02,0.05,0.47,0.28,0.84,0.02,0.52,1.33,0.42,0.01,0.76,0.15,0.00,47.52,11.93,4.57,15.88,13.23,0.00
17,0.31,0.00,0.06,0.00,0.00,0.00,0.00,0.00,0.00,0.00,0.00,0.00,0.00,0.00,0.00,0.02,2.27,14.81,82.53
18,0.42,0.00,0.00,0.00,0.00,0.00,0.00,0.00,0.12,0.00,0.00,0.00,0.00,0.74,0.00,0.02,94.23,4.47,0.00
19,0.03,0.38,0.09,0.00,0.00,0.00,0.00,0.00,0.02,0.00,0.00,0.00,0.00,0.00,0.00,0.00,24.86,74.63,0.00
20,1.09,0.03,0.39,0.37,0.21,0.42,0.00,1.49,1.10,0.00,10.62,0.00,0.10,2.57,18.93,4.21,2.15,56.31,0.00
21,0.55,0.00,0.00,0.00,0.00,0.00,0.00,0.00,0.03,0.00,0.00,0.00,0.00,0.00,0.00,0.00,0.00,99.43,0.00
22,0.00,0.00,0.00,0.00,0.00,0.00,0.00,0.00,0.00,0.00,0.00,0.00,0.00,0.00,0.00,0.00,54.76,45.24,0.00
23,1.44,0.19,1.37,0.34,0.00,0.56,0.54,0.73,0.19,0.00,0.87,0.00,0.04,54.09,5.43,0.54,22.86,10.80,0.00
24,1.00,5.72,0.23,0.08,0.02,0.16,0.00,0.13,1.52,0.00,0.19,0.01,0.00,8.17,1.55,0.07,1.53,77.71,1.90
25,0.17,0.00,0.97,0.03,0.01,0.00,0.00,0.04,0.02,0.00,0.73,0.00,0.08,0.00,0.00,0.00,1.03,96.91,0.00
26,0.04,0.00,0.00,0.00,0.00,0.00,0.00,0.00,0.02,0.00,0.00,0.00,0.00,0.41,0.12,0.04,77.58,21.79,0.00
27,0.00,0.21,0.02,0.00,0.00,0.01,0.00,0.00,0.00,0.00,0.00,0.00,0.00,0.02,0.00,0.00,0.09,99.65,0.00
28,0.00,0.00,0.00,0.00,0.00,0.00,0.00,0.00,0.07,0.00,0.00,0.00,0.00,0.00,0.00,0.03,6.03,93.86,0.00
29,0.01,0.00,0.03,0.00,0.00,0.00,0.00,0.00,0.16,0.00,0.00,0.00,0.00,2.41,0.00,0.00,80.05,17.35,0.00
30,2.29,0.00,0.19,0.00,0.10,0.00,0.00,0.00,0.06,0.00,0.00,0.00,0.04,16.47,0.54,3.69,63.68,12.93,0.00
31,0.00,0.00,0.00,0.00,0.00,0.00,0.00,0.00,0.00,0.00,0.00,0.00,0.00,0.00,0.00,0.00,0.00,100.00,0.00
32,0.00,0.00,0.00,0.01,0.00,0.02,0.00,0.00,0.28,0.00,0.01,0.00,0.15,1.03,0.45,0.07,25.03,72.96,0.00
33,0.00,0.00,0.01,0.00,0.00,0.00,0.00,0.01,0.72,0.00,0.14,0.00,0.03,0.13,0.01,0.17,34.11,64.67,0.00
34,0.12,0.00,0.79,0.00,0.00,0.08,0.00,0.00,0.33,0.00,0.00,0.00,0.00,0.00,0.00,0.00,0.00,98.67,0.00
35,0.20,0.98,0.14,0.00,0.00,0.00,0.00,0.00,0.23,0.00,0.00,0.00,0.00,0.49,0.27,2.61,7.40,87.66,0.00
36,0.56,0.01,0.48,0.26,0.00,0.00,0.00,0.48,0.27,0.00,0.34,0.00,0.00,2.22,2.01,0.84,41.53,51.01,0.00
37,0.01,0.00,0.31,0.00,0.00,0.00,0.00,0.00,0.01,0.00,0.00,0.00,0.00,0.02,0.66,1.17,22.77,75.03,0.00
38,4.63,0.00,0.64,0.03,0.06,0.26,0.01,0.25,0.14,0.00,0.40,0.00,0.00,39.14,1.01,6.75,38.29,8.39,0.00
39,1.20,0.00,0.62,0.45,0.04,0.44,0.05,1.02,0.57,0.01,0.70,0.00,0.00,1.46,6.04,4.57,40.34,42.49,0.00
40,0.00,0.00,0.00,0.00,0.00,0.00,0.00,0.00,0.00,0.00,0.00,0.00,0.00,0.00,0.00,0.00,0.00,0.11,99.89
41,0.35,0.00,0.37,0.03,0.44,0.00,0.00,0.00,0.44,0.00,0.48,0.00,0.00,22.82,0.90,10.41,42.60,21.17,0.00
42,0.29,0.00,0.01,0.00,0.00,0.00,0.00,0.00,0.22,0.00,0.00,0.00,0.00,16.82,0.51,3.60,41.83,36.70,0.00
43,0.26,0.30,0.53,0.05,0.07,0.00,0.00,0.00,0.29,0.00,0.05,0.00,0.00,0.00,0.07,0.00,3.43,94.95,0.00
44,0.00,0.00,0.00,0.00,0.00,0.00,0.00,0.00,0.00,0.00,0.00,0.00,0.00,0.00,0.06,0.00,38.67,61.23,0.03
45,0.00,0.00,0.00,0.00,0.00,0.00,0.00,0.00,0.03,0.00,0.00,0.00,0.00,0.03,0.00,0.00,0.07,93.32,6.55
46,3.61,0.36,0.17,0.00,0.01,0.18,0.00,0.00,0.19,0.00,0.03,0.00,0.00,33.38,0.29,0.63,56.32,4.83,0.00
47,3.66,0.01,0.54,1.95,3.69,6.42,2.84,3.74,1.94,12.63,13.20,0.08,0.12,0.61,3.00,10.55,15.52,19.50,0.00
48,0.01,0.00,0.00,0.00,0.00,0.00,0.00,0.03,0.00,0.00,0.62,0.00,0.00,0.05,0.01,0.23,11.60,86.71,0.74
49,0.12,0.01,0.49,0.56,0.03,0.09,0.00,1.22,0.86,0.00,4.46,0.00,0.77,7.64,23.74,2.65,5.69,51.67,0.00
50,0.00,0.00,0.25,0.05,0.37,0.00,0.00,0.83,0.31,0.00,3.59,0.74,0.04,0.03,0.00,0.00,0.05,93.75,0.00
51,0.00,0.22,0.00,0.01,0.02,0.00,0.00,0.00,0.17,0.00,0.00,0.08,0.00,1.40,0.78,0.00,10.02,85.76,1.54
52,0.81,0.27,0.21,0.01,0.00,0.00,0.00,0.00,0.20,0.00,0.01,0.00,0.00,36.37,1.57,2.99,53.64,3.91,0.00
53,0.03,0.00,0.02,0.00,0.00,0.00,0.00,0.00,0.00,0.00,0.00,0.00,0.00,0.00,0.05,0.00,0.72,99.19,0.00
54,0.00,0.00,0.20,0.03,0.00,0.00,0.00,0.00,0.07,0.00,0.00,0.00,0.00,0.42,0.04,1.09,0.70,93.31,4.14
55,0.00,0.00,0.01,0.01,0.00,0.00,0.00,0.00,0.04,0.00,0.00,0.00,0.00,0.15,0.22,1.82,0.27,95.24,2.25
56,0.00,0.00,0.00,0.00,0.00,0.00,0.00,0.00,0.00,0.00,0.00,0.00,0.00,0.12,0.01,0.00,29.49,70.38,0.00
57,0.01,0.02,0.08,0.02,0.00,0.00,0.00,0.00,0.26,0.00,0.00,0.00,0.02,0.03,1.26,0.28,4.98,93.03,0.00
58,0.36,0.00,0.26,0.00,0.00,0.00,0.00,0.00,0.19,0.00,0.00,0.00,0.00,0.88,0.08,0.18,9.58,88.46,0.00
59,0.00,0.00,0.92,0.01,0.27,0.02,0.00,0.00,0.22,0.00,0.05,0.00,0.27,16.47,0.01,0.38,30.24,51.15,0.00
60,0.00,0.00,0.40,0.05,0.00,0.00,0.00,0.00,0.63,0.00,0.00,0.00,0.00,0.00,0.00,0.00,0.00,98.92,0.00
61,0.05,0.01,0.15,0.01,0.00,0.00,0.00,0.00,0.26,0.00,0.00,0.00,0.00,11.93,8.39,3.71,16.18,59.32,0.00
62,0.03,0.00,0.00,0.00,0.00,0.00,0.00,0.00,0.02,0.00,0.00,0.00,0.00,0.01,0.09,0.00,0.84,99.01,0.00
63,0.00,0.00,0.32,0.02,0.00,0.00,0.00,0.00,0.10,0.00,0.03,0.00,0.00,0.39,0.01,0.00,15.80,83.32,0.00
64,0.00,0.00,0.00,0.00,0.00,0.00,0.00,0.00,0.00,0.00,0.00,0.00,0.00,0.00,0.01,0.00,19.52,80.47,0.00
65,1.53,1.13,0.33,0.02,0.08,0.02,0.00,0.00,0.31,0.00,0.00,0.00,0.00,0.44,19.81,1.98,0.25,74.11,0.00
66,0.00,0.00,0.22,0.06,0.00,0.00,0.00,0.00,0.23,0.00,0.00,0.00,0.00,6.70,24.71,1.58,18.23,48.28,0.00
67,0.01,0.00,0.09,0.00,0.00,0.00,0.00,0.00,0.06,0.00,0.00,0.00,0.01,0.01,0.18,0.01,4.81,92.33,2.49
68,0.00,0.00,0.27,0.00,0.00,0.00,0.00,0.00,0.07,0.00,0.00,0.00,0.00,0.00,0.00,0.05,73.42,26.19,0.00
69,1.67,0.66,0.21,0.01,0.01,0.01,0.00,0.00,0.05,0.00,0.00,0.01,0.01,0.03,0.30,0.00,0.07,87.29,9.68
70,0.01,0.01,0.03,0.00,0.02,0.00,0.00,0.01,0.09,0.00,0.23,0.00,0.10,1.69,0.01,0.22,76.12,21.47,0.00
71,0.00,0.00,0.00,0.00,0.00,0.00,0.00,0.00,0.00,0.00,0.00,0.00,0.00,0.00,0.00,0.00,47.75,52.25,0.00
72,0.00,0.00,0.08,0.00,0.00,0.00,0.00,0.02,0.23,0.00,0.02,0.00,0.08,0.81,0.05,0.00,9.54,89.18,0.00
73,0.01,0.18,0.80,0.44,0.03,0.24,0.64,0.55,0.76,0.10,1.71,0.00,0.07,12.56,22.11,1.44,1.74,56.63,0.00
74,0.04,0.00,0.00,0.00,0.00,0.00,0.00,0.00,0.03,0.00,0.00,0.00,0.00,0.03,0.00,0.00,0.18,70.39,29.33
75,2.49,0.04,0.12,0.00,0.04,0.00,0.00,0.00,0.23,0.00,0.00,0.00,0.03,49.17,1.10,5.68,31.83,9.28,0.00
76,0.12,0.00,0.55,0.08,0.00,0.02,0.00,0.19,0.54,0.00,2.72,0.00,0.00,1.16,17.06,0.38,0.52,74.33,2.32
77,0.06,0.10,1.52,2.05,0.82,0.88,2.15,2.56,2.78,2.28,1.46,0.00,0.09,2.49,1.80,0.27,4.27,73.99,0.44
78,0.58,1.60,0.28,0.00,0.00,0.00,0.00,0.00,0.15,0.00,0.00,0.00,0.00,35.09,0.24,0.24,40.30,21.52,0.00
79,0.00,0.00,0.20,0.02,0.01,0.00,0.00,0.14,0.06,0.00,0.93,0.00,0.02,0.52,0.02,0.00,0.01,92.57,5.52
80,0.00,0.00,0.00,0.00,0.00,0.00,0.00,0.00,0.00,0.00,0.00,0.00,0.00,0.00,0.00,0.00,2.88,97.12,0.00
81,6.63,0.86,0.22,0.02,0.00,0.04,0.00,0.02,0.93,0.00,0.85,0.00,0.00,17.97,7.61,2.93,29.40,32.51,0.00
82,3.61,0.14,0.43,0.35,0.04,0.25,0.60,1.50,0.87,0.38,1.18,0.00,0.01,40.69,5.60,2.44,23.02,18.88,0.00
83,0.00,0.00,0.32,0.00,0.00,0.00,0.00,0.00,0.01,0.00,0.00,0.00,0.00,0.00,0.00,0.00,0.82,98.84,0.00
84,0.89,0.64,1.47,5.47,0.87,4.95,3.53,14.42,4.06,18.45,9.19,0.00,0.00,1.33,1.57,0.35,0.57,32.24,0.00
85,0.00,0.00,0.00,0.00,0.00,0.00,0.00,0.00,0.00,0.00,0.00,0.00,0.00,0.00,0.00,0.00,0.00,100.00,0.00
86,2.95,0.00,0.39,0.00,0.00,0.00,0.00,0.08,0.35,0.00,0.59,0.00,0.00,10.69,0.25,0.05,10.03,74.61,0.00
87,0.47,0.00,0.20,0.00,0.00,0.00,0.00,0.00,0.22,0.00,0.00,0.00,0.00,15.84,0.67,8.03,40.34,34.22,0.00
88,0.57,0.00,0.31,0.02,0.00,0.00,0.00,0.09,0.29,0.00,0.20,0.00,0.00,3.28,0.24,8.23,37.27,49.50,0.00
89,0.35,0.06,0.07,0.04,0.01,0.00,0.00,0.01,0.25,0.00,0.21,0.00,0.00,2.45,0.02,0.01,2.49,92.54,1.50
90,0.00,0.00,0.00,0.00,0.00,0.00,0.00,0.00,0.00,0.00,0.00,0.00,0.00,0.00,0.00,0.00,0.84,99.16,0.00
91,0.00,0.00,0.41,0.00,0.00,0.00,0.00,0.00,0.02,0.00,0.00,0.00,0.09,0.00,0.00,0.00,2.67,96.81,0.00
92,0.00,0.00,0.35,0.00,0.01,0.00,0.00,0.00,0.14,0.00,0.00,0.00,0.02,6.06,0.13,4.15,81.99,7.13,0.00
93,0.76,0.03,0.54,0.98,0.02,1.61,0.55,3.77,3.02,0.13,7.53,0.00,0.01,1.01,3.40,0.64,0.00,54.73,21.27
94,0.16,0.00,0.04,0.00,0.00,0.00,0.00,0.00,0.15,0.00,0.00,0.00,0.04,15.46,0.09,0.10,41.69,42.27,0.00
95,0.00,0.00,0.00,0.00,0.00,0.00,0.00,0.00,0.00,0.00,0.00,0.00,0.00,0.00,0.00,0.00,0.66,99.34,0.00
96,2.43,0.00,0.31,0.05,0.02,0.03,0.00,0.11,0.57,0.00,0.23,0.00,0.06,4.25,4.25,9.69,38.15,39.85,0.00
97,0.01,0.00,0.00,0.00,0.00,0.00,0.00,0.00,0.04,0.00,0.00,0.00,0.00,0.00,0.00,0.00,2.47,97.48,0.00
98,0.17,0.00,0.12,0.00,0.00,0.00,0.00,0.00,0.15,0.00,0.00,0.00,0.02,2.93,0.24,0.04,0.37,95.95,0.00
99,11.15,0.40,0.28,0.01,0.00,0.01,0.00,0.02,0.62,0.00,0.03,0.00,0.00,8.34,14.43,15.81,18.39,30.51,0.00
100,0.01,0.00,0.02,0.00,0.00,0.00,0.00,0.00,0.01,0.00,0.00,0.00,0.07,0.00,0.00,0.00,0.44,99.41,0.05
101,0.44,0.01,0.00,0.00,0.00,0.03,0.00,0.00,0.00,0.00,0.00,0.00,0.00,0.00,0.00,0.00,0.04,92.15,7.33
102,0.49,0.00,0.99,4.89,0.11,4.88,7.13,10.54,2.25,3.70,12.74,0.00,0.00,0.16,0.32,0.00,0.11,51.68,0.00
103,0.02,0.00,0.17,0.00,0.00,0.00,0.00,0.00,0.00,0.00,0.00,0.00,0.00,0.00,0.00,0.00,0.06,99.74,0.00
104,0.02,0.00,0.31,0.15,0.00,0.08,0.00,0.07,0.71,0.00,1.84,0.00,0.00,0.79,0.18,0.18,0.03,95.21,0.45
105,0.09,0.00,0.43,0.00,0.00,0.00,0.00,0.04,0.04,0.00,0.00,0.00,0.00,0.00,0.00,0.04,0.60,98.75,0.00
106,0.18,0.00,0.16,0.01,0.00,0.00,0.00,0.08,0.12,0.00,0.20,0.00,0.02,12.81,0.03,0.05,18.42,67.93,0.00
107,0.03,0.00,0.02,0.00,0.00,0.00,0.00,0.00,0.02,0.00,0.00,0.00,0.00,0.02,0.00,0.00,15.24,84.68,0.00
108,0.00,0.00,0.15,0.00,0.00,0.00,0.00,0.00,0.00,0.00,0.00,0.00,0.00,0.00,0.00,0.00,0.13,75.05,24.67
109,0.01,0.03,0.03,0.00,0.00,0.00,0.00,0.00,0.00,0.00,0.00,0.00,0.00,0.01,0.03,0.00,0.66,99.22,0.00
110,0.00,0.00,0.67,0.00,0.00,0.00,0.00,0.00,0.02,0.00,0.00,0.00,0.00,0.00,0.00,0.00,95.28,4.04,0.00
111,0.00,0.00,0.05,0.00,0.00,0.00,0.00,0.00,0.28,0.00,0.00,0.00,2.52,0.18,0.14,0.23,33.37,63.23,0.00
112,0.01,0.00,1.28,0.10,0.00,0.10,0.00,0.62,0.30,0.00,2.80,0.00,0.00,0.24,1.21,0.53,5.26,87.13,0.42
113,0.03,0.05,0.54,0.05,0.00,0.00,0.00,0.13,0.08,0.00,0.56,0.00,0.00,0.13,0.80,0.02,17.86,79.75,0.00
114,0.00,0.00,0.29,0.00,0.00,0.00,0.00,0.00,0.02,0.00,0.00,0.00,0.00,0.34,0.04,0.00,3.85,93.82,1.64
115,0.11,0.00,0.32,0.02,0.00,0.00,0.00,0.15,0.15,0.00,0.17,0.00,0.00,0.13,0.00,0.09,0.19,98.41,0.25
116,0.07,0.00,0.02,0.00,0.11,0.00,0.00,0.00,0.02,0.00,0.00,0.00,0.00,1.06,0.03,0.06,8.05,90.58,0.00
117,1.17,0.00,0.13,0.05,0.11,0.23,0.00,0.37,0.30,0.00,4.73,0.00,0.00,0.63,7.59,8.66,18.12,57.92,0.00
118,0.17,0.00,0.01,0.03,0.00,0.00,0.00,0.00,0.02,0.00,0.00,0.00,0.00,0.00,0.06,0.00,15.06,84.63,0.00
119,1.31,0.00,0.03,0.00,0.00,0.00,0.00,0.00,0.00,0.00,0.00,0.00,0.02,0.07,0.00,0.00,11.80,86.77,0.00
120,1.52,1.91,0.00,0.08,0.00,0.00,0.00,0.00,0.09,0.00,0.00,0.00,0.00,0.00,0.35,1.28,29.16,65.61,0.00
121,0.04,0.00,0.09,0.00,0.00,0.00,0.00,0.00,0.12,0.00,0.00,0.00,0.00,0.01,0.41,1.15,31.32,66.87,0.00
122,0.00,0.00,0.01,0.00,0.00,0.00,0.00,0.00,0.01,0.00,0.00,0.00,0.00,0.00,0.00,0.00,0.00,99.97,0.00
123,0.00,0.00,0.00,0.01,0.00,0.00,0.00,0.00,0.00,0.00,0.00,0.00,0.00,0.00,0.01,0.00,5.03,94.85,0.10
124,0.13,0.00,0.17,0.00,0.02,0.00,0.00,0.00,0.26,0.00,0.13,0.00,0.00,4.24,0.66,0.03,16.56,77.78,0.00
125,0.00,0.00,0.00,0.00,0.00,0.00,0.00,0.00,0.06,0.00,0.00,0.00,0.00,0.00,0.00,0.00,0.00,99.94,0.00
126,0.02,0.00,0.95,0.03,0.05,0.02,0.00,0.00,0.13,0.00,0.00,0.00,0.01,0.01,0.00,1.54,18.64,78.61,0.00
127,0.05,0.01,0.00,0.00,0.02,0.01,0.00,0.00,0.14,0.00,0.00,0.00,0.00,5.58,0.02,0.34,49.59,44.24,0.00
128,0.34,0.05,0.39,0.21,0.01,0.30,0.00,1.70,0.53,0.00,2.88,0.00,0.00,0.01,0.00,0.08,0.00,85.79,7.70
129,0.04,0.00,0.00,0.00,0.00,0.00,0.00,0.00,0.03,0.00,0.00,0.00,0.00,0.02,0.00,0.00,7.75,92.16,0.00
130,0.02,0.00,0.06,0.00,0.03,0.00,0.00,0.00,0.02,0.00,0.00,0.00,0.00,0.00,0.00,0.00,0.12,99.74,0.00
131,0.05,0.00,0.07,0.00,0.00,0.00,0.00,0.00,0.02,0.00,0.00,0.00,0.00,0.00,0.01,0.00,9.28,90.56,0.00
132,0.00,0.00,0.69,0.04,0.00,0.00,0.00,0.00,0.08,0.00,0.00,0.00,0.09,0.43,0.04,0.00,17.09,81.54,0.00
133,0.00,0.00,0.00,0.00,0.00,0.00,0.00,0.00,0.16,0.00,0.00,0.00,0.00,0.00,0.00,0.00,57.11,42.73,0.00
134,0.95,0.00,0.10,0.00,0.00,0.00,0.00,0.00,0.10,0.00,0.00,0.00,0.00,87.35,0.00,2.59,6.13,2.79,0.00
135,0.09,0.00,0.87,0.03,0.15,0.00,0.00,0.02,0.04,0.00,0.23,0.05,0.09,0.00,0.00,0.00,13.88,84.56,0.00
136,0.77,0.01,0.58,0.04,0.00,0.05,0.00,0.15,0.24,0.00,0.35,0.00,0.00,30.23,7.46,5.45,47.24,7.42,0.00
137,0.66,0.00,0.41,0.03,0.00,0.03,0.00,0.05,0.30,0.00,0.51,0.00,0.00,2.62,0.26,5.47,42.34,47.32,0.00
138,0.04,0.00,0.00,0.00,0.00,0.00,0.00,0.00,0.04,0.00,0.00,0.00,0.00,0.00,0.01,0.00,2.34,97.57,0.00
139,0.01,0.00,0.96,0.01,0.01,0.00,0.00,0.00,0.03,0.00,0.00,0.00,0.00,0.07,0.00,0.00,14.52,84.39,0.00
140,0.16,0.01,0.54,0.13,0.06,0.00,0.00,0.21,0.20,0.00,0.62,0.00,6.16,0.00,0.00,0.00,0.00,91.90,0.00
141,0.96,0.12,0.17,0.11,0.04,0.01,0.05,0.04,0.13,0.01,0.16,0.00,0.00,9.67,9.66,0.71,0.03,78.14,0.00
142,0.00,0.00,0.21,0.03,0.00,0.15,0.07,0.48,0.03,0.00,0.05,0.00,0.00,0.00,0.00,0.00,0.00,95.77,3.20
143,1.56,0.00,0.08,0.00,0.00,0.00,0.00,0.00,0.00,0.00,0.00,0.00,0.00,0.00,0.00,0.00,37.36,61.00,0.00
144,0.14,0.00,0.00,0.01,0.00,0.00,0.00,0.00,0.00,0.00,0.00,0.00,0.00,0.00,0.01,0.00,9.26,85.31,5.26
145,1.66,0.00,0.29,0.72,0.21,0.00,0.00,1.11,0.28,0.00,2.81,0.00,0.00,0.03,0.00,0.00,0.43,92.46,0.00
146,0.00,0.00,0.00,0.00,0.00,0.00,0.00,0.00,0.00,0.00,0.00,0.00,0.00,0.98,0.00,0.00,97.66,1.36,0.00
147,0.02,0.00,0.04,0.00,0.00,0.00,0.00,0.00,0.21,0.00,0.00,0.00,0.00,0.25,2.20,0.52,0.00,87.63,9.13
148,0.03,0.00,0.20,0.00,0.01,0.00,0.00,0.00,0.03,0.00,0.00,0.00,0.57,0.01,0.21,0.00,8.74,90.20,0.00
149,0.11,0.00,0.33,0.14,0.00,0.08,0.00,0.49,0.36,0.00,2.01,0.00,0.00,4.53,0.11,0.00,0.05,81.32,10.47
150,0.24,0.00,0.23,0.12,0.18,0.05,0.01,0.42,0.25,0.00,1.13,0.00,0.00,41.25,0.56,0.83,28.19,26.53,0.00
151,3.07,0.00,1.19,0.67,0.25,1.32,0.04,1.53,0.97,6.09,4.53,0.54,0.13,13.15,6.35,6.55,30.66,22.96,0.00
152,0.07,0.00,0.00,0.00,0.00,0.00,0.00,0.00,0.00,0.00,0.00,0.00,0.00,0.22,0.00,0.03,71.16,28.52,0.00
153,0.08,0.01,0.39,0.00,0.00,0.00,0.00,0.00,0.15,0.00,0.00,0.00,0.00,0.24,3.59,1.34,6.68,87.52,0.00
154,0.95,0.01,0.24,0.01,0.01,0.00,0.00,0.00,0.30,0.00,0.00,0.00,0.00,16.35,29.63,4.37,13.17,34.95,0.00
155,1.49,0.08,0.17,0.02,0.00,0.01,0.00,0.08,0.23,0.00,0.07,0.01,0.00,61.17,0.63,0.51,32.23,3.30,0.00
156,0.37,0.43,0.17,0.01,0.00,0.00,0.00,0.06,0.15,0.00,0.04,0.00,0.06,6.87,31.22,0.99,1.15,58.47,0.00
157,0.11,0.02,0.36,0.01,0.03,0.00,0.00,0.02,0.25,0.00,0.03,0.00,0.00,0.23,0.32,0.22,0.46,53.15,44.77
158,2.01,0.29,0.53,0.59,0.04,0.01,0.18,1.04,0.62,0.02,4.96,0.00,0.03,4.37,2.19,0.04,9.97,63.05,10.05
159,0.46,0.00,0.78,0.04,0.01,0.14,0.00,0.04,0.17,0.00,0.28,0.00,0.00,0.29,0.07,0.35,0.73,96.65,0.00
160,0.00,0.00,0.90,0.24,0.39,0.01,0.00,0.22,0.08,0.00,5.77,0.15,0.00,0.00,0.00,0.00,2.16,90.08,0.00
161,0.30,0.00,0.05,0.00,0.00,0.00,0.00,0.00,0.04,0.00,0.00,0.00,0.00,1.15,0.71,2.48,23.43,71.85,0.00
162,0.12,0.08,0.20,0.00,0.02,0.00,0.00,0.00,0.17,0.00,0.00,0.00,0.00,7.95,0.10,0.18,55.85,35.33,0.00
163,0.51,1.80,0.34,0.18,0.00,0.00,0.00,0.22,0.13,0.00,0.36,0.00,0.00,52.66,1.50,1.59,35.34,5.38,0.00
164,0.07,0.00,0.25,0.01,0.00,0.00,0.00,0.05,0.05,0.00,0.25,0.00,0.00,0.31,5.58,0.87,10.81,81.75,0.00
165,0.06,0.82,0.39,0.08,0.02,0.00,0.00,0.21,0.31,0.02,0.07,0.00,0.00,11.54,34.39,1.27,2.59,48.22,0.00
166,0.00,0.00,0.12,0.00,0.00,0.00,0.00,0.00,0.00,0.00,0.00,0.00,0.00,0.00,0.00,0.00,66.59,33.29,0.00
167,0.11,0.00,0.00,0.00,0.00,0.00,0.00,0.00,0.00,0.00,0.00,0.00,0.00,0.00,0.00,0.00,0.00,97.42,2.48
168,0.07,0.13,5.32,9.14,5.53,7.62,9.98,7.25,1.83,5.48,3.40,0.01,0.01,0.00,0.03,0.00,0.35,43.84,0.00
169,3.55,0.00,0.63,0.10,0.04,0.00,0.00,0.22,0.19,0.00,0.83,0.00,0.00,20.31,0.68,11.36,46.96,15.12,0.00
170,0.44,0.07,2.13,3.85,0.39,5.28,3.30,5.39,2.46,2.55,3.59,0.00,0.09,0.41,0.34,0.15,0.14,64.01,5.42
171,0.67,0.03,0.01,0.01,0.00,0.02,0.00,0.00,0.18,0.00,0.02,0.08,0.00,3.51,0.43,5.21,27.46,62.38,0.00
172,0.07,0.01,0.26,0.02,0.00,0.17,0.00,0.12,0.04,0.00,0.34,0.00,0.00,0.02,0.04,0.00,0.10,93.80,5.02
173,0.30,0.00,7.65,2.23,1.57,1.67,4.32,1.98,0.94,1.38,0.33,0.06,0.00,6.63,0.21,0.06,4.66,65.99,0.00
174,0.05,0.00,0.02,0.00,0.04,0.00,0.00,0.00,0.03,0.00,0.00,0.00,0.05,2.06,0.05,0.96,53.40,43.34,0.00
175,0.00,0.00,0.02,0.00,0.00,0.00,0.00,0.00,0.00,0.00,0.00,0.00,0.00,0.00,0.00,0.00,0.06,99.85,0.08
176,0.00,0.00,0.05,0.00,0.00,0.01,0.00,0.01,0.12,0.00,0.00,0.00,0.00,8.20,0.16,0.00,0.38,87.92,3.16
177,0.01,0.67,0.32,0.01,0.00,0.00,0.00,0.00,0.01,0.00,0.00,0.00,0.00,0.00,0.01,0.00,14.26,84.72,0.00
178,0.00,0.00,0.00,0.01,0.00,0.00,0.00,0.00,0.01,0.00,0.00,0.00,0.00,0.00,0.10,0.01,36.74,63.14,0.00
179,0.02,0.00,0.40,0.00,0.00,0.00,0.00,0.00,0.11,0.00,0.00,0.00,0.00,8.65,0.10,0.01,4.75,85.96,0.00
180,0.00,0.00,0.30,0.00,0.00,0.00,0.00,0.00,0.16,0.00,0.00,0.00,0.00,12.22,1.68,1.37,13.55,70.72,0.00
181,0.00,0.00,0.46,0.13,0.00,0.00,0.00,0.12,0.10,0.00,0.27,0.00,0.00,0.00,0.00,0.00,2.18,96.74,0.00
182,0.06,0.00,0.00,0.00,0.00,0.00,0.00,0.00,0.01,0.00,0.00,0.00,0.00,0.00,0.00,0.00,88.85,11.08,0.00
183,0.43,0.00,0.41,0.03,0.01,0.01,0.00,0.01,0.25,0.00,0.01,0.00,0.01,2.65,0.73,0.03,8.39,87.01,0.00
184,0.01,0.00,0.86,0.94,0.06,0.08,0.00,6.06,0.90,0.00,27.47,0.03,0.00,0.00,0.00,0.00,0.72,39.34,23.52
185,0.05,0.00,0.00,0.00,0.00,0.00,0.00,0.00,0.04,0.00,0.00,0.00,0.00,0.00,0.00,0.01,0.32,99.58,0.00
186,0.01,0.00,0.17,0.00,0.00,0.00,0.00,0.00,0.00,0.00,0.00,0.00,0.00,0.02,0.00,0.00,0.34,51.32,48.15
187,2.62,0.01,1.30,4.23,0.96,1.27,2.36,2.24,1.38,6.83,6.26,0.00,0.01,15.96,16.98,4.94,12.77,19.88,0.00
188,0.45,0.16,0.19,0.01,0.00,0.00,0.00,0.04,0.14,0.00,0.05,0.00,0.00,30.73,1.31,0.35,63.17,3.40,0.00
189,0.03,0.00,0.11,0.00,0.00,0.00,0.00,0.00,0.01,0.00,0.00,0.00,0.02,0.00,0.02,0.00,6.45,93.36,0.00
190,0.13,0.00,0.00,0.00,0.00,0.00,0.00,0.00,0.05,0.00,0.00,0.00,0.00,1.93,0.03,0.61,26.59,70.67,0.00
191,0.04,0.12,0.06,0.01,0.00,0.00,0.00,0.00,0.24,0.00,0.00,0.00,0.00,4.60,12.75,0.08,0.86,81.25,0.00
192,0.00,0.00,0.46,0.00,0.00,0.00,0.00,0.00,0.01,0.00,0.00,0.00,0.00,0.20,0.00,0.00,0.09,99.24,0.00
193,0.03,0.00,0.19,0.00,0.00,0.00,0.00,0.00,0.04,0.00,0.00,0.00,0.00,0.02,0.37,0.42,10.57,80.27,8.11
194,0.06,0.00,0.22,0.41,0.11,0.19,0.00,2.68,0.76,0.00,2.57,0.00,0.00,0.06,0.74,0.01,9.80,82.40,0.00
195,4.68,41.33,0.10,0.01,0.00,0.03,0.00,0.76,0.20,0.00,0.21,0.00,0.00,4.47,20.16,0.58,0.41,27.06,0.00
196,0.32,0.00,0.28,0.05,0.01,0.01,0.00,0.22,0.28,0.00,1.16,0.00,0.31,0.21,0.50,0.07,1.31,95.22,0.03
197,0.00,0.00,0.00,0.00,0.00,0.00,0.00,0.00,0.01,0.00,0.00,0.00,0.00,0.01,0.00,0.00,6.51,93.47,0.00
198,0.01,0.00,0.35,0.00,0.00,0.00,0.00,0.00,0.03,0.00,0.00,0.00,0.04,0.01,0.00,0.00,16.38,83.19,0.00
199,0.77,0.00,0.00,0.01,0.00,0.00,0.00,0.00,0.04,0.00,0.00,0.00,0.14,0.00,0.00,0.03,6.45,31.44,61.12
200,0.19,0.00,0.29,0.00,0.00,0.00,0.00,0.00,0.01,0.00,0.00,0.00,0.00,0.00,0.00,0.00,90.49,9.02,0.00
201,0.01,0.00,0.00,0.00,0.00,0.00,0.00,0.00,0.03,0.00,0.00,0.00,0.00,0.00,0.00,0.01,41.38,58.57,0.00
202,0.00,0.00,0.00,0.00,0.00,0.00,0.00,0.00,0.09,0.00,0.00,0.00,0.00,0.00,0.00,0.00,0.00,98.52,1.39
203,0.13,0.14,0.14,0.01,0.02,0.00,0.00,0.01,0.35,0.00,0.07,0.00,0.01,2.48,0.28,0.01,0.09,96.27,0.00
204,0.17,0.03,0.13,0.00,0.07,0.00,0.00,0.00,0.12,0.00,0.02,0.00,0.01,5.02,0.02,2.02,59.97,32.43,0.00
205,0.19,0.00,1.73,0.14,0.01,0.00,0.00,0.00,0.05,0.00,0.00,0.06,0.00,0.00,0.00,0.02,0.14,97.65,0.00
206,0.06,0.00,0.00,0.00,0.01,0.00,0.00,0.00,0.04,0.00,0.00,0.00,0.00,0.13,0.88,0.02,0.30,74.05,24.52
207,0.43,0.04,0.00,0.00,0.00,0.00,0.00,0.00,0.03,0.00,0.00,0.00,0.00,1.64,0.01,0.18,6.40,91.26,0.00
208,0.08,0.00,0.07,0.01,0.18,0.00,0.00,0.00,0.22,0.00,0.00,0.00,0.01,0.17,1.76,0.06,14.39,83.06,0.00
209,0.06,0.00,0.38,0.02,0.00,0.00,0.00,0.13,0.27,0.00,0.02,0.00,0.00,82.75,5.04,0.14,8.34,2.85,0.00
210,0.00,0.00,0.10,0.00,0.00,0.00,0.00,0.00,0.00,0.00,0.00,0.00,0.00,0.00,0.28,0.00,1.63,97.99,0.00
211,0.02,0.02,0.07,0.01,0.07,0.00,0.00,0.00,0.05,0.00,0.00,0.00,0.00,0.24,0.00,0.00,3.17,96.36,0.00
212,0.00,0.00,0.81,0.01,0.00,0.00,0.00,0.01,0.03,0.00,0.19,0.00,0.00,0.00,0.00,0.00,86.21,12.74,0.00
213,0.01,0.00,0.26,0.00,0.00,0.00,0.00,0.00,0.17,0.00,0.00,0.00,0.00,0.21,0.72,1.79,28.17,63.47,5.18
214,1.12,0.00,0.00,0.00,0.00,0.00,0.00,0.00,0.00,0.00,0.00,0.00,0.00,0.00,0.18,0.00,1.18,97.52,0.00
215,0.33,0.01,0.45,0.41,0.21,0.20,0.11,0.48,0.71,0.35,1.86,0.00,0.02,0.16,0.65,0.11,0.00,93.95,0.00
216,0.01,0.03,0.26,0.00,0.00,0.00,0.00,0.00,0.00,0.00,0.00,0.00,0.05,0.00,0.04,0.00,1.03,69.20,29.37
217,0.00,0.00,0.09,0.00,0.00,0.00,0.00,0.00,0.00,0.00,0.00,0.00,0.00,0.00,0.00,0.00,18.30,81.62,0.00
218,0.31,0.00,0.27,0.00,0.01,0.00,0.00,0.00,0.06,0.00,0.00,0.00,0.00,0.38,0.00,0.04,54.05,44.88,0.00
219,0.49,0.00,0.44,0.01,0.07,0.00,0.00,0.00,2.57,0.00,0.00,0.00,0.00,2.05,0.55,6.35,61.48,26.00,0.00
220,0.05,0.04,0.28,0.00,0.00,0.02,0.00,0.06,0.29,0.00,0.98,0.00,0.00,31.55,0.80,5.21,22.85,37.88,0.00
221,0.11,0.00,2.50,4.69,2.32,1.57,3.65,7.65,2.95,12.39,9.99,0.14,0.43,1.97,1.79,0.60,3.29,43.95,0.00
222,2.19,0.07,0.11,0.00,0.00,0.00,0.00,0.01,0.19,0.00,0.26,0.00,0.00,60.29,1.74,1.16,27.20,6.78,0.00
223,0.06,0.00,0.66,0.00,0.00,0.00,0.00,0.00,0.02,0.00,0.00,0.00,0.00,0.00,0.00,0.00,0.97,92.37,5.92
224,5.96,19.68,2.01,0.87,4.90,0.66,0.04,5.48,0.54,3.72,5.07,2.08,3.59,6.05,1.22,0.35,1.58,36.18,0.00
225,0.71,0.00,0.16,0.00,0.00,0.00,0.00,0.00,0.09,0.00,0.00,0.00,0.00,0.32,0.29,0.40,4.85,93.18,0.00
226,0.02,0.02,0.06,0.00,0.00,0.00,0.00,0.00,0.11,0.00,0.00,0.00,0.00,24.40,2.68,0.08,66.12,6.49,0.00
227,0.00,0.00,0.56,0.04,0.01,0.01,0.00,0.05,0.06,0.00,0.26,0.00,0.00,0.00,0.00,0.00,6.41,92.61,0.00
228,0.51,0.00,0.18,0.00,0.00,0.00,0.00,0.00,0.25,0.00,0.00,0.00,0.00,3.48,0.02,0.00,2.25,93.32,0.00
229,0.00,0.00,0.00,0.00,0.00,0.00,0.00,0.00,0.00,0.00,0.00,0.06,0.00,0.01,0.00,0.00,10.47,89.46,0.00
230,0.00,0.00,0.09,0.00,0.00,0.00,0.00,0.00,0.00,0.00,0.00,0.00,0.00,0.00,0.00,0.00,0.00,97.65,2.26
231,0.12,0.00,0.32,0.02,0.00,0.00,0.00,0.06,0.04,0.00,1.05,0.00,0.01,0.47,0.05,0.08,41.96,55.82,0.00
232,0.09,0.11,0.11,0.00,0.00,0.00,0.00,0.00,0.02,0.00,0.00,0.00,0.00,0.15,0.05,0.00,21.14,73.67,4.65
233,0.00,0.00,0.00,0.00,0.00,0.00,0.00,0.00,0.00,0.00,0.00,0.00,0.00,0.00,0.00,0.00,97.37,2.63,0.00
234,0.02,0.00,0.15,0.00,0.00,0.00,0.00,0.00,0.00,0.00,0.00,0.00,0.00,0.00,0.00,0.00,70.60,29.22,0.00
235,0.00,0.00,0.00,0.00,0.00,0.00,0.00,0.00,0.03,0.00,0.00,0.00,0.00,0.00,0.00,0.00,5.99,92.89,1.09
236,0.01,0.00,0.00,0.00,0.00,0.02,0.00,0.00,0.00,0.00,0.00,0.00,0.00,0.01,0.00,0.00,0.21,99.74,0.00
237,0.41,0.01,1.02,0.37,0.16,0.33,0.67,2.64,1.04,0.03,4.83,0.02,0.00,8.24,2.68,2.38,0.51,59.02,15.65
238,0.98,0.00,0.09,0.00,0.00,0.00,0.00,0.00,0.01,0.00,0.00,0.00,0.00,0.22,0.00,0.00,47.10,51.60,0.00
239,0.08,0.00,0.33,0.07,0.03,0.00,0.00,0.01,0.16,0.00,0.34,0.00,0.00,0.05,0.09,0.09,1.01,97.76,0.00
240,0.17,0.00,0.00,0.00,0.00,0.00,0.00,0.00,0.00,0.00,0.00,0.00,0.00,0.00,1.82,0.43,6.20,47.93,43.45
241,0.00,0.00,0.88,0.00,0.06,0.00,0.00,0.00,0.01,0.00,0.00,0.63,0.00,0.09,0.36,0.00,1.35,96.61,0.00
242,0.00,0.00,1.06,0.04,0.00,0.00,0.00,0.00,0.08,0.00,0.00,0.00,0.00,0.00,0.26,0.00,11.59,84.04,2.92
243,0.00,0.10,0.23,0.00,0.00,0.00,0.00,0.00,0.02,0.00,0.00,0.00,0.00,0.09,0.01,0.00,2.48,97.06,0.00
244,0.07,0.00,0.00,0.00,0.00,0.00,0.00,0.00,0.00,0.00,0.00,0.00,0.13,0.00,0.00,0.00,2.45,97.34,0.00
245,0.29,0.00,0.02,0.00,0.00,0.00,0.00,0.00,0.00,0.00,0.00,0.00,0.00,0.04,0.35,0.00,3.90,95.40,0.00
246,1.95,0.00,0.08,0.00,0.00,0.00,0.00,0.00,0.17,0.00,0.00,0.00,0.00,9.50,0.12,1.90,60.45,25.82,0.00
247,0.00,0.00,0.30,0.00,0.00,0.03,0.00,0.00,0.01,0.00,0.00,0.02,0.00,1.78,1.00,0.00,0.00,96.86,0.00
248,0.86,0.00,0.14,0.00,0.00,0.00,0.00,0.00,0.01,0.00,0.00,0.00,0.00,0.00,0.03,0.00,11.73,87.23,0.00
249,0.14,0.00,0.17,0.58,0.16,1.04,0.93,2.51,2.08,0.35,5.77,0.00,0.00,4.78,0.41,2.32,2.25,76.49,0.00
250,0.00,0.00,0.31,1.39,0.03,2.00,1.35,1.35,0.97,2.85,3.78,0.00,0.00,0.02,0.05,0.00,0.01,29.51,56.39
251,0.00,0.00,0.00,0.00,0.00,0.00,0.00,0.00,0.03,0.00,0.00,0.00,0.00,0.00,0.00,0.00,0.46,69.66,29.84
252,0.01,0.00,0.08,0.02,0.01,0.00,0.00,0.00,0.15,0.00,0.00,0.00,0.01,0.46,0.08,0.00,4.15,95.03,0.00
253,0.00,0.04,0.47,0.00,0.00,0.00,0.00,0.00,0.04,0.00,0.00,0.00,0.00,0.00,0.00,0.00,0.00,99.45,0.00
254,0.00,0.00,0.00,0.00,0.04,0.00,0.00,0.00,0.26,0.00,0.00,0.00,0.00,41.39,0.47,0.26,51.91,5.66,0.00
255,0.15,0.00,0.00,0.14,0.00,0.01,0.00,0.00,0.08,0.00,0.00,0.00,0.00,0.01,0.24,0.00,0.00,99.37,0.00
256,0.00,0.00,0.27,0.03,0.00,0.00,0.13,0.08,0.36,0.04,0.22,0.00,0.00,36.46,0.24,0.13,57.14,4.90,0.00
257,0.01,0.00,0.00,0.00,0.00,0.00,0.00,0.00,0.00,0.00,0.00,0.00,0.00,0.04,0.00,0.00,40.37,59.58,0.00
258,0.00,0.00,0.00,0.00,0.00,0.00,0.00,0.00,0.06,0.00,0.00,0.00,0.00,0.00,0.00,0.00,18.73,81.21,0.00
259,0.01,0.00,0.27,0.04,0.00,0.00,0.00,0.00,0.03,0.00,0.00,0.00,0.00,0.01,0.01,0.00,0.35,60.43,38.86
260,0.04,0.00,0.26,0.00,0.00,0.02,0.00,0.00,0.02,0.00,0.00,0.00,0.31,0.00,0.00,0.00,0.01,99.34,0.00
261,1.77,0.03,0.49,0.01,0.00,0.00,0.00,0.03,0.23,0.00,0.16,0.00,0.00,3.02,0.63,11.06,26.42,56.15,0.00
262,2.46,0.11,1.04,0.84,0.47,0.81,0.00,0.93,2.25,1.85,9.32,0.00,0.09,3.50,18.14,2.68,2.39,53.12,0.00
263,0.03,0.00,0.00,0.00,0.00,0.00,0.00,0.00,0.00,0.00,0.00,0.00,0.76,0.00,0.00,0.00,0.00,98.55,0.67
264,0.00,0.00,0.19,0.00,0.00,0.00,0.00,0.00,0.00,0.00,0.00,0.00,0.00,0.00,0.00,0.00,23.29,76.52,0.00
265,0.01,0.00,0.11,0.00,0.00,0.00,0.00,0.00,0.01,0.00,0.00,0.00,0.00,0.00,0.00,0.00,20.23,79.64,0.00
266,0.53,0.09,0.08,0.06,0.06,0.00,0.00,0.19,0.39,0.00,0.08,0.00,0.01,6.14,5.85,1.64,35.67,49.20,0.00
267,0.04,0.00,0.37,0.01,0.00,0.00,0.00,0.00,0.00,0.00,0.00,0.00,0.00,0.22,0.33,0.00,17.83,70.41,10.78
268,0.00,0.03,0.36,0.00,0.00,0.00,0.00,0.00,0.01,0.00,0.00,0.00,0.00,0.00,0.00,0.00,2.27,97.32,0.00
269,0.00,0.00,0.13,0.00,0.00,0.00,0.00,0.00,0.03,0.00,0.00,0.00,0.00,0.00,0.00,0.00,24.13,75.71,0.00
270,0.00,0.00,0.00,0.00,0.00,0.00,0.00,0.00,0.02,0.00,0.00,0.00,0.00,0.00,0.00,0.00,72.33,27.65,0.00
271,0.47,0.00,0.65,0.13,0.03,0.02,0.00,0.71,0.66,0.00,8.01,0.00,0.00,23.89,4.48,2.84,42.16,15.96,0.00
272,0.00,0.00,0.00,0.00,0.00,0.00,0.00,0.00,0.00,0.00,0.00,0.00,0.00,0.00,0.00,0.00,0.00,100.00,0.00
273,NA,NA,NA,NA,NA,NA,NA,NA,NA,NA,NA,NA,NA,NA,NA,NA,NA,NA,NA
274,0.00,0.00,0.00,0.00,0.00,0.00,0.00,0.00,0.00,0.00,0.00,0.00,0.00,0.00,0.00,0.00,0.00,95.95,4.04
275,0.01,0.02,0.39,0.10,0.05,0.00,0.00,0.09,0.14,0.12,0.33,0.01,0.00,2.59,1.18,0.00,0.00,37.20,57.76
276,0.00,0.00,0.58,0.00,0.00,0.00,0.00,0.00,0.03,0.00,0.00,0.00,0.00,0.00,0.00,0.00,0.00,98.37,1.02
277,0.00,0.00,0.34,0.00,0.00,0.00,0.00,0.00,0.00,0.00,0.00,0.00,0.00,0.00,0.00,0.00,0.07,99.59,0.00
278,4.72,0.09,0.04,0.00,0.00,0.00,0.00,0.00,0.13,0.00,0.00,0.00,0.00,23.74,0.26,0.43,56.45,14.14,0.00
279,0.38,0.01,1.22,0.93,0.80,2.69,1.93,2.64,0.96,1.37,0.55,0.00,0.00,0.02,0.02,0.00,5.46,81.01,0.00
280,0.20,0.00,0.47,0.00,0.00,0.00,0.00,0.00,0.08,0.00,0.00,0.00,0.00,30.92,1.72,0.57,63.63,2.42,0.00
281,0.00,0.00,1.59,0.00,0.00,0.00,0.00,0.00,0.04,0.00,0.00,0.00,0.06,0.06,0.00,0.01,0.32,97.92,0.00
282,0.00,0.00,1.42,0.00,0.00,0.01,0.00,0.00,0.13,0.00,0.53,0.00,0.00,0.00,0.00,0.00,0.00,92.68,5.23
283,0.56,0.00,0.73,0.60,0.30,0.05,0.05,1.77,1.18,0.01,3.77,0.01,0.00,1.57,5.50,0.92,7.52,75.46,0.00
284,2.70,0.13,0.41,0.06,0.00,0.01,0.04,0.25,0.20,0.01,0.03,0.00,0.00,39.16,0.38,0.78,49.98,5.85,0.00
285,0.01,0.15,0.02,0.02,0.01,0.00,0.00,0.00,0.04,0.00,0.00,0.00,0.00,0.13,0.00,0.06,72.23,27.34,0.00
286,0.00,0.00,0.00,0.00,0.00,0.00,0.00,0.00,0.00,0.00,0.00,0.00,0.00,0.00,0.00,0.00,0.00,99.09,0.91
287,0.95,0.00,0.53,0.62,0.06,0.22,0.40,1.80,0.29,0.03,4.45,0.00,0.05,7.38,3.72,1.69,23.13,54.68,0.00
288,0.01,0.00,0.00,0.00,0.00,0.00,0.00,0.00,0.06,0.00,0.00,0.00,0.00,0.55,0.00,0.21,7.91,91.26,0.00
289,0.54,0.00,0.78,0.04,0.02,0.00,0.00,0.02,0.22,0.00,0.00,0.00,0.00,37.55,0.88,5.00,43.37,11.60,0.00
290,0.00,0.00,0.00,0.00,0.00,0.00,0.00,0.00,0.00,0.00,0.00,0.00,0.00,0.00,0.00,0.00,0.98,95.03,3.99
291,0.00,0.07,0.85,0.29,0.04,0.07,0.32,0.09,1.01,0.04,0.06,0.00,0.00,10.79,4.18,1.30,9.87,71.03,0.00
292,0.00,0.00,0.00,0.00,0.00,0.00,0.00,0.00,0.01,0.00,0.00,0.00,0.00,0.00,0.04,0.00,0.00,68.86,31.08
293,0.06,0.00,0.32,0.00,0.00,0.00,0.00,0.00,0.02,0.00,0.00,0.00,0.00,0.08,1.81,0.21,9.96,85.23,2.31
294,0.48,0.00,0.27,1.06,0.18,1.39,0.82,2.41,1.17,2.98,0.64,0.00,0.00,11.62,0.80,10.00,38.36,27.82,0.00
295,0.05,0.00,0.08,0.00,0.00,0.00,0.00,0.00,0.18,0.00,0.00,0.00,0.00,0.00,0.00,0.02,3.43,96.23,0.00
296,0.00,0.00,0.06,0.00,0.00,0.00,0.00,0.00,0.00,0.00,0.00,0.00,0.00,0.04,0.00,0.00,3.37,92.62,3.90
297,0.00,0.00,0.00,0.00,0.00,0.01,0.00,0.00,0.00,0.00,0.00,0.00,0.00,0.00,0.00,0.00,0.00,97.22,2.77
298,0.00,0.16,0.17,0.00,0.00,0.00,0.00,0.00,0.11,0.00,0.00,0.00,0.00,0.05,0.34,0.00,0.10,99.07,0.00
299,0.11,0.00,0.35,0.14,0.52,0.18,0.00,0.50,0.50,0.00,0.46,0.00,0.00,38.84,2.69,1.07,7.76,46.88,0.00
300,0.00,0.00,0.00,0.00,0.00,0.00,0.00,0.00,0.25,0.00,0.00,0.00,0.00,20.53,0.38,0.00,38.13,40.71,0.00
301,0.09,0.00,0.84,0.04,0.00,0.00,0.00,0.00,0.05,0.00,0.00,0.00,0.00,0.01,0.02,0.11,0.20,98.65,0.00
302,0.00,0.01,0.00,0.00,0.00,0.00,0.00,0.00,0.03,0.00,0.00,0.00,0.00,0.00,0.00,0.00,5.17,94.79,0.00
303,0.09,0.00,0.19,0.00,0.00,0.00,0.00,0.00,0.06,0.00,0.00,0.02,0.00,1.31,0.12,0.02,0.00,98.18,0.00
304,0.31,0.09,2.57,3.55,0.84,1.61,3.17,1.80,1.57,1.36,6.15,1.64,0.00,9.32,2.89,2.11,6.99,54.02,0.00
305,0.03,0.05,0.06,0.01,0.00,0.01,0.00,0.00,0.04,0.00,0.00,0.00,0.06,0.25,2.46,0.01,0.09,94.14,2.78
306,0.00,0.00,0.00,0.00,0.00,0.00,0.00,0.00,0.00,0.00,0.00,0.00,0.00,0.00,0.00,0.00,0.00,100.00,0.00
307,0.02,0.00,0.06,0.00,0.00,0.00,0.00,0.00,0.04,0.00,0.00,0.00,0.03,11.09,0.65,0.00,74.03,14.08,0.00
308,0.00,0.00,0.05,0.00,0.00,0.00,0.00,0.00,0.20,0.00,0.00,0.00,0.00,2.52,0.00,0.00,95.84,1.38,0.00
309,1.36,0.00,0.78,0.26,0.01,0.00,0.00,0.17,0.16,0.00,0.15,0.00,0.00,50.43,1.04,5.90,28.27,11.47,0.00
310,8.38,0.00,0.00,0.00,0.16,0.00,0.00,0.00,0.00,0.00,0.00,0.00,5.96,0.00,0.00,0.00,0.01,85.49,0.00
311,0.00,0.00,0.51,0.33,0.34,0.11,0.00,0.84,0.77,0.00,1.45,0.00,0.10,3.98,0.01,0.26,50.30,41.00,0.00
312,10.58,3.74,0.43,1.24,0.86,0.75,0.60,4.35,2.40,1.02,4.69,0.10,0.00,17.02,5.65,0.25,2.62,43.68,0.00
313,0.00,0.00,0.42,0.02,0.00,0.00,0.00,0.39,0.19,0.00,4.12,0.00,0.00,0.00,0.00,0.00,3.94,80.61,10.30
314,0.00,0.00,0.14,0.00,0.00,0.01,0.00,0.00,0.02,0.00,0.00,0.00,0.00,0.00,0.00,0.00,0.17,99.65,0.00
315,0.00,0.00,0.12,0.00,0.00,0.00,0.00,0.00,0.00,0.00,0.00,0.00,0.00,0.00,0.00,0.00,0.00,89.43,10.45
316,0.79,0.03,0.00,0.00,0.00,0.00,0.00,0.00,0.00,0.00,0.00,0.00,0.00,0.00,0.01,0.00,16.57,78.51,4.09
317,0.00,0.00,0.00,0.00,0.00,0.00,0.00,0.00,0.00,0.00,0.00,0.00,0.00,0.00,0.00,0.00,10.37,89.63,0.00
318,0.00,0.01,0.27,0.02,0.00,0.00,0.00,0.10,0.11,0.00,0.31,0.00,0.00,0.66,1.32,0.10,0.00,96.81,0.27
319,0.19,0.70,0.19,0.01,0.00,0.00,0.00,0.00,0.09,0.00,0.00,0.00,0.00,0.93,0.00,0.00,0.02,94.44,3.43
320,0.07,0.00,0.00,0.01,0.00,0.00,0.00,0.08,0.02,0.00,0.11,0.00,0.00,0.00,0.22,0.04,1.97,97.47,0.00
321,0.00,0.01,0.00,0.00,0.00,0.00,0.00,0.00,0.00,0.00,0.00,0.00,0.00,0.00,0.00,0.00,7.54,92.44,0.00
322,0.46,0.04,0.20,0.04,0.02,0.01,0.00,0.08,0.22,0.00,0.26,0.00,0.00,49.71,0.58,3.79,40.77,3.85,0.00
323,0.04,0.00,0.06,0.01,0.19,0.00,0.00,0.00,0.13,0.00,0.00,0.00,0.00,0.06,2.27,0.41,2.81,94.02,0.00
324,0.00,0.00,0.02,0.00,0.00,0.00,0.00,0.00,0.01,0.00,0.00,0.00,0.00,0.00,0.00,0.00,8.22,91.75,0.00
325,0.04,0.00,0.00,0.00,0.00,0.00,0.00,0.00,0.01,0.00,0.00,0.00,0.00,0.24,0.01,0.00,56.29,43.41,0.00
326,0.15,0.08,0.41,0.20,0.02,0.04,0.00,0.69,0.42,0.00,0.49,0.00,0.00,4.39,48.95,2.20,2.07,39.89,0.00
327,0.03,0.00,0.31,0.17,0.07,0.00,0.00,0.38,0.06,0.00,1.43,0.00,0.03,0.00,0.00,0.00,2.53,95.00,0.00
328,0.22,0.02,0.34,0.11,0.01,0.00,0.00,0.19,0.29,0.00,0.10,0.00,0.00,1.68,23.03,2.34,1.37,70.30,0.00
329,0.29,0.02,0.06,0.14,1.94,0.02,0.00,0.00,0.38,0.01,0.53,0.00,0.00,0.31,0.05,0.03,0.65,56.72,38.86
330,0.07,0.00,0.40,0.00,0.00,0.00,0.00,0.00,0.07,0.00,0.00,0.00,0.00,1.41,0.00,0.00,0.00,98.05,0.00
331,0.28,0.00,0.21,0.24,0.00,0.20,0.00,0.40,1.15,0.00,0.78,0.00,0.00,0.36,0.41,0.83,4.27,90.86,0.00
332,0.53,0.04,0.41,0.02,0.02,0.00,0.00,0.00,1.00,0.00,0.00,0.00,0.00,0.40,2.57,1.14,0.00,93.59,0.28
333,0.10,0.05,0.25,0.00,0.00,0.00,0.00,0.00,0.02,0.00,0.00,0.00,0.00,0.54,0.00,0.05,88.26,10.72,0.00
334,0.03,0.00,0.09,0.00,0.00,0.00,0.00,0.00,0.00,0.00,0.00,0.00,0.01,0.04,0.06,0.05,14.68,85.03,0.00
335,0.23,1.68,0.22,0.01,0.02,0.00,0.00,0.08,0.12,0.00,1.07,0.00,1.64,0.05,0.12,0.00,0.00,94.77,0.00
336,0.00,0.00,0.05,0.00,0.00,0.00,0.00,0.00,0.00,0.00,0.00,0.00,0.00,0.00,0.00,0.00,0.00,99.95,0.00
337,2.16,0.00,1.88,1.72,0.73,1.78,0.00,4.72,1.40,24.69,10.04,0.03,0.02,0.94,0.00,0.00,2.36,47.54,0.00
338,0.00,0.00,0.21,0.00,0.00,0.00,0.00,0.00,0.00,0.00,0.00,0.00,0.00,0.00,0.00,0.01,0.57,99.20,0.00
339,0.00,0.00,0.00,0.00,0.00,0.00,0.00,0.00,0.00,0.00,0.00,0.00,0.00,0.00,0.00,0.00,47.51,52.49,0.00
340,0.18,0.01,0.54,0.02,0.01,0.00,0.00,0.07,0.45,0.00,0.14,0.00,0.00,2.89,0.20,0.11,10.76,84.62,0.00
341,0.25,0.00,0.13,0.02,0.06,0.00,0.00,0.00,0.21,0.00,0.00,0.00,2.21,0.00,0.00,0.00,0.00,68.43,28.70
342,2.24,0.00,0.57,0.11,0.04,0.09,0.00,0.41,0.34,0.00,0.89,0.08,0.00,1.79,0.02,6.22,49.03,38.17,0.00
343,0.08,0.00,0.24,0.01,0.00,0.00,0.00,0.01,0.14,0.00,0.05,0.00,0.00,2.54,1.78,2.26,36.53,56.37,0.00
344,0.73,4.28,0.14,0.99,0.00,0.14,0.00,1.93,0.82,0.00,5.73,0.00,0.00,31.04,3.92,0.16,5.59,44.54,0.00
345,0.25,0.14,0.65,0.17,0.02,0.02,0.00,0.54,0.28,0.00,0.50,0.00,0.00,6.48,25.89,0.89,1.83,62.35,0.00
346,0.02,1.36,0.15,0.01,0.00,0.00,0.00,0.00,0.13,0.00,0.00,0.00,0.00,0.01,0.00,0.00,0.00,98.33,0.00
347,0.01,0.00,0.00,0.00,0.00,0.00,0.00,0.00,0.03,0.00,0.00,0.00,0.00,0.00,0.00,0.00,20.45,79.51,0.00
348,0.00,0.00,0.00,0.00,0.00,0.00,0.00,0.00,0.00,0.00,0.00,0.00,0.00,0.06,0.01,0.09,17.75,82.10,0.00
349,0.11,0.00,0.00,0.00,0.00,0.00,0.00,0.00,0.02,0.00,0.00,0.00,0.00,0.49,0.31,0.00,1.21,61.30,36.55
350,0.05,0.00,0.25,0.00,0.00,0.00,0.00,0.00,0.03,0.00,0.00,0.00,0.00,0.00,0.00,0.00,20.57,79.10,0.00
351,0.00,0.00,0.27,0.02,0.00,0.01,0.00,0.01,0.11,0.00,0.64,0.00,0.00,3.62,7.20,0.34,10.01,69.14,8.63
352,0.16,0.05,0.68,1.29,0.54,0.68,0.55,1.21,1.56,2.37,2.52,0.00,0.00,0.70,8.75,12.22,11.86,54.86,0.00
353,0.02,0.00,0.00,0.00,0.00,0.00,0.00,0.00,0.16,0.00,0.00,0.00,0.17,0.06,2.32,0.24,1.14,95.90,0.00
354,0.01,0.00,0.00,0.00,0.00,0.00,0.00,0.00,0.00,0.00,0.00,0.00,0.00,0.14,0.00,0.00,33.80,63.84,2.22
355,0.15,0.02,0.92,0.20,0.02,2.64,1.30,0.28,1.87,0.08,0.27,0.00,0.00,5.06,0.13,0.01,75.39,11.66,0.00
356,0.00,0.00,0.00,0.01,0.00,0.00,0.00,0.00,0.01,0.00,0.00,0.00,0.00,0.00,0.04,0.00,1.17,98.56,0.21
357,0.32,0.01,0.39,0.37,0.06,0.09,0.14,0.61,1.40,0.00,1.23,0.00,0.16,0.01,0.03,0.65,32.06,62.48,0.00
358,1.96,0.02,0.21,0.10,0.03,0.10,0.00,0.06,0.53,0.89,0.10,0.00,0.00,3.78,6.60,4.35,43.99,37.27,0.00
359,0.00,0.00,0.05,0.00,0.00,0.00,0.00,0.00,0.19,0.00,0.00,0.00,0.00,0.11,0.01,0.01,54.88,44.75,0.00
360,0.06,0.07,0.04,0.01,0.00,0.00,0.00,0.03,0.04,0.00,0.00,0.00,0.00,0.23,8.04,0.76,26.14,63.06,1.53
361,1.22,0.10,0.00,0.00,0.00,0.00,0.00,0.00,0.00,0.00,0.00,0.00,0.02,0.00,0.16,0.00,0.05,84.35,14.10
362,0.00,0.00,0.00,0.00,0.00,0.02,0.00,0.00,0.00,0.00,0.00,0.00,0.00,0.00,0.00,0.00,0.00,73.47,26.51
363,1.60,0.04,0.11,0.13,0.56,0.63,0.18,0.84,0.22,1.47,0.04,0.01,0.00,0.03,0.02,0.12,25.98,68.01,0.00
364,0.06,0.00,0.12,0.00,0.00,0.00,0.00,0.00,0.00,0.00,0.00,0.00,0.00,0.00,0.00,0.00,0.00,90.77,9.05
365,0.01,0.00,0.00,0.00,0.00,0.00,0.00,0.00,0.00,0.00,0.00,0.00,0.00,0.00,0.00,0.00,37.80,62.19,0.00
366,0.34,0.00,0.01,0.00,0.00,0.00,0.00,0.00,0.20,0.00,0.00,0.00,0.00,2.15,0.02,0.03,36.58,60.68,0.00
367,0.00,0.00,0.00,0.00,0.00,0.00,0.00,0.00,0.01,0.00,0.00,0.00,0.00,0.33,0.00,0.00,9.96,89.69,0.00
368,0.03,0.00,0.30,0.01,0.06,0.04,0.00,0.01,0.46,0.00,0.78,0.00,2.94,0.63,0.22,1.89,10.56,82.05,0.00
369,0.10,0.28,0.32,0.01,0.01,0.00,0.00,0.00,0.19,0.00,0.00,0.00,0.00,9.73,31.63,0.52,5.95,51.26,0.00
370,5.11,2.16,0.22,0.04,0.00,0.08,0.00,0.12,0.17,0.00,0.05,0.00,0.01,43.76,0.79,1.04,21.04,25.42,0.00
371,0.00,0.00,0.00,0.00,0.03,0.00,0.00,0.00,0.04,0.00,0.00,0.00,0.00,0.00,0.00,0.00,0.11,99.82,0.00
372,0.66,0.00,0.12,0.05,0.00,0.01,0.00,0.26,0.36,0.00,0.51,0.00,0.00,3.94,1.67,0.57,28.06,63.80,0.00
373,0.01,0.04,0.01,0.00,0.00,0.00,0.00,0.00,0.03,0.00,0.00,0.00,0.00,0.40,0.03,0.19,93.04,6.25,0.00
374,0.15,0.00,0.15,0.02,0.00,0.00,0.00,0.08,0.11,0.00,1.11,0.00,0.00,0.00,0.06,0.00,0.01,98.30,0.00
375,2.50,0.15,0.35,0.11,0.00,0.06,0.00,0.31,0.21,0.00,0.89,0.01,0.00,33.08,0.63,2.17,54.64,4.91,0.00
376,0.01,0.00,0.08,0.00,0.00,0.00,0.00,0.00,0.00,0.00,0.00,0.00,0.00,0.10,1.70,0.25,6.05,91.81,0.00
377,0.32,0.00,0.26,0.13,0.01,0.01,0.00,0.12,0.44,0.00,0.27,0.00,0.00,54.12,1.15,10.22,26.98,5.96,0.00
378,0.00,0.00,0.32,0.00,0.00,0.00,0.00,0.00,0.13,0.00,0.00,0.00,0.01,0.07,0.01,0.00,0.80,97.41,1.24
379,0.00,0.00,0.00,0.02,0.00,0.00,0.00,0.00,0.02,0.00,0.00,0.00,0.00,0.00,0.00,0.00,0.31,3.91,95.74
380,2.44,0.10,0.18,0.02,0.00,0.10,0.00,0.06,0.34,0.00,0.01,0.00,0.00,39.34,1.81,1.70,45.59,8.32,0.00
381,1.35,0.00,0.18,0.02,0.03,0.00,0.00,0.08,0.19,0.00,0.24,0.00,0.11,6.04,0.05,0.11,79.05,12.55,0.00
382,0.07,0.00,0.00,0.00,0.00,0.00,0.00,0.00,0.00,0.00,0.00,0.00,0.00,0.00,0.00,0.00,0.00,99.90,0.03
383,0.00,0.00,0.35,0.00,0.00,0.00,0.00,0.00,0.14,0.00,0.00,0.00,0.00,10.07,1.99,0.00,81.05,6.39,0.00
384,0.00,0.00,0.04,0.00,0.00,0.00,0.00,0.00,0.01,0.00,0.00,0.00,0.00,0.00,0.00,0.00,0.00,99.95,0.00
385,0.03,0.04,0.15,0.00,0.00,0.00,0.00,0.00,0.02,0.00,0.00,0.00,0.00,0.05,1.23,0.64,22.38,58.08,17.39
386,0.01,0.00,0.09,0.01,0.07,0.00,0.00,0.00,0.32,0.00,0.00,0.00,0.00,4.38,0.04,0.00,10.10,84.99,0.00
387,0.26,0.14,0.37,0.31,0.06,0.00,0.03,0.28,0.37,0.01,0.22,0.00,0.00,50.69,0.62,0.06,2.50,44.07,0.00
388,0.00,0.00,0.01,0.01,0.00,0.00,0.00,0.00,0.02,0.00,0.00,0.00,0.00,0.00,0.00,0.01,0.03,99.92,0.00
389,0.11,0.00,1.88,0.01,0.00,0.00,0.00,0.00,0.06,0.00,0.00,0.00,0.00,0.00,0.01,0.48,9.87,69.52,18.05
390,0.01,0.00,0.00,0.00,0.00,0.00,0.00,0.00,0.00,0.00,0.00,0.00,0.00,0.00,0.00,0.00,0.59,99.41,0.00
391,0.00,0.00,0.18,0.12,0.00,0.01,0.00,0.18,0.35,0.00,0.35,0.00,0.40,4.19,0.00,0.04,89.02,5.17,0.00
392,0.00,0.00,0.00,0.00,0.00,0.00,0.00,0.00,0.00,0.00,0.00,0.00,0.00,0.00,0.00,0.00,0.00,94.58,5.42
393,0.00,0.00,0.00,0.00,0.00,0.00,0.00,0.00,0.00,0.00,0.00,0.00,0.00,0.00,0.00,0.00,0.69,99.31,0.00
394,0.01,0.00,0.76,0.04,0.00,0.00,0.00,0.00,0.20,0.00,0.00,0.00,0.01,0.00,0.05,0.00,0.17,33.78,64.98
