uniqid_huc10,RIP_NWALT02_11_huc10,RIP_NWALT02_12_huc10,RIP_NWALT02_21_huc10,RIP_NWALT02_22_huc10,RIP_NWALT02_23_huc10,RIP_NWALT02_24_huc10,RIP_NWALT02_25_huc10,RIP_NWALT02_26_huc10,RIP_NWALT02_27_huc10,RIP_NWALT02_31_huc10,RIP_NWALT02_32_huc10,RIP_NWALT02_33_huc10,RIP_NWALT02_41_huc10,RIP_NWALT02_43_huc10,RIP_NWALT02_44_huc10,RIP_NWALT02_45_huc10,RIP_NWALT02_46_huc10,RIP_NWALT02_50_huc10,RIP_NWALT02_60_huc10
1,0.48,0.00,17.44,18.45,32.16,3.56,23.06,0.06,1.62,3.18,0.00,0.00,0.00,0.00,0.00,0.00,0.00,0.00,0.00
2,0.00,0.00,0.00,0.00,0.16,0.00,0.00,0.00,0.06,0.00,0.00,0.00,0.00,0.00,0.00,0.00,0.39,99.39,0.00
3,NA,NA,NA,NA,NA,NA,NA,NA,NA,NA,NA,NA,NA,NA,NA,NA,NA,NA,NA
4,0.00,0.00,0.13,0.00,0.00,0.00,0.00,0.00,0.02,0.00,0.00,0.00,0.00,0.00,0.00,0.00,0.02,92.90,6.92
5,0.01,0.00,0.10,0.00,0.00,0.00,0.00,0.00,0.15,0.00,0.00,0.00,0.00,48.35,14.75,0.01,29.92,6.71,0.00
6,0.01,0.00,0.08,0.00,0.00,0.00,0.00,0.02,0.02,0.00,0.54,0.00,0.00,0.03,0.01,0.00,2.95,96.34,0.00
7,0.00,0.00,0.10,0.00,0.10,0.00,0.00,0.00,0.07,0.00,0.00,0.00,0.00,20.69,0.27,0.39,64.40,13.98,0.00
8,0.00,0.00,0.00,0.00,0.00,0.00,0.00,0.00,0.00,0.00,0.00,0.00,0.00,0.00,0.00,0.00,97.98,2.02,0.00
9,0.00,0.00,0.00,0.00,0.00,0.00,0.00,0.00,0.00,0.00,0.00,0.00,0.00,0.00,0.01,0.00,1.96,98.03,0.00
10,0.02,0.00,0.00,0.00,0.00,0.00,0.00,0.00,0.00,0.00,0.00,0.00,0.00,0.00,0.00,0.00,2.87,97.11,0.00
11,0.00,0.00,0.00,0.00,0.00,0.00,0.00,0.00,0.00,0.00,0.00,0.00,0.00,0.00,0.00,0.00,24.50,75.50,0.00
12,0.00,0.00,0.19,0.00,0.00,0.00,0.00,0.00,0.02,0.00,0.00,0.00,0.18,0.00,0.00,0.00,0.22,91.30,8.09
13,0.28,0.29,0.98,0.91,0.04,0.20,0.05,3.81,1.06,8.87,5.55,0.47,0.18,1.03,0.27,0.03,0.95,75.01,0.00
14,0.01,0.00,0.24,0.00,0.04,0.00,0.00,0.00,0.31,0.00,0.00,0.00,0.00,0.99,0.00,0.00,0.00,62.06,36.34
15,0.01,0.00,0.18,0.01,0.00,0.00,0.00,0.03,0.01,0.00,2.73,0.00,0.00,0.00,0.00,0.00,1.49,95.55,0.00
16,2.02,0.05,0.50,0.29,0.84,0.02,0.52,1.33,0.42,0.01,0.75,0.15,0.00,46.28,11.56,4.80,16.61,13.86,0.00
17,0.31,0.00,0.09,0.00,0.00,0.00,0.00,0.00,0.00,0.00,0.00,0.00,0.00,0.00,0.00,0.02,2.27,14.79,82.53
18,0.42,0.00,0.00,0.00,0.00,0.00,0.00,0.00,0.12,0.00,0.00,0.00,0.00,4.22,0.00,0.00,93.03,2.20,0.00
19,0.03,0.38,0.09,0.00,0.00,0.00,0.00,0.00,0.02,0.00,0.00,0.00,0.00,0.00,0.00,0.00,24.86,74.63,0.00
20,1.09,0.03,0.42,0.38,0.21,0.45,0.00,1.99,1.09,0.00,10.53,0.00,0.07,2.91,24.30,3.04,2.02,51.50,0.00
21,0.55,0.00,0.00,0.00,0.00,0.00,0.00,0.00,0.03,0.00,0.00,0.00,0.00,0.00,0.00,0.00,0.00,99.43,0.00
22,0.00,0.00,0.00,0.00,0.00,0.00,0.00,0.00,0.00,0.00,0.00,0.00,0.00,0.00,0.00,0.00,54.76,45.24,0.00
23,1.44,0.19,1.51,0.34,0.00,0.56,0.79,0.49,0.19,0.00,0.89,0.00,0.04,54.19,3.81,0.75,23.72,11.08,0.00
24,1.00,5.72,0.30,0.11,0.02,0.21,0.00,0.28,1.66,0.00,0.78,0.02,0.00,7.86,1.62,0.07,1.53,76.93,1.90
25,0.17,0.00,0.99,0.04,0.01,0.00,0.00,0.07,0.02,0.00,0.70,0.00,0.09,0.00,0.00,0.00,1.03,96.87,0.00
26,0.04,0.00,0.00,0.00,0.00,0.00,0.00,0.00,0.02,0.00,0.00,0.00,0.00,0.41,0.12,0.04,77.58,21.78,0.00
27,0.00,0.21,0.02,0.00,0.00,0.01,0.00,0.00,0.01,0.00,0.00,0.00,0.00,0.00,0.00,0.00,0.09,73.73,25.94
28,0.00,0.00,0.00,0.00,0.00,0.00,0.00,0.00,0.07,0.00,0.00,0.00,0.00,0.05,0.00,0.03,6.02,93.83,0.00
29,0.01,0.00,0.03,0.00,0.00,0.00,0.00,0.00,0.16,0.00,0.00,0.00,0.00,2.35,0.06,0.00,80.05,17.35,0.00
30,2.29,0.00,0.33,0.00,0.10,0.00,0.00,0.00,0.06,0.00,0.00,0.00,0.08,16.24,0.54,3.72,63.81,12.84,0.00
31,0.00,0.00,0.00,0.00,0.00,0.00,0.00,0.00,0.00,0.00,0.00,0.00,0.00,0.00,0.00,0.00,0.00,100.00,0.00
32,0.00,0.00,0.00,0.01,0.00,0.02,0.00,0.00,0.30,0.00,0.01,0.00,0.16,1.04,0.45,0.07,25.03,72.91,0.00
33,0.00,0.00,0.01,0.00,0.00,0.00,0.00,0.01,0.81,0.00,0.14,0.00,0.02,0.44,0.01,0.13,34.03,64.40,0.00
34,0.12,0.00,0.79,0.00,0.00,0.08,0.00,0.00,0.33,0.00,0.00,0.00,0.00,0.00,0.00,0.00,0.00,98.67,0.00
35,0.20,0.98,0.16,0.00,0.00,0.00,0.00,0.00,0.23,0.00,0.00,0.00,0.00,0.46,0.23,2.63,7.40,87.70,0.00
36,0.56,0.01,0.48,0.26,0.00,0.00,0.00,0.48,0.27,0.00,0.34,0.00,0.00,1.79,2.27,0.84,41.65,51.06,0.00
37,0.01,0.00,0.31,0.00,0.00,0.00,0.00,0.00,0.01,0.00,0.00,0.00,0.00,0.10,1.16,1.11,22.64,68.11,6.54
38,4.63,0.00,0.69,0.03,0.06,0.26,0.01,0.26,0.14,0.00,0.54,0.00,0.00,38.21,0.76,7.12,38.74,8.56,0.00
39,1.20,0.00,0.71,0.46,0.04,0.46,0.05,1.10,0.54,0.01,0.90,0.00,0.00,2.45,13.11,4.38,38.31,36.28,0.00
40,0.00,0.00,0.00,0.00,0.00,0.00,0.00,0.00,0.00,0.00,0.00,0.00,0.00,0.00,0.00,0.00,0.00,0.11,99.89
41,0.35,0.00,0.44,0.03,0.46,0.00,0.00,0.00,0.44,0.00,0.48,0.00,0.00,22.27,0.52,10.70,42.97,21.34,0.00
42,0.29,0.00,0.01,0.00,0.00,0.00,0.00,0.00,0.22,0.00,0.00,0.00,0.00,17.56,0.69,3.59,41.66,35.98,0.00
43,0.26,0.30,0.54,0.05,0.07,0.00,0.00,0.00,0.30,0.00,0.04,0.00,0.00,0.01,0.24,0.00,3.43,94.76,0.00
44,0.00,0.00,0.00,0.00,0.00,0.00,0.00,0.00,0.00,0.00,0.00,0.00,0.00,0.00,0.06,0.00,38.67,61.23,0.03
45,0.00,0.00,0.00,0.00,0.00,0.00,0.00,0.00,0.03,0.00,0.00,0.00,0.00,0.03,0.00,0.00,0.07,92.22,7.65
46,3.61,0.36,0.23,0.00,0.01,0.18,0.00,0.00,0.19,0.00,0.03,0.00,0.00,35.35,0.42,0.62,55.67,3.33,0.00
47,3.66,0.01,0.55,1.96,3.77,6.60,2.91,3.75,1.94,12.70,13.09,0.08,0.17,0.69,2.97,10.81,15.39,18.95,0.00
48,0.01,0.00,0.00,0.00,0.00,0.00,0.00,0.03,0.00,0.00,0.62,0.00,0.00,0.05,0.01,0.23,8.40,70.68,19.97
49,0.12,0.01,0.51,0.56,0.03,0.09,0.00,1.27,0.87,0.00,3.85,0.00,0.99,7.26,29.33,2.27,5.43,47.40,0.00
50,0.00,0.00,0.25,0.05,0.37,0.00,0.22,0.68,0.38,0.05,3.47,0.74,0.04,0.15,0.00,0.00,0.05,85.48,8.07
51,0.00,0.22,0.00,0.01,0.05,0.00,0.00,0.00,0.17,0.00,0.00,0.08,0.00,1.36,0.83,0.00,10.02,85.72,1.54
52,0.81,0.27,0.24,0.01,0.00,0.00,0.00,0.00,0.20,0.00,0.02,0.00,0.00,33.70,0.13,3.49,56.19,4.94,0.00
53,0.03,0.00,0.02,0.00,0.00,0.00,0.00,0.00,0.00,0.00,0.00,0.00,0.00,0.01,0.09,0.00,0.72,99.14,0.00
54,0.00,0.00,0.21,0.03,0.00,0.00,0.00,0.00,0.08,0.00,0.00,0.00,0.00,0.43,0.03,1.09,0.69,93.30,4.14
55,0.00,0.00,0.01,0.01,0.00,0.00,0.00,0.00,0.04,0.00,0.00,0.00,0.00,0.14,0.24,1.82,0.27,95.22,2.25
56,0.00,0.00,0.00,0.00,0.00,0.00,0.00,0.00,0.00,0.00,0.00,0.00,0.00,0.12,0.01,0.00,29.49,70.38,0.00
57,0.01,0.02,0.08,0.02,0.00,0.00,0.00,0.00,0.26,0.00,0.00,0.00,0.03,0.10,2.04,0.22,4.98,92.22,0.00
58,0.36,0.00,0.26,0.00,0.00,0.00,0.00,0.00,0.19,0.00,0.00,0.00,0.00,0.93,0.11,0.18,9.58,88.39,0.00
59,0.00,0.00,0.93,0.01,0.47,0.02,0.00,0.00,0.22,0.00,0.05,0.00,0.36,17.47,0.01,0.38,30.00,50.07,0.00
60,0.00,0.00,0.40,0.05,0.00,0.00,0.00,0.00,0.63,0.00,0.00,0.00,0.00,0.00,0.00,0.00,0.00,89.64,9.28
61,0.05,0.01,0.27,0.01,0.00,0.00,0.00,0.00,0.26,0.00,0.00,0.00,0.00,11.85,11.34,3.35,16.04,56.82,0.00
62,0.03,0.00,0.00,0.00,0.00,0.00,0.00,0.00,0.02,0.00,0.00,0.00,0.00,0.05,0.25,0.00,0.84,98.81,0.00
63,0.00,0.00,0.32,0.05,0.00,0.00,0.00,0.01,0.12,0.00,0.02,0.00,0.00,0.76,0.05,0.00,15.79,82.87,0.00
64,0.00,0.00,0.00,0.00,0.00,0.00,0.00,0.00,0.00,0.00,0.00,0.00,0.00,0.00,0.01,0.00,19.52,80.47,0.00
65,1.53,1.13,0.33,0.02,0.08,0.02,0.00,0.00,0.31,0.00,0.00,0.00,0.00,0.45,29.06,1.65,0.24,65.18,0.00
66,0.00,0.00,0.22,0.06,0.00,0.00,0.00,0.00,0.24,0.00,0.00,0.00,0.00,5.68,29.64,0.90,17.67,45.58,0.00
67,0.01,0.00,0.10,0.00,0.00,0.00,0.00,0.00,0.17,0.00,0.00,0.00,0.00,0.00,0.32,0.01,4.81,92.08,2.49
68,0.00,0.00,0.27,0.00,0.00,0.00,0.00,0.00,0.07,0.00,0.00,0.00,0.00,0.00,0.00,0.05,73.42,26.19,0.00
69,1.67,0.66,0.21,0.01,0.01,0.01,0.00,0.00,0.05,0.00,0.00,0.01,0.00,0.03,0.67,0.00,0.07,76.35,20.26
70,0.01,0.01,0.03,0.00,0.02,0.00,0.00,0.01,0.09,0.00,0.23,0.00,0.14,1.75,0.03,0.22,76.09,21.37,0.00
71,0.00,0.00,0.00,0.00,0.00,0.00,0.00,0.00,0.00,0.00,0.00,0.00,0.00,0.00,0.00,0.00,47.75,52.25,0.00
72,0.00,0.00,0.08,0.00,0.00,0.00,0.00,0.02,0.23,0.00,0.02,0.00,0.01,1.18,0.06,0.00,9.54,88.86,0.00
73,0.01,0.18,0.80,0.44,0.03,0.24,0.64,0.61,0.72,0.10,1.84,0.00,0.07,12.08,31.64,1.33,1.60,47.68,0.00
74,0.04,0.00,0.00,0.00,0.00,0.00,0.00,0.00,0.03,0.00,0.00,0.00,0.00,0.05,0.00,0.00,0.18,70.36,29.33
75,2.49,0.04,0.13,0.00,0.04,0.00,0.00,0.00,0.23,0.00,0.00,0.00,0.05,48.55,0.93,6.06,32.29,9.20,0.00
76,0.12,0.00,0.61,0.08,0.00,0.02,0.00,0.25,0.54,0.01,3.08,0.00,0.00,1.35,18.20,0.29,0.50,72.63,2.32
77,0.06,0.10,1.54,2.22,0.83,0.95,2.60,2.47,2.99,2.26,1.05,0.00,0.11,2.55,1.68,0.26,4.27,73.63,0.44
78,0.58,1.60,0.45,0.00,0.00,0.00,0.00,0.00,0.15,0.00,0.00,0.00,0.00,37.28,1.74,0.21,39.95,18.04,0.00
79,0.00,0.00,0.20,0.02,0.01,0.00,0.00,0.14,0.06,0.00,0.93,0.00,0.02,0.52,0.02,0.00,0.01,91.22,6.86
80,0.00,0.00,0.00,0.00,0.00,0.00,0.00,0.00,0.00,0.00,0.00,0.00,0.00,0.00,0.00,0.00,2.88,97.12,0.00
81,6.63,0.86,0.25,0.02,0.00,0.04,0.00,0.02,0.93,0.00,0.87,0.00,0.00,17.16,6.75,3.09,29.93,33.46,0.00
82,3.61,0.14,0.48,0.41,0.04,0.26,0.94,1.25,0.87,0.49,1.09,0.00,0.01,40.21,4.92,2.56,23.60,19.11,0.00
83,0.00,0.00,0.32,0.00,0.00,0.00,0.00,0.00,0.01,0.00,0.00,0.00,0.00,0.00,0.00,0.00,0.82,98.84,0.00
84,0.89,0.64,1.48,5.69,0.97,5.38,3.56,17.76,2.93,16.69,11.99,0.00,0.00,1.46,1.83,0.34,0.47,27.90,0.00
85,0.00,0.00,0.00,0.00,0.00,0.00,0.00,0.00,0.00,0.00,0.00,0.00,0.00,0.00,0.00,0.00,0.00,4.67,95.33
86,2.95,0.00,0.40,0.00,0.00,0.00,0.00,0.08,0.35,0.00,0.55,0.00,0.00,11.63,0.44,0.05,9.95,73.60,0.00
87,0.47,0.00,0.21,0.00,0.00,0.00,0.00,0.00,0.22,0.00,0.00,0.00,0.00,15.85,0.83,8.08,40.33,34.00,0.00
88,0.57,0.00,0.31,0.02,0.00,0.00,0.00,0.09,0.29,0.00,0.20,0.00,0.00,3.47,0.18,8.23,37.26,49.37,0.00
89,0.35,0.06,0.07,0.04,0.01,0.00,0.00,0.08,0.23,0.00,1.14,0.00,0.00,2.84,0.02,0.01,2.42,91.24,1.50
90,0.00,0.00,0.00,0.00,0.00,0.00,0.00,0.00,0.00,0.00,0.00,0.00,0.00,0.00,0.00,0.00,0.84,99.16,0.00
91,0.00,0.00,0.42,0.00,0.00,0.00,0.00,0.00,0.02,0.00,0.00,0.00,0.04,0.00,0.00,0.00,2.64,66.30,30.58
92,0.00,0.00,0.42,0.00,0.01,0.00,0.00,0.00,0.14,0.00,0.00,0.00,0.03,5.63,0.21,4.18,82.24,7.15,0.00
93,0.76,0.03,0.77,1.82,0.02,1.94,1.53,4.25,3.83,0.21,6.18,0.00,0.01,1.19,3.84,0.63,0.00,51.72,21.27
94,0.16,0.00,0.04,0.00,0.00,0.00,0.00,0.00,0.15,0.00,0.00,0.00,0.04,14.75,0.12,0.10,42.11,42.52,0.00
95,0.00,0.00,0.00,0.00,0.01,0.00,0.00,0.00,0.00,0.00,0.00,0.00,0.00,0.00,0.00,0.00,0.66,99.32,0.00
96,2.43,0.00,0.32,0.06,0.02,0.03,0.00,0.13,0.57,0.00,0.19,0.00,0.08,4.84,7.16,8.96,37.34,37.87,0.00
97,0.01,0.00,0.00,0.00,0.00,0.00,0.00,0.00,0.04,0.00,0.00,0.00,0.00,0.00,0.00,0.00,2.47,97.48,0.00
98,0.17,0.00,0.12,0.00,0.00,0.00,0.00,0.01,0.14,0.00,0.04,0.00,0.00,3.32,0.41,0.04,0.37,95.38,0.00
99,11.15,0.40,0.28,0.01,0.00,0.01,0.00,0.02,0.62,0.00,0.04,0.00,0.00,8.45,16.76,15.11,17.98,29.16,0.00
100,0.01,0.00,0.02,0.00,0.00,0.00,0.00,0.00,0.01,0.00,0.00,0.00,0.07,0.00,0.00,0.00,0.21,38.82,60.87
101,0.44,0.01,0.00,0.00,0.00,0.03,0.00,0.00,0.00,0.00,0.00,0.00,0.00,0.00,0.00,0.00,0.04,92.15,7.33
102,0.54,0.00,1.21,6.80,0.13,6.77,11.83,10.91,3.15,1.66,12.83,0.00,0.00,0.00,0.39,0.00,0.11,43.67,0.00
103,0.02,0.00,0.17,0.00,0.00,0.00,0.00,0.00,0.00,0.00,0.00,0.00,0.00,0.00,0.00,0.00,0.06,99.74,0.00
104,0.02,0.00,0.33,0.15,0.00,0.08,0.00,0.09,0.74,0.00,1.83,0.00,0.00,0.89,0.07,0.18,0.03,95.16,0.45
105,0.09,0.00,0.46,0.00,0.00,0.00,0.00,0.04,0.04,0.00,0.00,0.00,0.00,0.00,0.00,0.04,0.60,98.72,0.00
106,0.18,0.00,0.18,0.01,0.00,0.00,0.00,0.08,0.12,0.00,0.20,0.00,0.02,12.90,0.04,0.05,18.41,67.81,0.00
107,0.03,0.00,0.02,0.00,0.00,0.00,0.00,0.00,0.02,0.00,0.00,0.00,0.00,0.05,0.00,0.00,15.23,84.65,0.00
108,0.00,0.00,0.15,0.00,0.00,0.00,0.00,0.00,0.00,0.00,0.00,0.00,0.00,0.00,0.00,0.00,0.13,75.05,24.67
109,0.01,0.03,0.03,0.00,0.00,0.00,0.00,0.00,0.00,0.00,0.00,0.00,0.00,0.01,0.03,0.00,0.66,99.22,0.00
110,0.00,0.00,0.67,0.00,0.00,0.00,0.00,0.00,0.02,0.00,0.00,0.00,0.00,0.00,0.00,0.00,95.28,4.04,0.00
111,0.00,0.00,0.05,0.00,0.00,0.00,0.00,0.00,0.34,0.00,0.00,0.00,2.90,0.17,0.14,0.23,33.30,62.86,0.00
112,0.01,0.00,1.41,0.10,0.00,0.10,0.08,0.71,0.27,0.07,10.60,0.00,0.00,0.35,1.39,0.53,3.15,80.82,0.42
113,0.03,0.05,0.55,0.05,0.00,0.00,0.00,0.24,0.04,0.00,1.15,0.00,0.00,0.16,1.06,0.02,17.85,78.80,0.00
114,0.00,0.00,0.29,0.00,0.00,0.00,0.00,0.00,0.02,0.00,0.00,0.00,0.00,0.42,0.04,0.00,3.85,93.74,1.64
115,0.11,0.00,0.34,0.02,0.00,0.00,0.00,0.15,0.15,0.00,0.17,0.00,0.00,0.33,0.00,0.09,0.19,98.20,0.25
116,0.07,0.00,0.02,0.00,0.11,0.00,0.00,0.00,0.02,0.00,0.00,0.00,0.00,2.27,0.18,0.06,7.98,89.28,0.00
117,1.17,0.00,0.14,0.05,0.11,0.23,0.00,0.40,0.30,0.00,4.97,0.00,0.00,0.85,13.63,7.38,17.20,53.58,0.00
118,0.17,0.00,0.01,0.03,0.00,0.00,0.00,0.00,0.02,0.00,0.00,0.00,0.01,0.00,0.06,0.00,15.06,84.63,0.00
119,1.31,0.00,0.03,0.00,0.00,0.00,0.00,0.00,0.00,0.00,0.00,0.00,0.03,0.07,0.00,0.00,11.80,86.76,0.00
120,1.52,1.91,0.00,0.08,0.00,0.00,0.00,0.00,0.09,0.00,0.00,0.00,0.00,0.00,0.65,1.28,29.13,65.34,0.00
121,0.04,0.00,0.10,0.00,0.00,0.00,0.00,0.00,0.12,0.00,0.00,0.00,0.00,0.08,1.76,1.14,30.71,66.07,0.00
122,0.00,0.00,0.01,0.00,0.00,0.00,0.00,0.00,0.01,0.00,0.00,0.00,0.00,0.00,0.00,0.00,0.00,83.81,16.17
123,0.00,0.00,0.00,0.01,0.00,0.00,0.00,0.00,0.00,0.00,0.00,0.00,0.00,0.00,0.02,0.00,5.03,94.84,0.10
124,0.17,0.00,0.19,0.00,0.02,0.00,0.00,0.00,0.26,0.00,0.13,0.00,0.00,4.80,0.86,0.03,16.45,77.08,0.00
125,0.00,0.00,0.00,0.00,0.00,0.00,0.00,0.00,0.06,0.00,0.00,0.00,0.00,0.00,0.00,0.00,0.00,99.94,0.00
126,0.02,0.00,0.96,0.03,0.05,0.02,0.00,0.00,0.13,0.00,0.00,0.00,0.02,0.05,0.00,1.54,18.63,78.56,0.00
127,0.05,0.01,0.00,0.00,0.02,0.01,0.00,0.00,0.14,0.00,0.00,0.00,0.00,5.67,0.04,0.34,49.52,44.20,0.00
128,0.34,0.05,0.44,0.22,0.01,0.36,0.18,1.66,0.63,0.02,2.70,0.00,0.00,0.11,0.01,0.08,0.00,85.48,7.70
129,0.04,0.00,0.00,0.00,0.00,0.00,0.00,0.00,0.03,0.00,0.00,0.00,0.00,0.30,0.00,0.00,7.72,91.91,0.00
130,0.02,0.00,0.06,0.00,0.23,0.00,0.00,0.00,0.02,0.00,0.00,0.00,0.00,0.00,0.00,0.00,0.12,99.54,0.00
131,0.05,0.00,0.07,0.00,0.00,0.00,0.00,0.00,0.02,0.00,0.00,0.00,0.00,0.00,0.01,0.00,9.28,90.56,0.00
132,0.00,0.00,0.70,0.04,0.00,0.00,0.00,0.00,0.08,0.00,0.00,0.00,0.03,0.46,0.02,0.00,17.08,81.59,0.00
133,0.00,0.00,0.00,0.00,0.00,0.00,0.00,0.00,0.19,0.00,0.00,0.00,0.00,0.00,0.00,0.00,57.08,42.73,0.00
134,0.95,0.00,0.10,0.00,0.00,0.00,0.00,0.00,0.15,0.00,0.00,0.00,0.00,87.55,0.00,2.59,6.08,2.59,0.00
135,0.09,0.00,0.92,0.03,0.15,0.00,0.00,0.02,0.04,0.00,0.23,0.05,0.09,0.00,0.00,0.00,13.88,84.50,0.00
136,0.77,0.01,0.79,0.05,0.00,0.05,0.00,0.15,0.24,0.00,0.43,0.00,0.00,27.42,4.80,6.18,50.22,8.86,0.00
137,0.66,0.00,0.45,0.03,0.00,0.03,0.00,0.05,0.30,0.00,0.51,0.00,0.00,3.51,0.52,5.39,42.15,46.41,0.00
138,0.04,0.00,0.00,0.00,0.00,0.00,0.00,0.00,0.04,0.00,0.00,0.00,0.00,0.00,0.01,0.00,2.34,97.57,0.00
139,0.01,0.00,0.97,0.01,0.01,0.00,0.00,0.00,0.03,0.00,0.00,0.00,0.00,0.07,0.00,0.00,14.52,84.38,0.00
140,0.16,0.01,0.55,0.15,0.06,0.00,0.00,0.21,0.20,0.00,0.62,0.00,6.70,0.00,0.00,0.00,0.00,91.33,0.00
141,0.96,0.12,0.17,0.11,0.04,0.01,0.05,0.04,0.14,0.01,0.16,0.00,0.00,9.45,10.13,0.71,0.03,77.88,0.00
142,0.00,0.00,0.21,0.03,0.00,0.16,0.45,0.11,0.05,0.04,0.00,0.00,0.00,0.00,0.00,0.00,0.00,82.37,16.58
143,1.56,0.00,0.08,0.00,0.00,0.00,0.00,0.00,0.00,0.00,0.00,0.00,0.00,0.00,0.00,0.00,37.36,61.00,0.00
144,0.14,0.00,0.00,0.01,0.00,0.00,0.00,0.00,0.00,0.00,0.00,0.00,0.00,0.00,0.01,0.00,9.26,85.31,5.26
145,1.66,0.00,0.33,0.73,0.21,0.00,0.55,0.87,0.06,0.08,4.58,0.00,0.00,0.28,0.05,0.00,0.43,90.17,0.00
146,0.00,0.00,0.00,0.00,0.00,0.00,0.00,0.00,0.00,0.00,0.00,0.00,0.00,0.98,0.00,0.00,97.66,1.36,0.00
147,0.02,0.00,0.04,0.00,0.00,0.00,0.00,0.00,0.24,0.00,0.00,0.00,0.00,0.17,1.72,0.59,0.00,88.09,9.13
148,0.03,0.00,0.21,0.00,0.01,0.00,0.00,0.00,0.03,0.00,0.00,0.00,0.54,0.01,0.28,0.00,8.74,90.16,0.00
149,0.11,0.00,0.35,0.16,0.00,0.11,0.00,0.58,0.46,0.00,1.91,0.00,0.00,4.94,0.15,0.00,0.04,80.70,10.47
150,0.24,0.00,0.24,0.12,0.18,0.07,0.01,0.42,0.25,0.00,1.09,0.00,0.01,40.91,0.64,0.86,28.15,26.81,0.00
151,3.07,0.00,1.27,0.78,0.25,1.44,0.41,1.48,0.93,5.82,4.95,0.41,0.19,14.50,8.99,6.26,29.59,19.66,0.00
152,0.07,0.00,0.00,0.00,0.00,0.00,0.00,0.00,0.00,0.00,0.00,0.00,0.00,0.30,0.00,0.03,71.15,28.45,0.00
153,0.08,0.01,0.39,0.00,0.00,0.00,0.00,0.00,0.15,0.00,0.00,0.00,0.00,0.00,10.17,1.11,6.28,81.81,0.00
154,0.95,0.01,0.24,0.01,0.01,0.00,0.00,0.00,0.30,0.00,0.00,0.00,0.01,16.63,33.97,3.82,12.60,31.45,0.00
155,1.49,0.08,0.23,0.04,0.00,0.01,0.00,0.08,0.23,0.00,0.07,0.01,0.00,59.84,0.10,0.56,33.58,3.68,0.00
156,0.37,0.43,0.17,0.01,0.00,0.00,0.00,0.06,0.15,0.00,0.04,0.00,0.07,6.89,35.66,0.99,1.12,54.04,0.00
157,0.11,0.02,0.36,0.01,0.03,0.00,0.00,0.02,0.27,0.00,0.03,0.00,0.00,0.26,0.31,0.22,0.46,53.12,44.77
158,2.01,0.29,0.56,0.68,0.09,0.01,0.20,1.63,0.59,0.04,5.53,0.00,0.04,5.09,1.73,0.04,9.97,61.44,10.05
159,0.46,0.00,0.80,0.04,0.01,0.14,0.00,0.05,0.18,0.00,0.22,0.00,0.00,0.43,0.09,0.34,0.72,96.52,0.00
160,0.00,0.00,0.97,0.24,0.40,0.01,0.00,0.23,0.08,0.00,5.75,0.15,0.00,0.00,0.00,0.00,2.16,90.01,0.00
161,0.30,0.00,0.05,0.00,0.00,0.00,0.00,0.00,0.04,0.00,0.00,0.00,0.00,1.21,0.85,2.48,23.42,71.66,0.00
162,0.12,0.08,0.21,0.00,0.02,0.00,0.00,0.00,0.17,0.00,0.00,0.00,0.00,7.81,0.18,0.18,55.91,35.32,0.00
163,0.51,1.80,0.43,0.19,0.00,0.00,0.00,0.22,0.13,0.00,0.38,0.00,0.00,50.34,0.28,1.93,37.06,6.74,0.00
164,0.07,0.00,0.28,0.01,0.00,0.00,0.00,0.05,0.05,0.00,0.26,0.00,0.00,0.22,5.35,0.90,10.82,82.00,0.00
165,0.06,0.82,0.39,0.08,0.02,0.00,0.00,0.21,0.31,0.02,0.07,0.00,0.00,10.74,39.29,1.12,2.54,44.32,0.00
166,0.00,0.00,0.12,0.00,0.00,0.00,0.00,0.00,0.00,0.00,0.00,0.00,0.00,0.00,0.00,0.00,66.59,33.29,0.00
167,0.11,0.00,0.00,0.00,0.00,0.00,0.00,0.00,0.00,0.00,0.00,0.00,0.00,0.00,0.00,0.00,0.00,17.11,82.79
168,0.07,0.13,5.36,9.34,5.66,8.00,10.69,7.80,1.78,4.95,7.41,0.01,0.01,0.00,0.03,0.00,0.34,38.42,0.00
169,3.55,0.00,0.70,0.10,0.04,0.00,0.00,0.24,0.19,0.00,0.86,0.00,0.00,20.05,0.40,11.60,47.26,15.01,0.00
170,0.44,0.07,2.42,4.22,0.43,6.39,4.66,5.43,2.91,2.68,2.09,0.00,0.09,0.29,0.29,0.15,0.12,61.91,5.42
171,0.67,0.03,0.05,0.01,0.00,0.02,0.00,0.00,0.18,0.00,0.02,0.08,0.00,3.38,0.44,5.22,27.47,62.43,0.00
172,0.07,0.01,0.26,0.02,0.00,0.17,0.00,0.17,0.03,0.00,0.46,0.00,0.00,0.02,0.04,0.00,0.10,90.35,8.30
173,0.30,0.00,7.93,2.24,1.57,1.74,4.32,2.02,1.03,1.32,0.25,0.06,0.00,6.69,0.23,0.06,4.66,65.58,0.00
174,0.05,0.00,0.02,0.00,0.04,0.00,0.00,0.00,0.03,0.00,0.00,0.00,0.07,2.40,0.00,0.96,53.37,43.05,0.00
175,0.00,0.00,0.02,0.00,0.00,0.00,0.00,0.00,0.00,0.00,0.00,0.00,0.00,0.00,0.00,0.00,0.00,1.12,98.87
176,0.00,0.00,0.05,0.00,0.00,0.01,0.00,0.01,0.12,0.00,0.00,0.00,0.00,7.99,0.16,0.00,0.38,88.12,3.16
177,0.01,0.67,0.32,0.01,0.00,0.00,0.00,0.00,0.01,0.00,0.00,0.00,0.00,0.00,0.01,0.00,14.26,84.72,0.00
178,0.00,0.00,0.00,0.01,0.00,0.00,0.00,0.00,0.01,0.00,0.00,0.00,0.00,0.00,0.16,0.01,36.73,63.08,0.00
179,0.02,0.00,0.64,0.00,0.00,0.00,0.00,0.00,0.11,0.00,0.00,0.00,0.00,8.52,0.14,0.01,4.81,85.74,0.00
180,0.00,0.00,0.37,0.00,0.00,0.00,0.00,0.00,0.16,0.00,0.00,0.00,0.00,11.96,1.59,1.38,13.61,70.92,0.00
181,0.00,0.00,0.53,0.15,0.00,0.00,0.00,0.14,0.14,0.00,0.26,0.00,0.00,0.00,0.00,0.00,2.18,96.61,0.00
182,0.06,0.00,0.00,0.00,0.00,0.00,0.00,0.00,0.01,0.00,0.00,0.00,0.00,0.00,0.00,0.00,88.85,11.08,0.00
183,0.43,0.00,0.42,0.03,0.01,0.01,0.00,0.01,0.25,0.00,0.01,0.00,0.00,2.97,0.55,0.03,8.38,86.89,0.00
184,0.01,0.00,0.93,1.02,0.06,0.08,0.00,6.25,0.88,0.00,27.82,0.03,0.00,0.00,0.00,0.00,0.71,31.58,30.63
185,0.05,0.00,0.00,0.00,0.00,0.00,0.00,0.00,0.04,0.00,0.00,0.00,0.00,0.00,0.00,0.01,0.32,99.58,0.00
186,0.01,0.00,0.17,0.00,0.00,0.00,0.00,0.00,0.00,0.00,0.00,0.00,0.00,0.00,0.00,0.00,0.35,51.32,48.15
187,2.62,0.01,1.33,4.32,0.98,1.31,2.43,2.45,1.34,6.14,6.80,0.00,0.02,15.99,20.32,4.87,12.05,17.02,0.00
188,0.45,0.16,0.25,0.01,0.00,0.00,0.00,0.04,0.14,0.00,0.05,0.00,0.00,30.72,1.44,0.35,63.16,3.24,0.00
189,0.03,0.00,0.11,0.00,0.00,0.00,0.00,0.00,0.01,0.00,0.00,0.00,0.02,0.01,0.04,0.00,6.45,93.33,0.00
190,0.13,0.00,0.00,0.00,0.00,0.00,0.00,0.00,0.05,0.00,0.00,0.00,0.00,2.24,0.04,0.61,26.55,70.38,0.00
191,0.04,0.12,0.06,0.01,0.00,0.00,0.00,0.00,0.24,0.00,0.00,0.00,0.00,4.05,13.40,0.08,0.86,81.16,0.00
192,0.00,0.00,0.46,0.00,0.00,0.00,0.00,0.00,0.01,0.00,0.00,0.00,0.00,0.29,0.00,0.00,0.09,99.15,0.00
193,0.03,0.00,0.19,0.00,0.00,0.00,0.00,0.00,0.04,0.00,0.00,0.00,0.00,0.03,0.54,0.41,10.55,80.11,8.11
194,0.06,0.00,0.24,0.44,0.11,0.19,0.85,2.11,0.72,0.00,3.59,0.00,0.00,0.00,1.63,0.01,9.08,80.97,0.00
195,4.68,41.33,0.10,0.01,0.00,0.03,0.00,0.76,0.20,0.00,0.21,0.00,0.00,4.53,20.71,0.52,0.41,26.51,0.00
196,0.32,0.00,0.31,0.08,0.01,0.01,0.00,0.27,0.30,0.01,1.13,0.00,0.34,0.26,0.38,0.07,1.33,95.14,0.03
197,0.00,0.00,0.00,0.00,0.00,0.00,0.00,0.00,0.01,0.00,0.00,0.00,0.00,0.01,0.00,0.00,6.51,93.47,0.00
198,0.01,0.00,0.35,0.00,0.00,0.00,0.00,0.00,0.03,0.00,0.00,0.00,0.05,0.01,0.01,0.00,16.38,83.15,0.00
199,0.77,0.00,0.00,0.01,0.00,0.00,0.00,0.00,0.04,0.00,0.00,0.00,0.19,0.00,0.00,0.03,6.44,31.40,61.12
200,0.19,0.00,0.29,0.00,0.00,0.00,0.00,0.00,0.01,0.00,0.00,0.00,0.00,0.00,0.00,0.00,90.49,9.02,0.00
201,0.01,0.00,0.00,0.00,0.00,0.00,0.00,0.00,0.03,0.00,0.00,0.00,0.00,0.00,0.00,0.01,41.38,58.57,0.00
202,0.00,0.00,0.00,0.00,0.00,0.00,0.00,0.00,0.10,0.00,0.00,0.00,0.00,0.00,0.00,0.00,0.00,98.51,1.39
203,0.13,0.14,0.14,0.01,0.02,0.00,0.00,0.01,0.35,0.00,0.09,0.00,0.00,2.44,0.29,0.01,0.09,96.28,0.00
204,0.17,0.03,0.14,0.00,0.07,0.00,0.00,0.00,0.12,0.00,0.02,0.00,0.01,5.89,0.13,2.01,59.79,31.63,0.00
205,0.19,0.00,1.80,0.14,0.01,0.00,0.00,0.00,0.05,0.00,0.00,0.06,0.00,0.00,0.00,0.02,0.03,65.76,31.93
206,0.06,0.00,0.00,0.00,0.01,0.00,0.00,0.00,0.04,0.00,0.00,0.00,0.00,0.16,1.41,0.02,0.29,73.49,24.52
207,0.43,0.04,0.00,0.00,0.00,0.00,0.00,0.00,0.03,0.00,0.00,0.00,0.00,1.61,0.02,0.18,6.40,91.28,0.00
208,0.08,0.00,0.07,0.01,0.18,0.00,0.00,0.00,0.22,0.00,0.00,0.00,0.01,0.00,3.26,0.04,14.25,81.88,0.00
209,0.06,0.00,0.39,0.02,0.00,0.00,0.00,0.15,0.27,0.00,0.01,0.00,0.01,83.36,5.27,0.14,8.35,1.98,0.00
210,0.00,0.00,0.10,0.00,0.00,0.00,0.00,0.00,0.00,0.00,0.00,0.00,0.00,0.02,0.22,0.00,1.63,98.02,0.00
211,0.02,0.02,0.07,0.01,0.07,0.00,0.00,0.00,0.05,0.00,0.00,0.00,0.00,0.58,0.01,0.00,3.17,96.00,0.00
212,0.00,0.00,0.81,0.01,0.00,0.00,0.00,0.01,0.03,0.00,0.19,0.00,0.00,0.00,0.00,0.00,86.21,12.74,0.00
213,0.01,0.00,0.28,0.00,0.00,0.00,0.00,0.00,0.20,0.00,0.00,0.00,0.00,0.11,0.70,1.81,28.23,63.49,5.18
214,1.12,0.00,0.00,0.00,0.00,0.00,0.00,0.00,0.00,0.00,0.00,0.00,0.00,0.00,0.18,0.00,1.18,97.52,0.00
215,0.33,0.01,0.46,0.48,0.31,0.21,0.11,0.50,0.76,0.34,1.99,0.00,0.02,0.15,0.63,0.12,0.00,93.59,0.00
216,0.01,0.03,0.26,0.00,0.00,0.00,0.00,0.00,0.00,0.00,0.00,0.00,0.03,0.00,0.04,0.00,1.03,69.21,29.37
217,0.00,0.00,0.09,0.00,0.00,0.00,0.00,0.00,0.00,0.00,0.00,0.00,0.00,0.05,0.00,0.00,18.30,81.57,0.00
218,0.31,0.00,0.27,0.00,0.01,0.00,0.00,0.00,0.06,0.00,0.00,0.00,0.00,0.38,0.00,0.04,54.05,44.88,0.00
219,0.49,0.00,0.48,0.01,0.07,0.00,0.00,0.00,2.60,0.00,0.00,0.00,0.00,3.07,0.53,6.19,61.23,25.33,0.00
220,0.05,0.04,0.28,0.00,0.00,0.02,0.00,0.06,0.29,0.00,0.97,0.00,0.00,32.32,1.18,5.16,22.76,36.86,0.00
221,0.11,0.00,2.77,5.86,2.40,2.81,4.56,8.56,3.03,10.79,8.99,0.17,0.25,1.75,1.89,0.55,3.16,36.31,6.06
222,2.19,0.07,0.19,0.00,0.00,0.00,0.00,0.01,0.19,0.00,0.26,0.00,0.00,57.82,0.61,1.43,29.68,7.55,0.00
223,0.06,0.00,0.66,0.00,0.00,0.00,0.00,0.00,0.02,0.00,0.00,0.00,0.00,0.00,0.00,0.00,0.97,92.37,5.92
224,5.96,19.68,2.19,0.87,4.96,1.01,0.04,5.87,0.43,3.23,4.19,2.49,3.91,6.32,1.31,0.35,1.54,35.64,0.00
225,0.71,0.00,0.16,0.00,0.00,0.00,0.00,0.00,0.09,0.00,0.00,0.00,0.00,0.37,0.66,0.36,4.82,92.81,0.00
226,0.02,0.02,0.09,0.00,0.00,0.00,0.00,0.00,0.11,0.00,0.00,0.00,0.00,24.32,2.76,0.08,66.14,6.45,0.00
227,0.00,0.00,0.56,0.04,0.01,0.01,0.00,0.06,0.06,0.00,0.25,0.00,0.00,0.00,0.00,0.00,6.41,92.60,0.00
228,0.51,0.00,0.18,0.00,0.00,0.00,0.00,0.00,0.25,0.00,0.00,0.00,0.00,3.65,0.06,0.00,2.25,93.11,0.00
229,0.00,0.00,0.00,0.00,0.00,0.00,0.00,0.00,0.00,0.00,0.00,0.06,0.00,0.01,0.01,0.00,10.46,89.45,0.00
230,0.00,0.00,0.09,0.00,0.00,0.00,0.00,0.00,0.00,0.00,0.00,0.00,0.00,0.00,0.00,0.00,0.00,2.42,97.49
231,0.12,0.00,0.32,0.02,0.00,0.00,0.00,0.06,0.04,0.00,1.05,0.00,0.01,0.53,0.00,0.07,41.96,55.82,0.00
232,0.09,0.11,0.11,0.00,0.00,0.00,0.00,0.00,0.02,0.00,0.00,0.00,0.00,0.39,0.19,0.00,21.08,73.35,4.65
233,0.00,0.00,0.00,0.00,0.00,0.00,0.00,0.00,0.00,0.00,0.00,0.00,0.00,0.00,0.00,0.00,97.37,2.63,0.00
234,0.02,0.00,0.15,0.00,0.00,0.00,0.00,0.00,0.00,0.00,0.00,0.00,0.00,0.00,0.00,0.00,70.60,29.22,0.00
235,0.00,0.00,0.00,0.00,0.00,0.00,0.00,0.00,0.03,0.00,0.00,0.00,0.00,0.00,0.00,0.00,5.99,92.89,1.09
236,0.01,0.00,0.00,0.00,0.00,0.02,0.00,0.00,0.00,0.00,0.00,0.00,0.00,0.01,0.00,0.00,0.21,99.74,0.00
237,0.41,0.01,1.10,0.38,0.16,0.34,0.75,2.98,0.83,0.05,5.36,0.02,0.00,7.82,2.42,2.42,0.11,59.19,15.65
238,0.98,0.00,0.09,0.00,0.00,0.00,0.00,0.00,0.01,0.00,0.00,0.00,0.00,0.28,0.01,0.00,47.10,51.54,0.00
239,0.08,0.00,0.38,0.08,0.03,0.00,0.00,0.01,0.16,0.00,0.29,0.00,0.00,0.04,0.14,0.09,1.01,97.70,0.00
240,0.17,0.00,0.00,0.00,0.00,0.00,0.00,0.00,0.00,0.00,0.00,0.00,0.00,0.02,4.15,0.29,5.84,46.09,43.45
241,0.00,0.00,0.88,0.00,0.06,0.00,0.00,0.00,0.01,0.00,0.00,0.63,0.00,0.10,0.57,0.00,1.32,96.42,0.00
242,0.00,0.00,1.08,0.04,0.00,0.00,0.00,0.00,0.09,0.00,0.00,0.00,0.00,0.00,0.26,0.00,9.88,16.89,71.74
243,0.00,0.10,0.23,0.00,0.00,0.00,0.00,0.00,0.02,0.00,0.00,0.00,0.00,0.13,0.04,0.00,2.48,96.99,0.00
244,0.07,0.00,0.00,0.00,0.00,0.00,0.00,0.00,0.00,0.00,0.00,0.00,0.15,0.00,0.00,0.00,2.45,97.33,0.00
245,0.29,0.00,0.02,0.00,0.00,0.00,0.00,0.00,0.00,0.00,0.00,0.00,0.00,0.04,0.35,0.00,3.90,95.40,0.00
246,1.95,0.00,0.15,0.00,0.00,0.00,0.00,0.00,0.17,0.00,0.00,0.00,0.00,11.12,0.23,1.89,59.95,24.54,0.00
247,0.00,0.00,0.30,0.00,0.00,0.07,0.00,0.00,0.01,0.00,0.00,0.02,0.00,1.81,1.00,0.00,0.00,96.79,0.00
248,0.86,0.00,0.14,0.00,0.00,0.00,0.00,0.00,0.01,0.00,0.00,0.00,0.00,0.01,0.04,0.00,11.73,87.20,0.00
249,0.14,0.00,0.17,0.64,0.17,1.08,0.97,2.59,2.16,0.30,5.46,0.00,0.00,5.52,0.48,2.31,2.20,75.81,0.00
250,0.00,0.00,0.40,1.60,0.04,2.16,1.77,1.01,1.04,2.60,3.71,0.00,0.00,0.04,0.00,0.00,0.01,26.63,59.00
251,0.00,0.00,0.00,0.00,0.00,0.00,0.00,0.00,0.03,0.00,0.00,0.00,0.00,0.00,0.00,0.00,0.46,69.66,29.84
252,0.01,0.00,0.08,0.02,0.01,0.00,0.00,0.00,0.15,0.00,0.00,0.00,0.01,1.27,0.04,0.00,4.15,94.26,0.00
253,0.00,0.04,0.47,0.00,0.00,0.00,0.00,0.00,0.04,0.00,0.00,0.00,0.00,0.00,0.00,0.00,0.00,99.45,0.00
254,0.00,0.00,0.00,0.00,0.04,0.00,0.00,0.00,0.26,0.00,0.00,0.00,0.00,45.14,0.27,0.26,50.72,3.29,0.00
255,0.15,0.00,0.00,0.14,0.00,0.01,0.00,0.00,0.08,0.00,0.00,0.00,0.00,0.12,0.77,0.00,0.00,98.73,0.00
256,0.00,0.00,0.38,0.03,0.00,0.00,0.05,0.16,0.36,0.00,0.25,0.00,0.00,36.75,0.24,0.13,57.05,4.59,0.00
257,0.01,0.00,0.00,0.00,0.00,0.00,0.00,0.00,0.00,0.00,0.00,0.00,0.00,0.04,0.00,0.00,40.37,59.58,0.00
258,0.00,0.00,0.00,0.00,0.00,0.00,0.00,0.00,0.06,0.00,0.00,0.00,0.00,0.00,0.00,0.00,18.73,81.21,0.00
259,0.01,0.00,0.27,0.04,0.00,0.00,0.00,0.00,0.03,0.00,0.00,0.00,0.00,0.02,0.02,0.00,0.35,60.41,38.86
260,0.04,0.00,0.26,0.00,0.00,0.02,0.00,0.00,0.03,0.00,0.00,0.00,0.34,0.00,0.00,0.00,0.01,89.76,9.52
261,1.77,0.03,0.54,0.01,0.00,0.00,0.00,0.03,0.24,0.00,0.14,0.00,0.00,3.60,2.80,10.47,26.03,54.35,0.00
262,2.46,0.11,1.10,0.90,0.47,0.81,0.00,2.06,1.71,1.60,17.64,0.00,0.12,3.21,20.93,2.53,1.89,42.47,0.00
263,0.03,0.00,0.00,0.00,0.00,0.00,0.00,0.00,0.00,0.00,0.00,0.00,0.82,0.00,0.00,0.00,0.00,30.69,68.47
264,0.00,0.00,0.19,0.00,0.00,0.00,0.00,0.00,0.00,0.00,0.00,0.00,0.00,0.00,0.00,0.00,23.29,76.52,0.00
265,0.01,0.00,0.11,0.00,0.00,0.00,0.00,0.00,0.01,0.00,0.00,0.00,0.00,0.00,0.00,0.00,20.23,79.64,0.00
266,0.53,0.09,0.09,0.06,0.06,0.00,0.00,0.19,0.39,0.00,0.08,0.00,0.00,7.33,9.23,1.53,34.53,45.90,0.00
267,0.04,0.00,0.37,0.01,0.00,0.00,0.00,0.00,0.00,0.00,0.00,0.00,0.00,0.27,0.29,0.00,17.83,70.40,10.78
268,0.00,0.03,0.37,0.00,0.00,0.00,0.00,0.00,0.01,0.00,0.00,0.00,0.00,0.00,0.00,0.00,2.27,75.96,21.35
269,0.00,0.00,0.13,0.00,0.00,0.00,0.00,0.00,0.03,0.00,0.00,0.00,0.00,0.00,0.00,0.00,24.13,75.71,0.00
270,0.00,0.00,0.00,0.00,0.00,0.00,0.00,0.00,0.02,0.00,0.00,0.00,0.00,0.00,0.00,0.00,72.33,27.65,0.00
271,0.47,0.00,0.76,0.15,0.04,0.02,0.00,0.81,0.66,0.00,7.62,0.00,0.00,26.75,5.92,2.78,41.18,12.84,0.00
272,0.00,0.00,0.00,0.00,0.00,0.00,0.00,0.00,0.00,0.00,0.00,0.00,0.00,0.00,0.00,0.00,0.00,100.00,0.00
273,NA,NA,NA,NA,NA,NA,NA,NA,NA,NA,NA,NA,NA,NA,NA,NA,NA,NA,NA
274,0.00,0.00,0.00,0.00,0.00,0.00,0.00,0.00,0.00,0.00,0.00,0.00,0.00,0.00,0.00,0.00,0.00,1.36,98.63
275,0.01,0.02,0.42,0.11,0.05,0.00,0.00,0.09,0.14,0.11,0.29,0.01,0.00,2.77,1.23,0.00,0.00,21.66,73.09
276,0.00,0.00,0.58,0.00,0.00,0.00,0.00,0.00,0.03,0.00,0.00,0.00,0.00,0.00,0.00,0.00,0.00,81.26,18.13
277,0.00,0.00,0.34,0.00,0.00,0.00,0.00,0.00,0.00,0.00,0.00,0.00,0.00,0.00,0.00,0.00,0.07,99.59,0.00
278,4.72,0.09,0.10,0.00,0.00,0.00,0.00,0.00,0.13,0.00,0.00,0.00,0.00,23.16,0.50,0.43,56.71,14.15,0.00
279,0.38,0.01,1.68,0.96,0.85,3.13,2.06,2.76,1.18,1.18,0.44,0.00,0.00,0.00,0.02,0.00,5.44,79.91,0.00
280,0.20,0.00,0.52,0.00,0.00,0.00,0.00,0.00,0.08,0.00,0.00,0.00,0.00,29.94,1.29,0.72,64.59,2.66,0.00
281,0.00,0.00,1.59,0.00,0.00,0.00,0.00,0.00,0.04,0.00,0.00,0.00,0.05,0.43,0.01,0.00,0.32,97.55,0.00
282,0.00,0.00,1.45,0.00,0.00,0.01,0.00,0.00,0.13,0.00,0.53,0.00,0.00,0.00,0.00,0.00,0.00,65.49,32.39
283,0.56,0.00,0.86,0.66,0.33,0.06,0.30,2.18,1.05,0.05,7.67,0.00,0.00,2.14,7.32,0.80,6.00,70.03,0.00
284,2.70,0.13,0.44,0.06,0.00,0.01,0.00,0.29,0.21,0.00,0.05,0.00,0.00,39.26,0.18,0.81,50.14,5.72,0.00
285,0.01,0.15,0.02,0.02,0.01,0.00,0.00,0.00,0.04,0.00,0.00,0.00,0.00,0.18,0.00,0.06,72.21,27.30,0.00
286,0.00,0.00,0.00,0.00,0.00,0.00,0.00,0.00,0.00,0.00,0.00,0.00,0.00,0.00,0.00,0.00,0.00,19.57,80.43
287,0.95,0.00,0.60,0.66,0.08,0.31,0.41,2.41,0.30,0.02,3.99,0.00,0.08,10.94,4.76,0.84,22.77,50.88,0.00
288,0.01,0.00,0.00,0.00,0.00,0.00,0.00,0.00,0.06,0.00,0.00,0.00,0.00,1.24,0.01,0.16,7.91,90.61,0.00
289,0.54,0.00,0.91,0.04,0.02,0.00,0.00,0.02,0.22,0.00,0.00,0.00,0.00,36.42,0.52,5.23,44.17,11.91,0.00
290,0.00,0.00,0.00,0.00,0.00,0.00,0.00,0.00,0.00,0.00,0.00,0.00,0.00,0.00,0.00,0.00,0.98,95.03,3.99
291,0.00,0.07,0.87,0.29,0.04,0.07,0.34,0.09,1.11,0.02,0.03,0.00,0.00,13.10,3.83,1.08,9.66,69.40,0.00
292,0.00,0.00,0.00,0.00,0.00,0.00,0.00,0.00,0.01,0.00,0.00,0.00,0.00,0.00,0.06,0.00,0.00,68.85,31.08
293,0.06,0.00,0.34,0.00,0.00,0.00,0.00,0.00,0.02,0.00,0.00,0.00,0.00,0.25,3.03,0.21,9.88,83.90,2.31
294,0.48,0.00,0.36,1.13,0.19,1.39,0.82,2.52,1.18,3.00,0.75,0.00,0.00,11.21,0.65,10.05,38.40,27.87,0.00
295,0.05,0.00,0.08,0.00,0.00,0.00,0.00,0.00,0.20,0.00,0.00,0.00,0.00,0.00,0.00,0.02,3.43,96.21,0.00
296,0.00,0.00,0.06,0.00,0.00,0.00,0.00,0.00,0.00,0.00,0.00,0.00,0.00,0.07,0.00,0.00,3.36,92.60,3.90
297,0.00,0.00,0.00,0.00,0.00,0.01,0.00,0.00,0.00,0.00,0.00,0.00,0.00,0.00,0.00,0.00,0.00,0.41,99.58
298,0.00,0.16,0.17,0.00,0.00,0.00,0.00,0.00,0.11,0.00,0.00,0.00,0.00,0.02,0.36,0.00,0.10,99.09,0.00
299,0.11,0.00,0.50,0.16,0.52,0.18,0.00,0.52,0.62,0.00,0.42,0.00,0.00,38.99,3.37,1.07,7.75,45.79,0.00
300,0.00,0.00,0.00,0.00,0.00,0.00,0.00,0.00,0.25,0.00,0.00,0.00,0.00,20.53,0.38,0.00,38.13,40.71,0.00
301,0.09,0.00,0.84,0.04,0.00,0.00,0.00,0.00,0.05,0.00,0.00,0.00,0.00,0.03,0.02,0.11,0.20,98.63,0.00
302,0.00,0.01,0.00,0.00,0.00,0.00,0.00,0.00,0.03,0.00,0.00,0.00,0.00,0.01,0.00,0.00,5.17,94.78,0.00
303,0.09,0.00,0.19,0.00,0.00,0.00,0.00,0.00,0.06,0.00,0.00,0.02,0.01,1.33,0.15,0.02,0.00,98.12,0.00
304,0.31,0.09,2.64,3.66,0.84,1.64,3.68,1.53,1.74,1.39,6.00,1.64,0.01,8.82,2.60,2.28,7.01,54.13,0.00
305,0.03,0.05,0.06,0.01,0.00,0.01,0.00,0.00,0.04,0.00,0.00,0.00,0.06,0.16,2.85,0.01,0.09,57.77,38.85
306,0.00,0.00,0.00,0.00,0.00,0.00,0.00,0.00,0.00,0.00,0.00,0.00,0.00,0.00,0.00,0.00,0.00,100.00,0.00
307,0.02,0.00,0.08,0.00,0.00,0.00,0.00,0.00,0.04,0.00,0.00,0.00,0.00,12.00,0.00,0.00,73.97,13.88,0.00
308,0.00,0.00,0.05,0.00,0.00,0.00,0.00,0.00,0.20,0.00,0.00,0.00,0.00,2.71,0.02,0.00,95.75,1.26,0.00
309,1.36,0.00,0.86,0.28,0.01,0.00,0.00,0.17,0.16,0.00,0.15,0.00,0.00,49.48,0.89,6.29,28.89,11.48,0.00
310,8.38,0.00,0.00,0.00,0.16,0.00,0.00,0.00,0.00,0.00,0.00,0.00,8.62,0.00,0.00,0.00,0.01,82.83,0.00
311,0.00,0.00,0.51,0.33,0.39,0.11,0.00,1.03,0.78,0.00,1.28,0.00,0.06,4.71,0.00,0.26,50.12,40.42,0.00
312,10.58,3.74,0.48,1.42,0.92,0.76,1.65,4.71,2.13,1.39,4.22,0.10,0.00,18.41,6.01,0.24,2.46,40.77,0.00
313,0.00,0.00,0.42,0.02,0.00,0.00,0.00,0.39,0.19,0.00,4.12,0.00,0.00,0.00,0.00,0.00,3.94,80.61,10.30
314,0.00,0.00,0.16,0.00,0.00,0.01,0.00,0.00,0.02,0.00,0.00,0.00,0.00,0.00,0.00,0.00,0.17,99.63,0.00
315,0.00,0.00,0.12,0.00,0.00,0.00,0.00,0.00,0.00,0.00,0.00,0.00,0.00,0.00,0.00,0.00,0.00,32.86,67.01
316,0.79,0.03,0.00,0.00,0.00,0.00,0.00,0.00,0.00,0.00,0.00,0.00,0.00,0.00,0.01,0.00,16.57,78.51,4.09
317,0.00,0.00,0.00,0.00,0.00,0.00,0.00,0.00,0.00,0.00,0.00,0.00,0.00,0.00,0.00,0.00,10.37,89.63,0.00
318,0.00,0.01,0.28,0.02,0.00,0.00,0.00,0.12,0.12,0.00,0.30,0.00,0.00,0.64,1.36,0.10,0.00,96.78,0.27
319,0.19,0.70,0.20,0.01,0.00,0.00,0.00,0.00,0.09,0.00,0.00,0.00,0.00,0.90,0.00,0.00,0.02,94.46,3.43
320,0.07,0.00,0.00,0.01,0.00,0.00,0.00,0.08,0.02,0.00,0.11,0.00,0.00,0.00,0.52,0.04,1.94,97.20,0.00
321,0.00,0.01,0.00,0.00,0.00,0.00,0.00,0.00,0.00,0.00,0.00,0.00,0.00,0.01,0.00,0.00,7.54,92.43,0.00
322,0.46,0.04,0.30,0.04,0.02,0.01,0.00,0.08,0.22,0.00,0.28,0.00,0.00,50.80,0.65,3.85,40.28,2.99,0.00
323,0.04,0.00,0.06,0.01,0.20,0.00,0.00,0.00,0.14,0.00,0.00,0.00,0.00,0.00,7.61,0.22,2.74,88.99,0.00
324,0.00,0.00,0.02,0.00,0.00,0.00,0.00,0.00,0.01,0.00,0.00,0.00,0.00,0.00,0.00,0.00,8.22,91.75,0.00
325,0.04,0.00,0.00,0.00,0.00,0.00,0.00,0.00,0.01,0.00,0.00,0.00,0.00,0.25,0.01,0.00,56.29,43.40,0.00
326,0.15,0.08,0.41,0.20,0.02,0.04,0.00,0.69,0.42,0.00,0.47,0.00,0.00,4.12,53.94,2.12,1.99,35.34,0.00
327,0.03,0.00,0.31,0.17,0.07,0.00,0.00,0.38,0.06,0.00,1.43,0.00,0.03,0.00,0.00,0.00,2.53,95.00,0.00
328,0.22,0.02,0.34,0.11,0.01,0.00,0.00,0.19,0.29,0.00,0.07,0.00,0.00,1.66,30.60,2.09,1.27,63.13,0.00
329,0.29,0.02,0.06,0.17,2.13,0.05,0.00,0.01,0.53,0.00,0.53,0.00,0.00,0.35,0.05,0.03,0.64,56.29,38.86
330,0.07,0.00,0.40,0.00,0.00,0.00,0.00,0.00,0.07,0.00,0.00,0.00,0.00,1.40,0.00,0.00,0.00,98.06,0.00
331,0.28,0.00,0.21,0.27,0.00,0.21,0.00,0.45,1.20,0.00,0.71,0.00,0.00,0.33,0.39,0.83,4.27,90.85,0.00
332,0.53,0.04,0.45,0.03,0.02,0.00,0.00,0.00,1.15,0.00,0.00,0.00,0.00,0.43,2.76,1.07,0.00,93.25,0.28
333,0.10,0.05,0.31,0.00,0.00,0.00,0.00,0.00,0.02,0.00,0.00,0.00,0.00,1.78,0.03,0.05,87.89,9.76,0.00
334,0.03,0.00,0.09,0.00,0.00,0.00,0.00,0.00,0.00,0.00,0.00,0.00,0.00,0.22,0.12,0.05,14.61,84.87,0.00
335,0.23,1.68,0.23,0.01,0.02,0.00,0.00,0.10,0.11,0.00,1.26,0.00,1.45,0.04,0.12,0.00,0.00,94.76,0.00
336,0.00,0.00,0.07,0.00,0.00,0.00,0.00,0.00,0.00,0.00,0.00,0.00,0.00,0.00,0.00,0.00,0.00,59.78,40.15
337,2.16,0.00,1.88,1.76,0.73,1.78,0.00,5.32,1.47,24.62,9.33,0.03,0.00,1.61,0.00,0.00,2.31,46.99,0.00
338,0.00,0.00,0.21,0.00,0.00,0.00,0.00,0.00,0.00,0.00,0.00,0.00,0.00,0.00,0.00,0.01,0.57,99.20,0.00
339,0.00,0.00,0.00,0.00,0.00,0.00,0.00,0.00,0.00,0.00,0.00,0.00,0.00,0.00,0.00,0.00,47.51,52.49,0.00
340,0.18,0.01,0.56,0.02,0.01,0.00,0.00,0.07,0.45,0.00,0.13,0.00,0.00,2.92,0.22,0.11,10.75,84.56,0.00
341,0.25,0.00,0.13,0.03,0.06,0.00,0.00,0.00,0.21,0.00,0.00,0.00,2.25,0.00,0.00,0.00,0.00,68.38,28.70
342,2.24,0.00,0.59,0.11,0.04,0.09,0.00,0.42,0.34,0.00,0.88,0.08,0.00,2.43,0.25,6.20,48.74,37.58,0.00
343,0.08,0.00,0.24,0.01,0.00,0.00,0.00,0.01,0.14,0.00,0.05,0.00,0.00,2.39,1.95,2.27,36.49,56.37,0.00
344,0.73,4.28,0.14,0.99,0.00,0.14,0.00,1.93,0.82,0.00,5.73,0.00,0.00,31.44,4.03,0.17,5.59,44.01,0.00
345,0.25,0.14,0.70,0.17,0.05,0.02,0.00,0.59,0.29,0.00,0.50,0.00,0.00,5.54,27.41,0.93,1.83,61.58,0.00
346,0.02,1.36,0.15,0.01,0.00,0.00,0.00,0.00,0.13,0.00,0.00,0.00,0.00,0.01,0.00,0.00,0.00,98.33,0.00
347,0.01,0.00,0.00,0.00,0.00,0.00,0.00,0.00,0.03,0.00,0.00,0.00,0.00,0.00,0.00,0.00,20.45,79.51,0.00
348,0.00,0.00,0.00,0.00,0.00,0.00,0.00,0.00,0.00,0.00,0.00,0.00,0.00,0.37,0.06,0.04,17.63,81.90,0.00
349,0.11,0.00,0.00,0.00,0.00,0.00,0.00,0.00,0.02,0.00,0.00,0.00,0.00,0.51,0.37,0.00,1.21,61.22,36.55
350,0.05,0.00,0.27,0.00,0.00,0.00,0.00,0.00,0.03,0.00,0.00,0.00,0.00,0.00,0.00,0.00,20.57,79.08,0.00
351,0.00,0.00,0.30,0.02,0.00,0.01,0.00,0.09,0.10,0.00,2.00,0.00,0.00,3.29,7.28,0.36,9.94,68.00,8.63
352,0.16,0.05,0.72,1.40,0.58,0.73,0.62,1.23,1.98,2.34,2.42,0.00,0.00,0.73,8.36,12.40,11.85,54.45,0.00
353,0.02,0.00,0.00,0.00,0.00,0.00,0.00,0.00,0.16,0.00,0.00,0.00,0.22,0.20,2.97,0.21,1.14,95.08,0.00
354,0.01,0.00,0.00,0.00,0.00,0.00,0.00,0.00,0.00,0.00,0.00,0.00,0.00,0.14,0.00,0.00,33.80,63.84,2.22
355,0.15,0.02,0.94,0.25,0.02,3.11,1.32,0.28,1.90,0.01,0.21,0.00,0.00,5.89,0.21,0.01,75.34,10.34,0.00
356,0.00,0.00,0.00,0.01,0.00,0.00,0.00,0.00,0.01,0.00,0.00,0.00,0.00,0.01,0.07,0.00,1.17,98.52,0.21
357,0.32,0.01,0.44,0.53,0.07,0.11,0.52,0.52,1.21,0.69,1.53,0.00,0.13,0.13,0.05,0.62,31.85,61.27,0.00
358,1.96,0.02,0.22,0.10,0.03,0.10,0.00,0.17,0.44,0.89,3.96,0.00,0.00,4.29,9.04,4.23,41.91,32.64,0.00
359,0.00,0.00,0.06,0.00,0.00,0.00,0.00,0.00,0.25,0.00,0.00,0.00,0.00,0.11,0.00,0.01,54.86,44.72,0.00
360,0.06,0.07,0.05,0.01,0.00,0.00,0.00,0.03,0.04,0.00,0.01,0.00,0.00,0.25,7.95,0.77,26.16,63.09,1.53
361,1.22,0.10,0.00,0.00,0.00,0.00,0.00,0.00,0.00,0.00,0.00,0.00,0.02,0.00,0.37,0.00,0.04,64.60,33.64
362,0.00,0.00,0.00,0.00,0.00,0.02,0.00,0.00,0.00,0.00,0.00,0.00,0.00,0.00,0.00,0.00,0.00,1.61,98.37
363,1.60,0.04,0.11,0.13,0.63,0.63,0.85,0.25,0.21,1.38,0.01,0.01,0.00,0.07,0.17,0.12,25.97,67.81,0.00
364,0.06,0.00,0.12,0.00,0.00,0.00,0.00,0.00,0.00,0.00,0.00,0.00,0.00,0.00,0.00,0.00,0.00,90.77,9.05
365,0.01,0.00,0.00,0.00,0.00,0.00,0.00,0.00,0.00,0.00,0.00,0.00,0.00,0.00,0.00,0.00,37.80,62.19,0.00
366,0.34,0.00,0.01,0.00,0.00,0.00,0.00,0.00,0.20,0.00,0.00,0.00,0.00,2.20,0.02,0.03,36.55,60.65,0.00
367,0.00,0.00,0.00,0.00,0.00,0.00,0.00,0.00,0.01,0.00,0.00,0.00,0.00,0.34,0.00,0.00,9.96,89.68,0.00
368,0.03,0.00,0.30,0.02,0.07,0.07,0.00,0.01,0.65,0.00,0.73,0.00,3.18,0.63,0.25,1.89,10.33,81.83,0.00
369,0.10,0.28,0.34,0.01,0.01,0.00,0.00,0.00,0.19,0.00,0.00,0.00,0.00,8.36,34.59,0.49,5.95,49.70,0.00
370,5.11,2.16,0.32,0.04,0.00,0.08,0.00,0.12,0.17,0.00,0.05,0.00,0.00,43.16,0.55,1.27,21.38,25.61,0.00
371,0.00,0.00,0.00,0.00,0.06,0.00,0.00,0.00,0.04,0.00,0.00,0.00,0.00,0.00,0.00,0.00,0.11,99.79,0.00
372,0.66,0.00,0.13,0.05,0.00,0.01,0.00,0.26,0.36,0.00,0.51,0.00,0.00,4.11,2.08,0.56,27.98,63.30,0.00
373,0.01,0.04,0.01,0.00,0.00,0.00,0.00,0.00,0.03,0.00,0.00,0.00,0.00,0.74,0.19,0.19,92.90,5.90,0.00
374,0.15,0.00,0.16,0.02,0.00,0.00,0.00,0.11,0.12,0.00,1.06,0.00,0.00,0.01,0.08,0.00,0.01,98.27,0.00
375,2.50,0.15,0.38,0.11,0.00,0.06,0.00,0.32,0.21,0.00,0.86,0.01,0.00,33.43,0.56,2.15,54.55,4.70,0.00
376,0.01,0.00,0.08,0.00,0.00,0.00,0.00,0.00,0.00,0.00,0.00,0.00,0.00,0.22,1.86,0.25,6.05,91.53,0.00
377,0.37,0.00,0.28,0.13,0.01,0.01,0.00,0.12,0.44,0.00,0.29,0.00,0.00,52.80,0.54,10.84,28.00,6.17,0.00
378,0.00,0.00,0.32,0.00,0.00,0.00,0.00,0.00,0.13,0.00,0.00,0.00,0.01,0.11,0.01,0.00,0.80,97.37,1.24
379,0.00,0.00,0.00,0.02,0.00,0.00,0.00,0.00,0.02,0.00,0.00,0.00,0.00,0.00,0.00,0.00,0.31,3.91,95.74
380,2.44,0.10,0.18,0.02,0.00,0.13,0.00,0.06,0.34,0.00,0.00,0.00,0.00,36.76,0.49,2.17,47.83,9.48,0.00
381,1.35,0.00,0.18,0.02,0.03,0.00,0.00,0.08,0.19,0.00,0.24,0.00,0.04,6.05,0.05,0.11,79.05,12.61,0.00
382,0.07,0.00,0.00,0.00,0.00,0.00,0.00,0.00,0.00,0.00,0.00,0.00,0.00,0.00,0.00,0.00,0.00,99.90,0.03
383,0.00,0.00,0.35,0.00,0.00,0.00,0.00,0.00,0.14,0.00,0.00,0.00,0.00,10.07,1.99,0.00,81.05,6.40,0.00
384,0.00,0.00,0.04,0.00,0.00,0.00,0.00,0.00,0.01,0.00,0.00,0.00,0.00,0.00,0.00,0.00,0.00,99.95,0.00
385,0.03,0.04,0.15,0.00,0.00,0.00,0.00,0.00,0.02,0.00,0.00,0.00,0.00,0.09,1.82,0.52,22.36,57.59,17.39
386,0.01,0.00,0.09,0.01,0.07,0.00,0.00,0.00,0.32,0.00,0.00,0.00,0.00,7.15,0.15,0.00,10.04,82.16,0.00
387,0.26,0.14,0.41,0.31,0.06,0.00,0.03,0.28,0.37,0.01,0.25,0.00,0.00,49.72,0.50,0.06,2.60,45.00,0.00
388,0.00,0.00,0.01,0.01,0.00,0.00,0.00,0.00,0.02,0.00,0.00,0.00,0.00,0.00,0.00,0.01,0.03,99.92,0.00
389,0.11,0.00,1.88,0.01,0.00,0.00,0.00,0.00,0.06,0.00,0.00,0.00,0.00,0.00,0.04,0.48,9.87,69.49,18.05
390,0.01,0.00,0.00,0.00,0.00,0.00,0.00,0.00,0.00,0.00,0.00,0.00,0.00,0.00,0.00,0.00,0.59,99.41,0.00
391,0.00,0.00,0.20,0.12,0.00,0.01,0.00,0.18,0.35,0.00,0.35,0.00,0.15,5.07,0.35,0.04,88.49,4.70,0.00
392,0.00,0.00,0.00,0.00,0.00,0.00,0.00,0.00,0.00,0.00,0.00,0.00,0.00,0.00,0.00,0.00,0.00,94.58,5.42
393,0.00,0.00,0.00,0.00,0.00,0.00,0.00,0.00,0.00,0.00,0.00,0.00,0.00,0.00,0.00,0.00,0.69,99.31,0.00
394,0.01,0.00,0.76,0.04,0.00,0.00,0.00,0.00,0.20,0.00,0.00,0.00,0.01,0.00,0.09,0.00,0.17,33.75,64.98
