uniqid_county,NWALT02_11_county,NWALT02_12_county,NWALT02_21_county,NWALT02_22_county,NWALT02_23_county,NWALT02_24_county,NWALT02_25_county,NWALT02_26_county,NWALT02_27_county,NWALT02_31_county,NWALT02_32_county,NWALT02_33_county,NWALT02_41_county,NWALT02_43_county,NWALT02_44_county,NWALT02_45_county,NWALT02_46_county,NWALT02_50_county,NWALT02_60_county,NWALT02_9999_county
1,0.03,0.01,0.23,0.37,0.14,0.19,0.64,1.09,0.21,0.69,2.48,0.02,0.51,0.49,0.02,0.00,1.65,76.80,14.41,0.03
2,0.06,0.01,0.18,0.05,0.01,0.02,0.01,0.15,0.08,0.00,0.78,0.02,0.03,0.08,0.11,0.01,10.73,87.24,0.44,0.00
3,0.28,0.03,0.24,0.03,0.00,0.01,0.02,0.07,0.07,0.01,0.36,0.00,0.00,0.35,4.30,0.10,3.11,80.20,10.81,0.00
4,0.64,0.01,0.18,0.04,0.01,0.03,0.03,0.18,0.07,0.01,0.58,0.00,0.25,0.00,0.03,0.00,0.01,89.55,8.38,0.00
5,0.15,0.02,0.21,0.15,0.10,0.05,0.24,0.14,0.16,0.11,0.19,0.01,0.01,5.12,0.68,0.03,0.19,66.03,26.35,0.06
6,0.11,0.00,0.26,0.09,0.02,0.04,0.07,0.49,0.08,0.01,1.94,0.01,0.10,0.00,0.09,0.01,3.34,86.49,6.85,0.00
7,0.08,0.25,0.32,0.15,0.05,0.10,0.18,0.36,0.56,0.12,1.31,0.03,0.21,10.16,0.59,0.01,0.24,81.26,4.03,0.00
8,0.01,0.01,0.30,0.04,0.04,0.01,0.01,0.05,0.10,0.00,0.16,0.01,0.71,0.07,0.23,0.03,0.22,81.74,16.25,0.00
9,0.04,0.00,0.27,0.11,0.04,0.09,0.03,0.51,0.29,0.02,1.96,0.02,0.00,0.18,0.65,0.01,0.96,89.57,5.15,0.11
10,0.15,0.02,0.17,0.04,0.01,0.02,0.02,0.06,0.04,0.01,0.19,0.00,0.01,0.01,0.01,0.00,5.90,84.90,8.43,0.00
11,0.02,0.08,0.13,0.03,0.00,0.01,0.02,0.08,0.07,0.00,0.28,0.00,0.00,1.68,0.07,0.00,1.70,91.16,4.64,0.00
12,0.30,0.19,0.60,1.44,0.42,0.77,3.01,1.92,0.61,0.76,2.08,0.03,0.00,5.99,0.46,0.01,5.38,67.82,8.21,0.00
13,0.02,0.02,0.23,0.07,0.10,0.02,0.08,0.17,0.17,0.02,0.71,0.07,0.01,3.12,0.18,0.02,2.98,87.96,3.99,0.05
14,0.75,0.07,0.14,0.07,0.01,0.04,0.05,0.33,0.09,0.01,0.70,0.00,0.02,0.11,0.10,0.01,4.60,80.61,12.30,0.00
15,0.11,0.01,0.22,0.02,0.01,0.00,0.00,0.05,0.04,0.00,0.39,0.02,0.01,0.04,0.04,0.03,13.07,83.33,2.62,0.00
16,0.46,0.04,4.01,12.41,5.37,5.67,22.56,5.99,2.35,4.99,1.54,0.13,0.08,0.66,0.23,0.05,1.31,31.72,0.41,0.00
17,0.34,0.02,0.56,0.61,0.54,0.26,0.89,0.93,0.34,0.89,0.91,0.20,0.09,5.18,1.77,0.34,3.37,63.77,18.99,0.00
18,6.68,0.02,0.40,0.18,0.07,0.03,0.19,0.17,0.23,0.03,0.23,0.01,0.05,8.63,8.60,0.12,0.01,66.54,7.72,0.09
19,0.30,0.01,0.51,0.41,0.27,0.11,0.55,0.61,0.38,0.09,1.60,0.05,0.40,18.06,2.08,1.10,13.24,55.64,4.58,0.00
20,0.38,0.07,1.12,2.40,1.36,1.29,4.14,4.38,0.76,2.48,5.13,0.05,0.02,1.80,0.33,0.14,2.42,67.27,4.42,0.03
21,0.14,0.00,0.36,0.41,0.22,0.09,0.57,0.84,0.23,0.59,1.14,0.01,0.08,0.18,0.10,0.01,0.20,65.59,29.24,0.00
22,1.31,0.06,0.65,1.07,0.31,0.70,1.59,2.24,0.86,1.00,2.80,0.06,0.03,3.08,2.10,0.20,1.98,48.64,31.33,0.00
23,0.46,0.02,0.93,1.64,0.99,0.62,2.57,2.34,0.86,1.59,1.09,0.03,0.06,6.83,1.12,0.47,1.80,52.95,23.62,0.00
24,0.46,0.00,2.47,5.49,3.01,2.00,12.52,4.22,1.01,4.06,2.67,0.03,0.08,0.78,1.97,0.80,3.66,51.39,3.37,0.00
25,0.05,0.00,0.17,0.01,0.00,0.00,0.02,0.03,0.03,0.00,0.04,0.01,0.00,0.67,0.32,0.14,55.98,42.32,0.20,0.00
26,0.22,0.49,0.17,0.03,0.00,0.00,0.00,0.14,0.16,0.00,0.03,0.00,0.01,0.42,11.39,0.98,15.62,59.06,11.28,0.00
27,0.43,0.00,0.28,0.11,0.01,0.06,0.07,0.11,0.23,0.03,0.18,0.05,0.06,0.33,8.64,0.11,1.05,80.21,8.04,0.00
28,0.97,0.04,0.11,0.01,0.00,0.02,0.02,0.02,0.08,0.01,0.03,0.00,0.01,8.37,0.14,0.12,79.39,10.66,0.00,0.00
29,0.26,0.00,0.22,0.02,0.00,0.00,0.00,0.04,0.07,0.00,0.01,0.00,0.01,1.78,3.73,0.32,8.74,84.80,0.00,0.00
30,0.17,0.13,0.26,0.07,0.02,0.01,0.06,0.08,0.16,0.01,0.08,0.01,0.01,34.26,3.60,0.07,51.28,9.73,0.00,0.00
31,0.41,0.00,0.27,0.05,0.00,0.02,0.03,0.11,0.13,0.00,0.36,0.00,0.01,4.54,4.65,0.08,4.33,80.87,4.10,0.00
32,0.19,0.00,0.22,0.01,0.00,0.00,0.00,0.01,0.01,0.00,0.03,0.00,0.02,0.01,0.13,0.07,7.42,60.48,31.40,0.00
33,0.57,0.55,0.31,0.12,0.01,0.05,0.09,0.20,0.23,0.01,0.83,0.02,0.00,0.02,21.21,0.41,4.30,53.89,17.17,0.00
34,0.12,0.26,0.33,0.09,0.01,0.03,0.04,0.22,0.16,0.00,0.63,0.05,0.08,0.06,17.54,0.83,7.51,70.98,1.08,0.00
35,0.01,0.00,0.20,0.01,0.00,0.00,0.00,0.04,0.15,0.00,0.01,0.00,0.00,34.15,4.05,0.01,50.18,11.16,0.00,0.00
36,0.35,0.00,0.25,0.04,0.00,0.04,0.00,0.08,0.05,0.00,0.53,0.00,0.00,0.08,1.97,0.10,4.20,84.58,7.71,0.00
37,0.13,0.00,0.28,0.02,0.00,0.03,0.00,0.07,0.02,0.00,0.07,0.00,0.01,0.04,0.52,0.61,44.21,49.28,4.70,0.00
38,0.75,0.06,0.34,0.09,0.03,0.02,0.03,0.15,0.22,0.00,0.05,0.00,0.00,70.59,0.22,0.36,23.68,3.39,0.00,0.00
39,0.32,0.08,0.57,0.26,0.04,0.07,0.37,0.13,0.24,0.06,0.12,0.15,0.01,54.44,2.28,0.08,36.42,4.39,0.00,0.00
40,0.78,0.12,0.65,0.20,0.05,0.06,0.11,0.32,0.23,0.00,0.25,0.01,0.01,67.88,2.52,0.34,23.42,3.04,0.00,0.00
41,0.31,0.01,0.37,0.19,0.03,0.05,0.28,0.13,0.26,0.02,0.11,0.02,0.02,68.69,4.60,0.14,15.87,8.89,0.00,0.00
42,0.01,0.00,0.23,0.03,0.00,0.01,0.00,0.07,0.18,0.00,0.03,0.00,0.00,69.58,12.01,0.01,13.75,4.08,0.00,0.00
43,1.94,0.11,0.47,0.37,0.18,0.13,0.34,0.72,0.46,0.00,1.31,0.04,0.00,51.85,0.67,1.21,34.48,5.71,0.00,0.00
44,0.39,0.09,0.20,0.03,0.01,0.01,0.00,0.09,0.12,0.00,0.13,0.00,0.00,21.92,0.17,0.32,74.78,1.74,0.00,0.00
45,0.56,0.02,0.33,0.07,0.01,0.02,0.00,0.20,0.20,0.00,0.13,0.00,0.00,57.56,0.28,1.60,35.92,3.07,0.00,0.00
46,0.14,0.00,0.18,0.02,0.00,0.01,0.00,0.06,0.15,0.00,0.02,0.00,0.00,54.36,7.17,0.03,21.21,16.65,0.00,0.00
47,0.51,0.09,0.25,0.02,0.00,0.00,0.00,0.04,0.15,0.00,0.06,0.00,0.00,50.75,0.89,0.48,44.42,2.32,0.00,0.00
48,0.27,0.05,0.37,0.06,0.02,0.01,0.00,0.10,0.16,0.00,0.12,0.01,0.00,38.26,0.05,0.17,58.42,1.94,0.00,0.00
49,0.36,0.00,0.43,0.05,0.00,0.00,0.05,0.06,0.22,0.00,0.02,0.00,0.02,87.33,2.27,0.05,7.94,1.22,0.00,0.00
50,0.02,0.00,0.24,0.05,0.01,0.01,0.00,0.10,0.20,0.00,0.05,0.00,0.01,50.16,5.40,0.00,31.64,12.10,0.00,0.00
51,0.09,0.00,0.26,0.13,0.03,0.02,0.09,0.08,0.27,0.00,0.05,0.02,0.03,74.44,6.34,0.05,15.81,2.28,0.00,0.00
52,1.13,0.10,0.35,0.05,0.02,0.02,0.00,0.14,0.20,0.00,0.05,0.00,0.00,63.07,0.65,0.35,30.98,2.89,0.00,0.00
53,1.23,0.09,0.29,0.05,0.02,0.01,0.00,0.13,0.18,0.00,0.05,0.01,0.00,24.31,0.12,0.42,69.83,3.25,0.00,0.00
54,0.43,0.01,0.33,0.05,0.00,0.00,0.00,0.09,0.18,0.00,0.03,0.00,0.00,81.02,5.05,0.09,7.60,5.11,0.00,0.00
55,0.56,0.06,0.36,0.03,0.00,0.00,0.00,0.07,0.14,0.00,0.11,0.00,0.00,22.21,2.00,0.18,72.42,1.56,0.29,0.00
56,1.08,0.07,0.24,0.05,0.02,0.02,0.00,0.18,0.23,0.00,0.25,0.00,0.00,44.55,0.50,1.52,47.14,4.14,0.00,0.00
57,0.71,0.02,0.70,0.45,0.21,0.15,0.24,0.95,0.40,0.01,0.33,0.01,0.00,66.57,1.12,1.43,21.53,5.16,0.00,0.00
58,0.03,0.00,0.34,0.06,0.00,0.01,0.06,0.08,0.25,0.00,0.01,0.00,0.02,68.78,0.76,0.01,24.41,5.20,0.00,0.00
59,0.31,0.00,0.14,0.03,0.00,0.01,0.02,0.05,0.15,0.00,0.01,0.00,0.00,60.15,10.26,0.03,9.35,19.48,0.00,0.00
60,1.36,0.52,0.26,0.06,0.01,0.01,0.00,0.18,0.20,0.00,0.10,0.00,0.00,60.14,0.62,0.52,31.64,4.38,0.00,0.00
61,2.01,0.03,1.64,2.37,1.47,0.86,4.46,3.59,1.16,2.11,1.72,0.01,0.01,51.02,1.36,1.55,18.47,6.17,0.00,0.00
62,0.48,0.05,0.26,0.04,0.00,0.02,0.00,0.10,0.21,0.00,0.02,0.00,0.00,47.02,4.14,0.10,45.70,1.86,0.00,0.00
63,1.08,0.08,0.52,0.11,0.06,0.03,0.02,0.37,0.34,0.00,0.19,0.00,0.00,70.17,1.47,1.53,18.78,5.26,0.00,0.00
64,0.37,0.10,0.52,0.10,0.03,0.05,0.14,0.13,0.21,0.01,0.11,0.01,0.00,62.66,0.32,0.71,31.90,2.62,0.00,0.00
65,1.65,0.02,0.43,0.72,0.20,0.29,1.37,0.67,0.24,0.25,0.64,0.01,0.14,0.06,0.07,0.00,0.37,83.24,9.63,0.00
66,0.11,0.00,0.09,0.00,0.00,0.00,0.00,0.01,0.01,0.00,0.11,0.00,0.00,0.15,0.00,0.11,71.33,28.08,0.00,0.00
67,0.45,0.00,0.11,0.02,0.01,0.02,0.01,0.08,0.03,0.00,0.07,0.00,0.00,0.24,0.04,0.00,5.65,88.28,4.97,0.00
68,0.07,0.00,0.30,0.10,0.10,0.02,0.11,0.15,0.10,0.01,0.37,0.02,0.24,2.08,0.11,0.01,46.19,50.01,0.00,0.00
69,0.05,0.00,0.33,0.01,0.00,0.00,0.00,0.02,0.02,0.00,0.08,0.00,0.00,0.06,0.00,0.00,65.65,33.78,0.00,0.00
70,0.12,0.00,0.32,0.02,0.00,0.00,0.00,0.04,0.11,0.00,0.15,0.01,0.01,0.83,0.05,0.03,56.76,40.10,1.42,0.00
71,0.03,0.00,0.19,0.04,0.01,0.01,0.02,0.10,0.08,0.00,0.20,0.01,0.55,0.01,0.03,0.02,4.30,82.75,11.66,0.00
72,0.01,0.00,0.16,0.03,0.06,0.02,0.05,0.06,0.04,0.01,0.31,0.01,0.00,0.17,0.02,0.00,7.60,91.41,0.02,0.00
73,0.38,0.00,0.23,0.12,0.03,0.02,0.03,0.30,0.14,0.00,0.52,0.01,0.30,1.31,1.20,0.14,23.36,70.58,1.36,0.00
74,0.17,0.00,0.22,0.05,0.01,0.01,0.05,0.06,0.16,0.00,0.11,0.01,0.01,17.75,0.31,0.01,67.74,13.34,0.00,0.00
75,0.06,0.00,0.31,0.16,0.25,0.08,0.23,0.34,0.30,0.03,0.46,0.03,0.01,34.99,0.01,0.01,59.80,2.93,0.00,0.00
76,0.08,0.00,0.34,0.07,0.01,0.02,0.01,0.16,0.05,0.00,1.94,0.00,0.12,0.18,0.64,0.20,7.78,82.85,5.54,0.00
77,0.01,0.00,0.14,0.01,0.01,0.00,0.00,0.01,0.02,0.00,0.05,0.00,0.01,0.48,0.08,0.00,12.82,85.72,0.59,0.05
78,0.37,0.54,0.25,0.08,0.08,0.02,0.09,0.11,0.09,0.01,0.27,0.05,0.38,1.60,0.00,0.03,3.56,90.37,2.08,0.00
79,0.14,0.00,0.24,0.00,0.00,0.00,0.00,0.02,0.01,0.00,0.03,0.03,0.00,0.57,0.05,0.05,77.73,21.13,0.00,0.00
80,0.12,0.00,0.14,0.03,0.01,0.02,0.01,0.06,0.05,0.00,0.34,0.00,0.03,0.02,0.00,0.06,5.63,90.02,3.47,0.00
81,0.42,0.00,0.30,0.03,0.00,0.00,0.03,0.06,0.11,0.00,0.27,0.02,0.00,6.00,0.10,0.00,52.56,40.09,0.00,0.00
82,0.27,0.00,0.29,0.02,0.00,0.01,0.01,0.06,0.02,0.00,0.75,0.01,0.00,0.59,0.09,0.14,45.55,52.19,0.00,0.00
83,0.16,0.00,0.28,1.03,0.01,0.46,0.61,2.12,0.19,0.19,13.86,0.01,0.06,0.00,0.04,0.00,0.01,75.84,5.16,0.00
84,0.17,0.21,1.10,2.37,0.86,0.77,4.11,2.23,0.51,2.78,5.45,0.03,0.08,0.26,1.90,0.02,21.65,52.16,3.35,0.00
85,0.11,0.00,0.27,0.24,0.05,0.06,0.20,0.54,0.22,0.39,0.76,0.06,0.01,3.88,0.05,0.01,6.49,86.45,0.19,0.03
86,0.07,0.00,0.24,0.06,0.02,0.01,0.09,0.09,0.08,0.01,0.12,0.06,0.01,1.39,0.06,0.01,29.47,67.95,0.27,0.00
87,0.21,0.00,0.36,0.20,0.03,0.03,0.05,1.20,0.21,0.01,3.02,0.02,0.02,3.94,1.20,0.02,21.14,67.39,0.94,0.00
88,0.54,0.00,0.22,0.03,0.00,0.00,0.00,0.08,0.05,0.00,0.43,0.01,0.00,0.45,0.41,0.13,6.56,87.53,3.56,0.00
89,0.27,0.00,0.18,0.02,0.00,0.01,0.02,0.03,0.03,0.01,0.19,0.00,0.00,0.04,0.12,0.04,35.95,61.13,1.95,0.00
90,0.04,0.00,0.12,0.00,0.00,0.00,0.00,0.00,0.01,0.00,0.00,0.00,0.00,0.00,0.00,0.01,13.21,78.44,8.15,0.00
91,0.14,0.03,0.23,0.08,0.03,0.05,0.10,0.33,0.13,0.24,0.89,0.01,0.04,0.46,0.42,0.04,10.80,80.64,5.35,0.00
92,0.05,0.00,0.52,0.25,0.02,0.10,0.23,0.48,0.21,1.07,4.23,0.03,0.01,0.95,0.07,0.02,16.95,69.53,5.29,0.00
93,0.09,0.02,0.16,0.02,0.00,0.01,0.01,0.03,0.04,0.00,0.12,0.01,0.01,0.62,0.10,0.01,15.85,80.69,2.20,0.00
94,0.00,0.00,0.18,0.02,0.00,0.02,0.00,0.09,0.04,0.00,0.30,0.01,0.00,0.07,0.01,0.00,47.72,49.98,1.55,0.00
95,0.10,0.00,0.17,0.03,0.02,0.00,0.01,0.06,0.04,0.02,0.37,0.00,0.19,0.00,0.00,0.00,19.85,79.11,0.01,0.00
96,0.01,0.00,0.28,0.06,0.01,0.01,0.05,0.07,0.17,0.01,0.10,0.00,0.00,1.68,0.07,0.00,13.49,83.93,0.00,0.05
97,0.33,0.00,0.24,0.01,0.00,0.00,0.00,0.01,0.03,0.00,0.03,0.00,0.00,0.11,0.43,0.20,50.93,42.45,5.23,0.00
98,0.08,0.00,0.15,0.01,0.00,0.00,0.00,0.02,0.02,0.00,0.08,0.00,0.00,2.66,0.00,0.02,77.82,19.12,0.00,0.00
99,2.03,0.00,0.74,0.56,0.30,0.23,0.42,1.30,0.73,0.01,1.86,0.14,0.00,8.41,5.05,6.58,41.40,30.23,0.00,0.00
100,1.17,0.00,0.41,0.10,0.03,0.10,0.04,0.31,0.43,0.00,0.35,0.00,0.01,40.06,1.06,4.47,37.68,13.77,0.00,0.00
101,13.72,0.16,0.56,0.11,0.04,0.17,0.00,1.07,0.47,0.00,10.79,0.00,0.00,4.12,9.99,8.85,22.13,27.81,0.00,0.00
102,0.37,0.01,0.21,0.07,0.00,0.03,0.06,0.15,0.24,0.02,0.16,0.00,0.00,29.15,0.38,0.20,12.03,56.93,0.00,0.00
103,1.99,0.00,0.63,0.20,0.06,0.10,0.03,0.98,0.34,0.00,3.04,0.05,0.31,3.94,11.99,3.79,22.71,49.85,0.00,0.00
104,2.03,0.00,0.33,0.05,0.01,0.01,0.03,0.24,0.18,0.00,0.23,0.00,0.00,19.92,3.97,6.17,55.83,11.00,0.00,0.00
105,1.11,0.00,0.37,0.10,0.00,0.03,0.06,0.23,0.25,0.00,0.05,0.02,0.00,60.84,1.12,5.48,24.14,6.18,0.00,0.00
106,1.21,0.01,0.42,0.05,0.02,0.01,0.02,0.06,0.16,0.00,0.02,0.00,0.00,21.06,0.68,0.69,64.56,11.01,0.00,0.00
107,0.62,0.07,0.27,0.05,0.01,0.01,0.00,0.14,0.23,0.00,0.06,0.00,0.00,65.38,1.41,3.59,21.50,6.65,0.00,0.00
108,0.58,0.00,0.39,0.04,0.00,0.00,0.00,0.12,0.24,0.00,0.06,0.00,0.00,23.07,0.33,1.14,58.51,15.53,0.00,0.00
109,1.90,0.00,2.97,6.80,2.71,2.05,8.88,9.83,1.33,11.83,11.08,0.01,0.01,7.44,2.90,2.91,12.94,14.40,0.00,0.00
110,0.06,0.00,0.36,0.08,0.04,0.02,0.04,0.11,0.22,0.00,0.08,0.01,0.00,35.79,0.01,0.14,54.96,8.09,0.00,0.00
111,0.29,0.00,0.18,0.02,0.02,0.00,0.00,0.05,0.18,0.00,0.09,0.01,0.00,7.44,0.18,0.62,71.90,19.03,0.00,0.00
112,1.31,0.01,0.36,0.08,0.01,0.03,0.05,0.23,0.25,0.00,0.15,0.00,0.02,49.30,0.75,1.66,18.77,27.03,0.00,0.00
113,0.18,0.02,0.58,0.18,0.11,0.04,0.11,0.37,0.20,0.00,0.64,0.02,0.01,16.45,0.35,0.98,44.15,35.62,0.00,0.00
114,1.78,0.01,0.87,0.08,0.04,0.04,0.10,0.23,0.34,0.00,0.11,0.01,0.01,32.85,1.28,6.13,46.91,9.23,0.00,0.00
115,0.09,0.00,0.15,0.05,0.00,0.00,0.00,0.13,0.24,0.00,0.04,0.00,0.00,31.34,0.25,0.16,15.40,52.15,0.00,0.00
116,0.67,0.00,0.46,0.06,0.08,0.01,0.02,0.15,0.21,0.00,0.12,0.00,0.01,37.99,0.85,2.58,44.85,11.93,0.00,0.00
117,2.67,0.44,0.24,0.07,0.08,0.02,0.00,0.20,0.22,0.00,0.07,0.00,0.00,59.38,0.64,2.50,18.30,15.19,0.00,0.00
118,3.14,0.05,0.51,0.11,0.01,0.07,0.00,0.19,0.38,0.00,0.25,0.00,0.00,7.92,14.71,9.47,27.04,36.16,0.00,0.00
119,0.41,0.05,0.34,0.02,0.01,0.00,0.00,0.04,0.19,0.00,0.03,0.00,0.00,19.87,0.44,0.14,47.13,31.31,0.00,0.00
120,1.97,0.00,0.36,0.28,0.12,0.11,0.19,0.81,0.49,0.00,2.60,0.00,0.00,13.88,2.20,5.95,48.77,22.26,0.00,0.00
121,3.48,0.11,0.68,0.34,0.26,0.11,0.33,0.80,0.50,0.00,0.46,0.05,0.00,48.31,7.76,2.59,26.15,8.08,0.00,0.00
122,0.42,0.01,0.42,0.23,0.46,0.07,0.24,0.33,0.31,0.03,0.46,0.00,0.03,54.82,0.24,0.28,5.74,35.92,0.00,0.00
123,0.01,0.00,0.34,0.02,0.00,0.01,0.00,0.04,0.11,0.00,0.01,0.00,0.00,20.21,0.57,0.05,71.02,7.60,0.00,0.00
124,0.14,0.00,0.36,0.03,0.04,0.00,0.00,0.09,0.17,0.00,0.06,0.01,0.00,10.31,0.32,1.61,62.42,23.94,0.47,0.00
125,1.38,0.00,0.74,0.27,0.07,0.07,0.04,0.77,0.77,0.01,3.74,0.09,0.00,16.89,10.03,5.41,43.99,15.73,0.00,0.00
126,0.93,0.00,0.66,0.21,0.09,0.07,0.10,0.78,0.58,0.00,2.10,0.00,0.00,25.39,1.11,4.94,53.16,9.89,0.00,0.00
127,1.48,0.00,0.26,0.09,0.00,0.01,0.03,0.24,0.29,0.00,0.09,0.00,0.16,46.36,0.76,3.86,35.02,11.33,0.00,0.00
128,0.64,0.00,0.38,0.13,0.11,0.04,0.06,0.27,0.26,0.00,0.46,0.02,0.00,19.43,0.52,0.81,64.58,12.29,0.00,0.00
129,1.04,0.01,0.20,0.12,0.01,0.03,0.00,0.28,0.38,0.00,0.17,0.00,0.01,58.85,0.95,5.29,27.61,5.04,0.00,0.00
130,1.41,0.00,0.60,0.55,0.84,0.18,0.77,0.91,0.55,1.05,1.57,0.03,0.09,16.40,0.58,5.67,44.89,22.17,1.75,0.00
131,0.81,0.00,0.52,0.06,0.00,0.02,0.03,0.28,0.27,0.00,0.12,0.00,0.03,45.75,0.89,9.33,35.66,6.22,0.00,0.00
132,1.27,0.00,0.47,0.21,0.08,0.07,0.17,0.38,0.30,0.01,0.23,0.00,0.00,38.77,0.34,1.59,47.05,9.06,0.00,0.00
133,0.46,0.00,0.41,0.45,0.32,0.13,0.38,0.84,0.47,0.01,0.35,0.02,0.00,62.14,0.63,8.46,21.00,3.92,0.00,0.00
134,0.41,0.00,0.45,0.06,0.01,0.04,0.04,0.22,0.28,0.02,0.15,0.00,0.00,58.61,0.56,1.06,24.21,13.87,0.00,0.00
135,1.45,0.00,0.42,0.21,0.03,0.14,0.06,0.90,0.70,0.06,5.54,0.00,0.00,21.16,1.56,7.01,41.18,19.58,0.00,0.00
136,1.40,0.00,0.65,0.20,0.13,0.05,0.14,0.46,0.55,0.01,0.28,0.02,0.00,12.65,11.09,7.50,41.12,23.75,0.00,0.00
137,1.08,0.00,0.67,0.13,0.08,0.05,0.00,0.52,0.52,0.00,1.39,0.03,0.00,3.85,8.86,5.90,46.49,30.42,0.00,0.00
138,2.72,0.00,0.87,2.08,0.41,0.71,2.86,3.96,1.40,2.87,15.84,0.00,0.00,6.13,8.11,3.83,17.68,30.52,0.00,0.00
139,1.39,0.00,0.95,0.67,0.22,0.16,0.49,1.36,0.92,0.74,1.11,0.02,0.00,47.52,1.21,5.47,28.62,9.14,0.00,0.00
140,1.41,0.05,0.28,0.07,0.03,0.02,0.09,0.06,0.16,0.00,0.05,0.01,0.00,28.88,0.62,0.55,64.24,3.46,0.00,0.00
141,1.61,0.00,0.76,0.46,0.31,0.19,0.21,1.03,0.51,0.00,5.03,0.06,0.05,4.81,12.88,5.84,21.87,44.41,0.00,0.00
142,1.61,0.00,0.57,0.50,0.09,0.16,0.38,1.18,0.82,0.01,5.33,0.00,0.00,5.51,10.31,5.05,35.58,32.88,0.00,0.00
143,0.41,0.00,0.74,0.28,0.24,0.08,0.16,0.52,0.39,0.01,0.68,0.14,0.51,27.37,0.70,0.11,15.52,52.15,0.00,0.00
144,0.13,0.00,0.24,0.02,0.00,0.00,0.00,0.07,0.11,0.00,0.08,0.00,0.00,20.32,0.20,0.03,4.13,74.67,0.00,0.00
145,0.62,0.01,0.26,0.07,0.00,0.02,0.01,0.15,0.24,0.00,0.04,0.01,0.01,57.75,0.32,0.25,28.63,11.60,0.00,0.00
146,0.01,0.00,0.13,0.01,0.00,0.00,0.00,0.02,0.01,0.00,0.09,0.01,0.00,0.05,0.00,0.00,8.07,71.18,20.38,0.02
147,0.21,0.01,0.21,0.19,0.02,0.02,0.15,0.62,0.51,0.01,1.53,0.00,0.00,9.06,16.94,0.37,6.57,63.53,0.00,0.05
148,0.07,0.00,0.19,0.05,0.00,0.02,0.00,0.06,0.18,0.00,0.11,0.00,0.00,0.12,0.04,0.02,19.48,79.61,0.00,0.02
149,0.03,0.00,0.14,0.04,0.00,0.01,0.00,0.10,0.16,0.00,0.04,0.01,0.00,18.79,0.21,0.26,33.80,46.42,0.00,0.00
150,0.47,0.00,0.63,0.72,0.31,0.14,0.60,1.07,0.69,0.64,0.73,0.01,0.01,11.66,0.57,0.00,2.92,78.81,0.00,0.00
151,0.92,0.00,0.36,0.08,0.01,0.05,0.03,0.18,0.30,0.00,0.19,0.01,0.00,7.00,0.45,0.13,16.43,73.86,0.00,0.00
152,0.01,0.00,0.19,0.06,0.05,0.00,0.03,0.10,0.16,0.00,0.11,0.00,0.03,5.04,16.55,0.25,8.40,68.95,0.06,0.00
153,0.21,0.00,0.48,0.13,0.01,0.01,0.05,0.25,0.37,0.00,0.16,0.02,0.00,57.47,0.50,0.08,37.29,2.96,0.00,0.00
154,0.49,0.00,0.45,0.14,0.02,0.06,0.03,0.37,0.76,0.00,0.34,0.01,0.02,9.80,2.78,1.59,14.39,68.51,0.22,0.00
155,0.08,0.01,0.41,0.05,0.07,0.01,0.00,0.14,0.12,0.00,0.18,0.01,0.01,7.36,0.18,0.40,56.44,34.53,0.00,0.00
156,0.04,0.00,0.36,0.04,0.03,0.00,0.02,0.06,0.16,0.00,0.07,0.00,0.00,33.55,0.06,0.08,61.90,3.63,0.00,0.00
157,0.15,0.00,0.47,0.10,0.07,0.03,0.00,0.43,0.34,0.00,1.38,0.00,0.00,3.97,1.92,0.58,13.55,77.01,0.00,0.00
158,0.16,0.00,0.29,0.25,0.70,0.09,0.36,0.43,0.30,0.34,0.92,0.03,0.02,3.84,1.39,3.48,37.69,49.71,0.00,0.00
159,0.41,0.00,0.29,0.07,0.13,0.01,0.04,0.10,0.25,0.00,0.03,0.01,0.03,54.74,0.02,0.03,19.93,23.91,0.00,0.00
160,0.15,0.00,0.40,0.23,0.02,0.11,0.00,0.41,0.52,0.00,0.86,0.00,0.00,0.38,0.35,0.31,2.13,94.10,0.02,0.00
161,0.78,0.01,0.49,0.12,0.04,0.01,0.03,0.47,0.48,0.00,0.24,0.00,0.13,15.48,29.01,3.37,7.09,42.25,0.00,0.00
162,0.43,0.00,0.48,0.85,0.23,0.16,0.39,2.34,1.33,0.14,12.29,0.02,0.07,2.38,1.28,1.08,4.31,72.23,0.00,0.00
163,0.70,1.25,0.30,0.19,0.01,0.03,0.16,0.47,0.37,0.00,0.69,0.00,0.00,50.15,6.31,2.20,8.74,28.42,0.00,0.00
164,0.87,0.01,0.74,0.78,0.47,0.17,0.39,3.79,0.83,0.02,14.57,0.01,0.13,7.82,10.55,17.13,30.51,11.21,0.00,0.00
165,0.00,0.00,0.12,0.03,0.15,0.00,0.03,0.02,0.15,0.00,0.01,0.00,0.00,4.89,0.01,0.00,0.85,93.73,0.00,0.00
166,0.17,0.01,0.37,0.25,0.25,0.03,0.29,0.31,0.27,0.12,0.31,0.01,0.06,0.10,6.21,0.21,9.99,81.00,0.00,0.05
167,0.13,0.00,0.33,0.06,0.04,0.02,0.00,0.14,0.20,0.00,0.03,0.00,0.00,3.81,0.19,1.69,49.61,43.74,0.00,0.00
168,0.25,0.00,0.49,0.16,0.18,0.03,0.03,0.32,0.31,0.00,0.27,0.03,0.10,18.76,0.01,0.30,40.48,38.29,0.00,0.00
169,0.21,1.51,0.15,0.00,0.03,0.00,0.00,0.00,0.15,0.00,0.00,0.00,0.01,0.23,2.77,4.82,29.55,60.56,0.00,0.00
170,2.87,0.01,0.53,0.34,0.50,0.27,0.00,0.63,0.98,0.00,0.37,0.27,0.08,0.42,3.41,1.32,46.46,41.54,0.00,0.00
171,0.28,0.01,0.30,0.02,0.00,0.00,0.00,0.04,0.05,0.00,0.14,0.00,0.00,6.66,0.04,0.00,50.50,41.95,0.00,0.00
172,0.18,0.00,1.04,1.19,0.97,0.25,1.17,1.32,0.88,3.31,0.54,0.05,0.03,10.65,0.49,0.53,10.29,67.12,0.00,0.00
173,0.05,0.00,0.29,0.00,0.00,0.00,0.00,0.00,0.04,0.00,0.00,0.00,0.00,2.26,0.05,0.07,15.92,81.31,0.00,0.00
174,0.14,0.00,0.14,0.00,0.02,0.00,0.00,0.00,0.10,0.00,0.00,0.00,0.10,8.82,0.19,0.07,37.08,53.35,0.00,0.00
175,2.08,0.00,0.32,0.07,0.06,0.02,0.03,0.24,0.42,0.00,0.11,0.01,0.00,2.04,0.24,4.05,35.72,54.59,0.00,0.00
176,0.10,0.01,0.20,0.08,0.02,0.03,0.14,0.07,0.25,0.00,0.06,0.01,0.00,45.25,0.01,0.12,49.23,4.42,0.00,0.00
177,0.03,0.07,0.14,0.01,0.01,0.00,0.00,0.02,0.06,0.00,0.05,0.00,0.00,3.30,0.04,0.16,73.46,22.65,0.00,0.00
178,1.72,0.01,0.22,0.06,0.10,0.01,0.09,0.09,0.07,0.03,0.18,0.00,0.02,0.04,0.00,0.00,0.75,95.35,1.19,0.06
179,1.18,0.00,0.51,0.29,0.18,0.11,0.18,0.75,0.78,0.01,0.96,0.01,0.00,5.06,3.52,0.32,17.05,69.09,0.00,0.00
180,0.91,0.00,0.74,0.53,0.22,0.20,0.04,2.04,1.47,0.04,5.93,0.02,0.04,2.44,8.27,17.77,40.85,18.49,0.00,0.00
181,2.71,0.03,0.24,0.06,0.10,0.02,0.09,0.26,0.23,0.00,0.66,0.00,0.01,0.35,8.41,0.14,5.88,80.73,0.00,0.08
182,0.32,0.22,0.36,0.18,0.02,0.02,0.00,0.42,0.34,0.00,0.14,0.00,0.16,5.88,41.18,1.87,4.30,44.58,0.00,0.00
183,3.38,0.00,0.49,0.21,0.11,0.06,0.12,0.65,0.72,0.01,1.91,0.00,0.01,2.65,1.39,8.17,32.03,48.09,0.00,0.00
184,0.01,0.00,0.12,0.01,0.10,0.00,0.00,0.00,0.27,0.00,0.00,0.00,0.00,16.60,0.52,0.00,12.58,69.77,0.00,0.00
185,0.44,0.06,0.22,0.06,0.03,0.00,0.00,0.16,0.20,0.00,0.03,0.00,0.01,52.84,0.02,0.55,24.00,21.37,0.00,0.00
186,0.58,6.83,0.35,0.08,0.06,0.01,0.03,0.22,0.26,0.00,0.07,0.00,0.00,18.76,27.40,0.74,2.10,42.49,0.00,0.00
187,2.31,0.00,0.37,0.23,0.05,0.13,0.02,0.81,0.69,0.00,2.62,0.00,0.04,0.19,0.10,0.40,17.81,74.25,0.00,0.00
188,0.01,0.00,0.27,0.03,0.12,0.00,0.00,0.07,0.15,0.00,0.01,0.00,0.00,0.00,0.00,0.00,5.65,93.69,0.00,0.00
189,1.51,2.27,1.16,2.26,1.85,0.61,2.95,2.90,0.88,2.05,1.03,0.03,0.26,62.54,4.65,0.45,1.21,11.37,0.01,0.00
190,0.60,0.00,0.39,0.07,0.05,0.03,0.00,0.18,0.42,0.00,0.17,0.00,0.01,1.85,0.49,6.03,54.16,35.54,0.00,0.00
191,0.50,0.00,0.34,0.08,0.00,0.01,0.00,0.20,0.33,0.00,0.11,0.01,0.00,48.07,0.66,0.09,45.26,4.33,0.00,0.00
192,0.03,0.00,0.35,0.04,0.11,0.01,0.01,0.04,0.05,0.00,0.12,0.01,0.02,0.77,0.05,0.00,4.59,93.66,0.13,0.00
193,0.01,0.00,0.08,0.02,0.05,0.11,0.00,0.04,0.23,0.00,0.01,0.01,0.00,41.71,0.48,0.00,15.86,41.39,0.00,0.00
194,0.19,0.00,0.38,0.09,0.01,0.02,0.08,0.09,0.34,0.00,0.02,0.00,0.00,74.44,0.84,0.10,20.34,3.07,0.00,0.00
195,0.00,0.00,0.18,0.08,0.14,0.01,0.11,0.09,0.07,0.01,0.13,0.12,0.04,0.10,0.00,0.00,25.36,73.56,0.00,0.00
196,1.18,0.00,0.98,1.43,1.26,0.32,1.48,2.49,0.60,2.13,0.85,0.04,0.03,30.34,0.88,7.91,24.37,23.71,0.00,0.00
197,0.08,0.00,0.40,0.19,0.15,0.11,0.30,0.26,0.24,0.03,0.30,0.05,0.01,13.29,0.16,0.99,67.17,16.26,0.00,0.00
198,0.01,0.00,0.22,0.03,0.02,0.00,0.00,0.05,0.07,0.00,0.02,0.00,0.00,0.08,0.01,0.00,2.14,97.36,0.00,0.00
199,0.22,0.00,0.28,0.07,0.01,0.01,0.00,0.21,0.22,0.00,0.21,0.02,0.02,27.53,0.52,0.02,3.38,67.28,0.00,0.00
200,3.31,0.00,1.66,4.64,0.95,1.18,5.01,7.37,1.91,5.59,12.58,0.04,0.05,6.25,4.30,1.42,6.06,37.00,0.67,0.00
201,0.06,0.00,0.39,0.12,0.03,0.05,0.00,0.30,0.34,0.00,0.31,0.00,0.02,2.58,0.92,0.20,6.08,88.60,0.00,0.00
202,0.01,0.00,0.26,0.09,0.09,0.04,0.05,0.16,0.24,0.00,0.13,0.01,0.05,45.22,0.53,0.00,8.45,44.54,0.13,0.00
203,1.13,0.04,0.61,0.20,0.04,0.03,0.01,0.36,0.56,0.00,0.22,0.00,0.09,3.96,45.59,3.26,1.77,42.15,0.00,0.00
204,0.11,0.00,0.39,0.11,0.01,0.02,0.06,0.28,0.31,0.00,0.48,0.00,0.01,5.69,0.56,0.25,8.78,82.94,0.00,0.00
205,0.34,0.01,0.31,0.02,0.00,0.01,0.00,0.11,0.20,0.00,0.09,0.01,0.00,11.27,0.24,3.67,45.62,38.12,0.00,0.00
206,0.65,0.00,0.42,0.11,0.01,0.03,0.03,0.38,0.57,0.00,0.47,0.00,0.02,30.19,32.78,2.98,15.65,15.70,0.01,0.00
207,0.10,0.00,0.28,0.05,0.00,0.01,0.00,0.15,0.12,0.00,0.12,0.00,0.00,23.13,0.12,0.07,21.83,54.01,0.00,0.00
208,0.07,0.00,0.24,0.02,0.00,0.00,0.00,0.07,0.11,0.00,0.10,0.02,0.00,7.60,0.12,0.64,38.37,52.64,0.00,0.00
209,0.17,0.00,0.44,0.05,0.01,0.01,0.03,0.05,0.06,0.00,0.08,0.01,0.00,0.86,0.05,0.02,0.11,98.03,0.02,0.00
210,0.02,0.00,0.16,0.00,0.06,0.00,0.00,0.01,0.01,0.00,0.09,0.03,0.00,0.00,0.00,0.00,0.39,97.88,1.33,0.03
211,0.66,0.01,0.33,0.07,0.01,0.00,0.05,0.12,0.30,0.00,0.02,0.00,0.00,72.27,0.29,0.03,17.55,8.29,0.00,0.00
212,0.08,0.23,0.27,0.03,0.00,0.00,0.02,0.07,0.23,0.00,0.07,0.00,0.00,3.89,9.88,1.49,11.78,71.96,0.00,0.00
213,0.60,0.04,0.48,0.21,0.13,0.03,0.00,0.48,0.50,0.26,0.38,0.15,0.00,47.67,2.91,1.26,15.19,29.71,0.00,0.00
214,0.22,0.02,0.20,0.07,0.01,0.00,0.04,0.12,0.33,0.00,0.04,0.01,0.00,65.47,1.02,0.19,28.89,3.37,0.00,0.00
215,0.95,5.06,0.91,0.60,0.28,0.11,0.60,1.09,0.62,0.39,0.79,0.00,0.07,14.85,44.92,0.97,2.28,25.50,0.00,0.00
216,0.44,3.32,0.20,0.21,0.43,0.06,0.22,0.35,0.35,0.01,0.17,0.04,0.03,17.76,18.83,3.48,4.84,49.26,0.00,0.00
217,0.32,0.02,0.17,0.03,0.00,0.00,0.00,0.06,0.14,0.00,0.06,0.00,0.00,17.92,0.20,0.14,35.99,44.95,0.00,0.00
218,2.29,0.00,0.27,0.05,0.01,0.01,0.01,0.21,0.37,0.00,0.33,0.00,0.00,11.38,0.48,5.61,48.78,30.21,0.00,0.00
219,0.13,0.01,0.22,0.06,0.00,0.01,0.03,0.11,0.29,0.00,0.16,0.00,0.03,1.00,10.52,1.26,43.29,42.87,0.00,0.00
220,0.30,0.00,0.42,0.12,0.04,0.01,0.00,0.28,0.41,0.00,0.09,0.00,0.00,17.26,0.62,0.07,15.05,65.35,0.00,0.00
221,0.53,0.00,0.58,0.05,0.10,0.00,0.00,0.19,0.21,0.00,0.21,0.48,0.00,26.88,0.37,0.35,56.20,13.82,0.00,0.00
222,0.59,0.12,0.42,0.20,0.05,0.01,0.00,0.32,0.52,0.00,0.15,0.00,0.14,2.32,41.74,4.20,1.38,47.84,0.00,0.00
223,0.47,0.00,0.45,0.30,0.04,0.04,0.22,0.39,0.38,0.01,0.25,0.09,0.00,70.42,0.64,0.10,23.29,2.91,0.00,0.00
224,0.94,0.01,2.52,5.57,2.84,1.43,9.42,8.69,1.75,4.91,13.91,0.02,0.42,5.49,10.33,1.18,1.50,28.06,1.02,0.00
225,0.46,0.01,0.37,0.03,0.01,0.00,0.00,0.10,0.10,0.00,0.19,0.01,0.01,9.88,0.00,0.16,45.06,43.61,0.00,0.00
226,1.16,0.00,0.55,0.12,0.04,0.05,0.02,0.43,0.62,0.00,0.27,0.01,0.02,4.21,6.39,9.47,35.28,41.37,0.00,0.00
227,0.00,0.00,0.17,0.02,0.09,0.01,0.01,0.06,0.11,0.00,0.08,0.01,0.00,2.46,0.07,0.00,0.87,96.03,0.00,0.00
228,0.20,0.00,0.34,0.09,0.01,0.03,0.00,0.22,0.29,0.00,0.14,0.02,0.00,2.53,1.75,1.91,51.84,40.62,0.00,0.00
229,0.05,0.00,0.24,0.05,0.03,0.02,0.00,0.11,0.36,0.00,0.05,0.00,0.00,30.33,1.16,0.62,23.31,43.70,0.00,0.00
230,0.07,0.03,0.45,0.11,0.06,0.03,0.15,0.10,0.34,0.01,0.04,0.00,0.01,66.00,0.80,0.04,17.08,14.69,0.00,0.00
231,0.11,0.12,0.25,0.06,0.00,0.01,0.01,0.18,0.24,0.00,0.12,0.00,0.00,1.75,0.77,2.00,16.85,77.51,0.00,0.00
232,0.61,0.02,0.21,0.18,0.23,0.09,0.17,0.55,0.25,0.03,1.09,0.07,0.12,17.03,0.00,0.09,48.46,30.78,0.00,0.00
233,2.68,0.00,0.21,0.09,0.04,0.13,0.00,1.05,0.35,0.00,1.77,0.01,0.00,0.18,0.23,0.24,8.75,84.27,0.00,0.00
234,0.02,0.00,0.21,0.01,0.00,0.00,0.00,0.05,0.03,0.00,0.03,0.06,0.00,0.10,0.00,0.00,19.23,78.69,1.51,0.05
235,0.59,0.00,0.63,0.23,0.09,0.07,0.01,0.63,0.55,0.00,0.70,0.00,0.00,7.10,8.56,1.15,26.13,53.54,0.00,0.00
236,4.48,0.13,4.57,8.42,5.01,3.61,13.48,13.48,2.65,8.06,7.08,0.12,0.05,1.94,5.32,7.67,7.49,6.44,0.00,0.00
237,0.15,0.51,0.40,0.10,0.03,0.04,0.02,0.33,0.40,0.00,0.09,0.00,0.01,3.13,44.25,1.34,2.60,46.60,0.00,0.00
238,0.12,0.00,0.61,0.08,0.01,0.01,0.00,0.20,0.18,0.00,0.12,0.00,0.00,25.20,0.21,0.03,3.69,69.55,0.00,0.00
239,0.81,0.04,0.79,1.91,0.39,0.28,1.54,7.15,1.26,0.69,1.82,0.00,0.21,36.46,15.53,0.73,4.40,25.87,0.04,0.08
240,0.31,0.00,0.31,0.14,0.09,0.03,0.24,0.13,0.22,0.03,0.16,0.08,0.01,35.03,0.39,0.05,51.19,11.58,0.00,0.00
241,0.05,0.00,0.26,0.03,0.00,0.00,0.00,0.10,0.07,0.00,0.08,0.00,0.00,0.36,0.37,0.05,1.83,96.80,0.00,0.00
242,0.01,0.00,0.21,0.01,0.16,0.00,0.00,0.02,0.04,0.00,0.02,0.00,0.00,0.01,0.00,0.01,0.85,98.52,0.14,0.00
243,1.69,5.18,0.75,0.50,0.36,0.12,0.39,1.56,0.52,0.07,2.33,0.14,0.13,57.73,7.52,1.13,1.48,18.41,0.00,0.00
244,0.31,0.00,0.50,0.11,0.08,0.00,0.05,0.24,0.29,0.00,0.10,0.03,0.01,68.91,0.41,0.00,8.10,20.70,0.17,0.00
245,0.00,0.00,0.20,0.03,0.11,0.01,0.00,0.06,0.03,0.00,0.07,0.00,0.00,0.02,0.00,0.00,0.54,98.93,0.00,0.00
246,0.57,0.00,0.25,0.05,0.07,0.02,0.00,0.17,0.29,0.00,0.04,0.00,0.00,1.57,0.11,0.08,15.65,81.13,0.00,0.00
247,0.05,0.00,0.52,0.16,0.11,0.02,0.09,0.18,0.18,0.00,0.35,0.03,0.07,0.07,0.00,0.00,7.80,90.38,0.00,0.00
248,0.24,0.00,0.51,0.12,0.03,0.04,0.03,0.65,0.26,0.01,2.70,0.00,0.02,0.85,0.61,0.60,27.77,65.56,0.00,0.00
249,0.63,0.00,0.42,0.07,0.01,0.02,0.00,0.27,0.33,0.00,0.11,0.00,0.00,50.37,1.94,1.44,21.66,22.72,0.00,0.00
250,0.20,0.00,0.20,0.04,0.15,0.02,0.00,0.08,0.14,0.00,0.07,0.01,0.02,35.05,1.15,0.01,14.18,48.68,0.00,0.00
251,0.17,0.13,0.43,0.19,0.03,0.01,0.01,0.65,0.59,0.00,1.25,0.00,0.20,10.77,23.76,1.55,4.26,56.01,0.00,0.00
252,0.07,0.07,0.36,0.04,0.09,0.00,0.00,0.08,0.11,0.00,0.02,0.01,0.02,2.49,0.05,0.21,75.30,21.07,0.00,0.00
253,0.03,0.00,0.45,0.01,0.08,0.00,0.02,0.04,0.11,0.00,0.04,0.02,0.00,25.18,0.18,0.06,65.40,8.37,0.00,0.00
254,1.21,0.00,0.28,0.16,0.08,0.04,0.07,0.43,0.50,0.00,0.24,0.01,0.00,11.22,0.48,8.57,46.07,30.61,0.00,0.00
255,0.50,0.04,0.50,0.12,0.02,0.02,0.04,0.24,0.45,0.00,0.17,0.00,0.02,4.38,35.49,2.93,1.33,53.75,0.00,0.00
256,1.01,0.21,0.12,0.01,0.04,0.00,0.00,0.00,0.21,0.00,0.00,0.00,0.02,3.19,18.68,0.16,2.00,74.35,0.00,0.00
257,0.42,0.00,0.50,0.22,0.02,0.03,0.13,0.32,0.66,0.01,0.43,0.01,0.00,4.21,5.83,2.64,47.75,36.82,0.00,0.00
258,2.49,0.01,1.26,1.34,0.53,0.32,1.14,2.51,1.10,2.01,2.85,0.04,0.04,19.26,19.67,7.54,24.50,13.37,0.00,0.00
259,0.39,0.00,0.46,0.10,0.01,0.02,0.05,0.15,0.27,0.00,0.18,0.02,0.01,7.64,1.77,0.08,11.93,76.92,0.00,0.00
260,0.22,0.00,0.33,0.03,0.00,0.00,0.00,0.17,0.09,0.00,0.23,0.01,0.00,7.41,0.08,0.11,45.80,45.51,0.00,0.00
261,0.08,0.00,0.23,0.02,0.00,0.00,0.00,0.03,0.06,0.00,0.08,0.00,0.06,3.25,0.01,0.23,26.18,69.77,0.00,0.00
262,0.06,0.00,0.25,0.04,0.00,0.00,0.00,0.08,0.20,0.00,0.23,0.00,0.00,0.02,0.02,0.06,1.59,97.37,0.07,0.00
263,0.00,0.00,0.32,0.04,0.58,0.01,0.02,0.05,0.09,0.00,0.01,0.00,0.00,0.00,0.00,0.00,0.24,98.63,0.00,0.00
264,0.09,0.00,0.69,0.84,0.43,0.38,1.13,1.14,0.53,1.74,0.90,0.11,0.04,6.41,0.29,0.08,11.15,74.06,0.00,0.00
265,0.05,0.00,0.15,0.00,0.00,0.00,0.00,0.01,0.03,0.00,0.03,0.00,0.01,1.09,0.08,0.01,5.13,92.44,0.95,0.03
266,0.11,0.11,0.22,0.05,0.00,0.01,0.06,0.21,0.24,0.00,0.30,0.00,0.00,9.44,1.21,0.30,10.31,77.44,0.00,0.00
267,0.83,0.02,0.36,0.11,0.03,0.02,0.00,0.31,0.37,0.00,0.25,0.00,0.00,8.27,7.81,1.18,27.10,53.33,0.00,0.00
268,0.47,0.00,0.31,0.12,0.16,0.02,0.00,0.28,0.37,0.00,0.21,0.08,0.00,11.86,0.40,0.03,23.10,62.60,0.00,0.00
269,0.20,0.00,0.21,0.05,0.08,0.01,0.04,0.04,0.10,0.00,0.08,0.03,0.13,0.07,0.00,0.00,33.10,65.84,0.00,0.00
270,0.17,0.00,1.23,1.91,0.52,0.43,2.37,1.57,1.02,1.40,0.65,0.02,0.02,72.24,0.42,0.01,12.32,3.69,0.00,0.00
271,2.31,0.01,0.63,0.34,0.39,0.06,0.03,0.85,0.94,0.00,1.68,0.01,0.56,4.18,10.84,14.87,40.30,22.00,0.00,0.00
272,0.01,0.00,0.12,0.01,0.00,0.00,0.00,0.01,0.02,0.00,0.17,0.00,0.00,0.01,0.00,0.00,11.79,85.57,2.28,0.00
273,0.11,0.00,1.34,2.84,1.70,0.52,4.58,3.27,0.54,3.56,3.54,0.19,0.24,9.56,0.07,0.00,4.52,63.35,0.00,0.07
274,1.08,0.00,0.75,1.41,0.27,0.33,1.18,3.18,1.93,0.57,4.60,0.00,0.34,21.06,6.66,2.66,23.66,30.31,0.00,0.00
275,0.01,0.00,0.08,0.04,0.11,0.01,0.00,0.11,0.12,0.00,0.14,0.01,0.01,10.32,0.00,0.62,78.30,10.11,0.00,0.00
276,0.17,0.00,0.29,0.04,0.00,0.01,0.00,0.12,0.16,0.00,0.23,0.02,0.00,0.90,0.99,0.22,6.72,90.14,0.00,0.00
277,0.13,0.00,0.13,0.06,0.04,0.01,0.00,0.14,0.24,0.00,0.08,0.01,0.00,46.88,0.26,0.03,44.87,7.11,0.00,0.00
278,3.23,0.03,0.57,0.29,0.06,0.18,0.04,0.67,0.84,0.00,0.52,0.00,0.04,27.44,12.19,19.54,20.71,13.65,0.00,0.00
279,0.33,0.07,1.03,0.93,0.32,0.18,1.09,0.82,0.41,2.16,0.60,0.03,0.04,4.51,0.02,0.04,56.12,31.31,0.00,0.00
280,0.28,0.02,0.70,0.28,0.10,0.05,0.23,0.69,0.58,0.00,0.76,0.02,0.09,32.87,22.63,0.59,2.59,37.50,0.00,0.00
281,0.10,0.00,0.30,0.02,0.00,0.00,0.00,0.05,0.08,0.00,0.10,0.00,0.00,9.07,0.27,0.35,23.95,65.69,0.00,0.00
282,0.01,0.00,0.69,0.83,0.46,0.13,1.29,1.19,0.27,4.45,1.95,0.04,0.25,0.08,0.00,0.00,10.70,77.65,0.00,0.00
283,2.54,2.28,1.21,1.97,0.70,0.48,2.08,4.25,1.62,1.23,2.72,0.14,0.01,40.09,5.14,0.29,1.88,31.06,0.16,0.16
284,0.44,0.07,0.35,0.28,0.03,0.01,0.13,0.66,0.38,0.00,0.84,0.00,0.01,2.14,0.62,0.08,29.17,64.70,0.00,0.09
285,2.91,0.01,0.36,0.05,0.00,0.02,0.00,0.13,0.22,0.00,0.05,0.00,0.00,22.70,1.65,2.45,23.84,45.60,0.00,0.00
286,0.60,0.01,0.93,0.65,0.48,0.18,0.19,2.20,1.55,0.59,2.39,0.01,0.01,13.27,19.78,2.89,7.65,46.63,0.00,0.00
287,0.77,0.02,0.46,0.28,0.09,0.10,0.01,1.04,1.35,0.00,4.71,0.00,0.01,3.66,25.52,2.55,2.43,56.98,0.00,0.00
288,0.17,0.00,0.11,0.06,0.11,0.02,0.04,0.11,0.09,0.00,0.13,0.01,0.14,4.65,0.00,0.00,51.02,43.33,0.00,0.00
289,0.22,0.00,0.34,0.09,0.01,0.01,0.00,0.16,0.29,0.00,0.12,0.00,0.00,0.20,0.40,0.30,3.39,94.47,0.00,0.00
290,0.34,0.06,0.41,0.15,0.05,0.02,0.03,0.44,0.37,0.00,0.11,0.00,0.01,3.07,42.34,1.72,2.62,48.26,0.00,0.00
291,0.70,0.00,0.11,0.11,0.01,0.05,0.00,0.47,0.68,0.00,1.75,0.00,0.00,0.18,0.22,0.33,2.70,91.28,1.42,0.00
292,3.21,0.01,0.80,1.15,1.23,0.23,1.33,2.71,1.13,2.01,4.92,0.03,0.10,18.34,8.09,3.22,19.15,32.35,0.00,0.00
293,2.92,21.81,0.52,0.54,0.46,0.20,0.39,2.44,1.19,0.02,5.68,0.00,0.01,2.02,4.15,0.30,2.76,54.58,0.00,0.00
294,1.92,0.01,0.23,0.09,0.02,0.01,0.00,0.27,0.38,0.03,0.29,0.03,0.00,11.98,1.11,5.79,32.41,45.44,0.00,0.00
295,0.17,0.00,0.26,0.02,0.00,0.00,0.00,0.05,0.10,0.00,0.08,0.00,0.00,15.40,0.00,0.25,50.82,32.84,0.00,0.00
296,0.02,0.24,0.42,0.21,0.30,0.04,0.18,0.35,0.46,0.01,0.73,0.01,0.06,13.76,32.62,1.01,1.58,48.01,0.00,0.00
297,0.18,0.06,0.19,0.06,0.00,0.02,0.05,0.09,0.31,0.01,0.07,0.00,0.01,44.74,0.38,0.04,46.99,6.80,0.00,0.00
298,0.05,0.11,0.35,0.09,0.03,0.00,0.04,0.23,0.35,0.00,0.15,0.00,0.02,17.84,13.29,1.17,6.46,59.80,0.00,0.00
299,0.58,0.93,0.29,0.03,0.13,0.02,0.00,0.09,0.22,0.00,0.06,0.00,0.02,2.69,39.03,0.79,0.47,54.65,0.00,0.00
300,0.40,0.00,0.06,0.00,0.00,0.00,0.00,0.00,0.01,0.00,0.00,0.00,0.00,0.00,0.00,0.00,1.46,98.06,0.00,0.00
301,1.97,0.02,0.23,0.12,0.01,0.04,0.02,0.46,0.43,0.00,1.43,0.00,0.05,2.01,3.05,5.01,55.98,29.17,0.00,0.00
302,0.03,0.00,0.36,0.20,0.10,0.05,0.05,0.42,0.42,0.00,0.24,0.00,0.01,63.42,0.18,0.00,21.96,12.55,0.00,0.00
303,0.35,0.00,0.20,0.04,0.00,0.01,0.02,0.07,0.19,0.00,0.09,0.00,0.00,2.78,1.90,0.34,15.73,78.28,0.00,0.00
304,0.16,0.00,0.43,0.30,0.04,0.10,0.04,1.01,0.67,0.00,1.57,0.02,0.00,0.22,0.20,0.08,1.66,93.49,0.00,0.00
305,0.46,0.00,0.30,0.06,0.01,0.02,0.00,0.11,0.22,0.00,0.09,0.00,0.00,1.31,1.96,1.37,27.83,66.27,0.00,0.00
306,3.01,0.03,0.47,0.28,0.08,0.12,0.11,0.57,0.67,0.00,0.80,0.04,0.01,10.21,12.66,14.20,26.69,30.05,0.00,0.00
307,0.59,0.01,0.53,0.09,0.07,0.01,0.10,0.20,0.26,0.01,0.19,0.01,0.00,32.69,0.34,1.49,11.63,51.79,0.00,0.00
308,0.01,0.00,0.16,0.02,0.11,0.00,0.00,0.06,0.16,0.00,0.04,0.00,0.00,0.22,0.00,0.00,1.05,98.15,0.00,0.00
309,0.34,0.00,0.88,0.29,0.19,0.05,0.12,0.89,1.32,0.01,0.99,0.01,0.00,5.50,24.88,2.71,6.80,55.02,0.00,0.00
310,0.00,0.00,0.09,0.04,0.04,0.00,0.04,0.06,0.19,0.00,0.03,0.01,0.01,0.18,2.94,0.09,70.97,25.31,0.00,0.00
311,0.01,0.00,0.15,0.01,0.00,0.00,0.00,0.01,0.01,0.00,0.02,0.02,0.01,0.20,0.02,0.00,6.16,90.91,2.46,0.00
312,8.11,0.29,1.33,2.51,0.91,1.36,2.89,5.04,1.72,3.32,5.79,0.01,0.02,9.71,16.48,15.15,14.39,10.97,0.00,0.00
313,0.79,0.00,0.29,0.04,0.01,0.01,0.00,0.10,0.23,0.00,0.18,0.00,0.00,9.03,0.37,0.02,6.32,82.62,0.00,0.00
314,0.55,0.01,0.56,0.52,0.11,0.15,1.15,0.79,0.50,0.37,2.57,0.02,0.01,27.31,0.29,0.16,56.92,8.00,0.00,0.00
315,0.09,0.00,0.49,0.05,0.00,0.01,0.00,0.07,0.08,0.00,0.04,0.01,0.01,0.27,0.17,0.07,1.33,97.32,0.00,0.00
316,0.55,0.00,0.27,0.07,0.00,0.01,0.00,0.17,0.23,0.00,0.12,0.02,0.00,36.57,0.59,0.35,1.76,59.30,0.00,0.00
317,3.62,0.00,0.46,0.71,0.21,0.27,0.07,3.93,1.36,0.00,10.32,0.00,0.02,1.48,3.43,6.77,47.73,19.61,0.00,0.00
318,0.16,0.07,0.42,0.14,0.01,0.01,0.00,0.68,0.73,0.00,5.08,0.00,0.22,8.43,40.05,2.26,3.92,37.81,0.00,0.00
319,0.10,0.00,0.50,0.26,0.21,0.04,0.08,0.40,0.41,0.00,0.31,0.02,0.01,8.51,0.21,0.09,9.73,79.11,0.00,0.00
320,0.04,0.00,0.29,0.03,0.00,0.00,0.02,0.04,0.15,0.00,0.03,0.00,0.00,13.07,0.01,0.01,12.23,74.06,0.00,0.00
321,2.79,0.17,0.57,0.07,0.08,0.01,0.00,0.25,0.31,0.00,0.79,0.00,0.01,7.22,25.26,0.78,3.78,57.91,0.00,0.00
322,0.08,0.00,0.18,0.01,0.00,0.01,0.00,0.06,0.10,0.00,0.11,0.00,0.00,8.03,0.00,0.14,42.40,48.88,0.00,0.00
323,0.10,0.00,0.39,0.03,0.01,0.02,0.00,0.08,0.20,0.00,0.22,0.02,0.00,44.59,0.07,0.04,47.35,6.87,0.00,0.00
324,0.11,0.01,0.25,0.09,0.07,0.04,0.14,0.04,0.19,0.01,0.04,0.01,0.01,50.05,0.07,0.23,38.73,9.94,0.00,0.00
325,2.50,0.00,0.67,1.01,0.36,0.50,0.16,3.65,2.44,0.45,10.78,0.00,0.44,1.06,1.03,1.31,4.34,68.71,0.58,0.00
326,1.88,15.37,0.77,0.66,0.22,0.42,0.13,2.12,0.76,0.09,5.41,0.03,0.08,10.34,7.11,0.60,0.99,52.78,0.23,0.00
327,1.86,11.42,1.34,1.97,1.35,0.43,1.47,5.55,0.77,4.31,9.51,0.07,0.31,2.34,7.93,0.63,0.62,47.81,0.31,0.00
328,0.64,2.59,0.63,0.16,0.19,0.07,0.00,0.62,0.45,0.00,1.35,0.03,0.22,11.17,5.55,0.35,1.04,74.92,0.00,0.00
329,1.71,68.62,0.80,0.23,0.02,0.30,0.00,0.97,0.29,0.00,1.79,0.07,0.03,0.02,0.03,0.01,0.00,24.83,0.29,0.00
330,2.03,8.49,0.81,0.40,0.07,0.05,0.00,0.53,0.79,0.00,2.27,0.06,0.04,16.56,10.51,0.50,1.22,55.66,0.00,0.00
331,1.13,9.91,1.90,2.82,1.89,0.85,2.56,8.23,0.94,3.14,7.49,0.10,0.22,8.81,4.36,0.41,0.61,43.09,1.55,0.00
332,1.96,56.27,0.44,0.22,0.08,0.11,0.01,0.57,0.49,0.00,2.19,0.09,0.05,0.07,0.45,0.03,0.15,36.81,0.00,0.00
333,0.95,41.45,0.64,0.18,0.07,0.07,0.00,0.83,0.70,0.00,6.25,0.01,0.00,1.33,0.55,0.02,0.12,45.11,1.70,0.00
334,1.14,22.74,0.37,0.18,0.03,0.01,0.00,0.21,0.51,0.00,0.35,0.01,0.01,4.21,3.48,0.14,0.83,65.75,0.01,0.00
335,1.12,16.12,1.68,2.14,0.24,0.66,1.42,4.52,0.85,3.76,10.95,0.00,0.01,1.63,2.57,0.16,1.19,50.97,0.00,0.00
336,2.17,12.38,1.23,0.47,0.14,0.11,0.00,1.08,0.72,0.00,9.31,0.01,0.10,5.88,4.65,0.23,1.08,60.43,0.00,0.00
337,1.17,10.73,0.96,0.34,0.29,0.39,0.14,1.18,0.75,0.05,4.64,0.05,0.05,4.82,4.99,0.25,0.54,68.37,0.28,0.00
338,0.99,8.84,0.64,0.17,0.01,0.03,0.00,0.27,0.60,0.00,1.06,0.01,0.00,12.34,5.93,0.49,0.75,67.86,0.00,0.00
339,1.15,22.79,1.33,1.76,1.26,0.54,1.19,3.68,1.47,2.14,2.62,0.34,0.10,0.20,1.16,0.04,0.30,57.92,0.00,0.00
340,0.91,7.83,0.97,1.03,2.10,0.58,0.87,2.62,0.64,1.64,1.90,0.10,0.07,3.80,2.82,0.15,0.50,70.85,0.59,0.00
341,0.68,46.53,0.27,0.05,0.01,0.01,0.00,0.03,0.24,0.00,0.09,0.00,0.01,0.38,0.52,0.05,0.09,49.37,1.67,0.00
342,0.85,12.13,0.68,0.61,0.88,0.39,0.07,3.74,1.08,0.63,4.11,0.05,0.14,9.81,1.84,0.25,0.61,61.77,0.36,0.00
343,2.07,11.35,0.35,0.23,0.04,0.07,0.00,0.31,1.33,0.00,1.25,0.01,0.01,2.24,6.29,0.33,1.10,72.86,0.15,0.00
344,5.33,4.83,0.59,0.25,0.03,0.13,0.00,0.78,0.53,0.00,1.47,0.01,0.00,43.10,7.65,0.51,2.34,32.45,0.00,0.00
345,15.11,33.84,4.68,7.53,4.38,3.72,15.49,1.46,1.58,2.68,0.73,0.13,0.00,0.49,0.39,0.00,0.00,7.76,0.00,0.00
346,2.54,10.29,1.13,0.68,0.50,0.08,0.37,1.92,1.18,1.03,2.26,0.03,0.13,12.92,6.01,0.27,0.39,47.18,11.09,0.00
347,7.95,18.72,0.57,0.48,0.08,0.05,0.06,3.33,1.20,0.36,12.69,0.01,0.13,1.15,5.80,0.63,0.17,46.62,0.00,0.00
348,0.51,5.15,0.67,0.39,0.34,0.06,0.45,1.03,1.27,0.01,0.47,0.02,0.00,63.73,10.86,0.04,0.11,14.88,0.00,0.00
349,3.75,15.15,1.20,1.10,1.38,0.26,0.83,4.69,1.36,1.23,3.48,0.07,0.01,14.34,19.40,0.35,0.54,30.86,0.00,0.00
350,1.13,4.73,0.40,0.31,0.14,0.05,0.10,0.95,0.97,0.02,2.47,0.01,0.49,3.82,13.50,2.43,0.88,67.58,0.00,0.00
351,21.53,64.28,0.13,0.33,0.57,0.07,1.01,0.89,0.17,0.91,0.60,0.01,0.00,0.18,0.09,0.00,0.00,8.99,0.27,0.00
352,5.57,42.97,1.60,0.63,1.94,0.12,0.31,2.20,0.97,0.11,1.46,0.02,0.03,26.66,7.70,0.30,0.08,7.32,0.00,0.00
353,22.99,56.57,0.27,0.39,0.28,0.04,0.32,1.18,0.36,0.37,0.76,0.00,0.05,3.26,1.23,0.03,0.01,11.87,0.00,0.00
354,0.79,0.92,0.26,0.13,0.08,0.00,0.01,0.34,0.45,0.00,1.89,0.03,0.33,7.72,16.07,1.45,0.85,68.67,0.00,0.00
355,2.34,27.05,0.32,0.22,0.03,0.02,0.04,0.82,0.89,0.00,0.73,0.00,0.00,37.45,12.25,0.29,0.51,17.03,0.00,0.00
356,8.78,48.84,0.56,0.60,0.52,0.15,0.57,2.23,1.03,0.00,0.50,0.00,0.01,22.81,4.26,0.08,0.06,8.99,0.00,0.00
357,4.31,55.20,0.71,0.29,1.93,0.01,0.09,2.64,1.04,0.00,1.01,0.02,0.04,28.11,1.52,0.07,0.02,3.00,0.00,0.00
358,10.16,56.19,0.48,0.44,0.50,0.07,0.63,0.97,0.75,0.02,0.51,0.01,0.03,16.87,1.31,0.04,0.05,10.97,0.00,0.00
359,0.48,11.57,0.41,0.11,0.12,0.02,0.03,0.38,0.48,0.00,0.73,0.04,0.07,2.20,9.17,1.45,0.56,72.17,0.00,0.00
360,0.68,3.96,2.13,4.43,1.42,0.73,4.05,13.28,1.21,1.64,2.60,0.00,0.00,36.47,23.96,0.39,0.18,2.86,0.00,0.00
361,24.87,53.12,0.03,0.05,0.13,0.01,0.00,0.04,0.20,0.00,0.12,0.01,0.03,5.71,2.64,0.02,0.00,13.00,0.03,0.00
362,0.87,6.01,0.37,0.17,0.79,0.03,0.01,0.62,0.79,0.01,2.13,0.03,0.04,0.06,3.41,0.42,0.61,78.74,4.86,0.00
363,4.68,17.99,0.30,0.22,0.21,0.06,0.00,0.08,0.58,0.00,1.46,0.07,0.16,8.63,6.77,0.94,0.58,57.03,0.25,0.00
364,7.53,54.29,0.35,0.14,0.26,0.01,0.04,1.30,0.90,0.00,0.89,0.00,0.01,28.65,1.02,0.04,0.02,4.53,0.00,0.00
365,3.60,30.06,1.38,1.12,2.11,0.19,0.26,9.30,1.44,0.02,9.37,0.06,0.00,19.35,11.40,0.55,0.13,9.65,0.00,0.00
366,1.52,15.68,1.24,0.76,0.26,0.12,0.08,3.31,0.72,0.01,11.28,0.01,0.19,4.98,14.32,2.44,0.65,42.42,0.00,0.00
367,11.90,33.85,0.13,0.21,0.06,0.01,0.17,0.61,0.50,0.00,0.23,0.00,0.01,35.86,8.80,0.05,0.05,7.56,0.00,0.00
368,15.74,54.81,0.31,0.32,0.21,0.05,0.21,1.49,0.52,0.06,0.67,0.00,0.01,9.59,4.81,0.17,0.01,11.00,0.00,0.00
369,0.98,5.76,0.86,0.27,0.11,0.06,0.13,0.80,0.76,0.00,0.29,0.00,0.01,63.84,11.13,0.07,1.34,13.59,0.00,0.00
370,1.55,26.32,0.93,0.40,0.16,0.07,0.39,1.13,0.99,0.01,0.67,0.00,0.00,38.93,18.19,0.47,0.23,9.54,0.02,0.00
371,3.99,64.43,0.34,0.25,0.88,0.05,0.24,0.78,0.69,0.00,1.05,0.02,0.00,16.62,4.48,0.23,0.04,5.89,0.00,0.00
372,22.51,38.79,2.08,4.56,2.80,0.98,10.84,2.92,0.91,2.24,0.89,0.00,0.01,0.98,0.37,0.00,0.00,8.39,0.72,0.00
373,39.43,39.70,0.06,0.17,0.71,0.09,0.05,0.78,0.29,0.31,0.64,0.01,0.28,1.56,0.83,0.04,0.00,15.05,0.00,0.00
374,3.38,23.85,1.22,1.39,0.27,0.41,0.41,5.86,1.14,0.75,12.28,0.02,0.11,0.65,5.88,0.96,0.46,40.23,0.72,0.00
