uniqid_eco4,NWALT92_11_eco4,NWALT92_12_eco4,NWALT92_21_eco4,NWALT92_22_eco4,NWALT92_23_eco4,NWALT92_24_eco4,NWALT92_25_eco4,NWALT92_26_eco4,NWALT92_27_eco4,NWALT92_31_eco4,NWALT92_32_eco4,NWALT92_33_eco4,NWALT92_41_eco4,NWALT92_43_eco4,NWALT92_44_eco4,NWALT92_45_eco4,NWALT92_46_eco4,NWALT92_50_eco4,NWALT92_60_eco4,NWALT92_9999_eco4
1,3.75,0.14,0.54,0.18,0.17,0.07,0.10,0.43,0.32,0.03,0.46,0.03,0.00,11.28,2.09,0.21,4.40,75.65,0.15,0.00
2,0.02,0.00,0.27,0.05,0.01,0.01,0.04,0.07,0.17,0.00,0.02,0.00,0.00,78.84,0.21,0.02,1.15,19.10,0.02,0.00
3,0.06,0.00,0.36,0.05,0.02,0.02,0.05,0.10,0.15,0.00,0.07,0.01,0.00,36.17,1.33,0.49,3.04,58.05,0.04,0.00
4,1.13,0.00,0.13,0.02,0.01,0.01,0.00,0.09,0.17,0.00,0.01,0.00,0.00,32.53,1.35,0.06,3.95,60.53,0.00,0.00
5,4.52,0.15,0.97,0.54,0.50,0.14,0.41,1.12,0.83,0.26,0.55,0.17,0.00,42.80,4.36,0.33,3.34,38.84,0.17,0.00
6,1.32,0.00,0.33,0.19,0.03,0.08,0.22,0.87,0.22,0.00,0.51,0.00,0.00,47.25,0.80,0.27,30.24,17.67,0.00,0.00
7,0.07,0.00,0.16,0.05,0.02,0.01,0.06,0.20,0.25,0.04,0.12,0.04,0.00,20.18,2.36,0.15,8.35,67.76,0.17,0.00
8,0.00,0.00,0.45,0.29,0.03,0.02,0.10,0.36,0.30,0.00,0.05,0.00,0.00,90.43,0.44,0.00,1.13,6.41,0.00,0.00
9,0.01,0.00,0.43,0.08,0.06,0.02,0.00,0.37,0.29,0.00,0.03,0.00,0.00,79.23,0.43,0.00,5.31,13.75,0.00,0.00
10,0.02,0.00,0.25,0.09,0.02,0.01,0.03,0.13,0.20,0.00,0.01,0.01,0.00,70.93,0.38,0.04,10.63,17.26,0.00,0.00
11,1.26,0.01,0.07,0.00,0.00,0.06,0.00,0.00,0.02,0.00,0.08,0.00,0.00,0.75,0.08,0.18,1.55,95.96,0.00,0.00
12,4.45,0.00,0.57,0.37,0.28,0.09,0.14,0.22,0.18,0.00,0.22,0.01,0.00,8.18,0.24,0.06,63.69,21.10,0.20,0.00
13,3.14,0.03,0.66,0.24,0.06,0.02,0.04,0.39,0.66,0.00,0.58,0.01,0.01,1.35,5.47,0.30,13.47,73.35,0.22,0.00
14,0.00,0.00,0.13,0.00,0.00,0.00,0.00,0.00,0.04,0.00,0.00,0.00,0.00,4.07,0.43,0.18,13.81,81.33,0.00,0.00
15,0.24,0.03,0.14,0.01,0.00,0.00,0.00,0.03,0.06,0.00,0.09,0.00,0.00,0.23,0.59,1.39,0.85,95.39,0.94,0.00
16,0.02,0.06,0.11,0.00,0.00,0.00,0.00,0.00,0.01,0.00,0.00,0.00,0.00,0.03,0.06,0.09,0.06,97.99,1.58,0.00
17,0.02,0.00,0.17,0.00,0.00,0.00,0.00,0.00,0.04,0.01,0.00,0.00,0.00,1.14,0.02,0.06,3.78,93.36,1.39,0.00
18,0.20,0.02,0.13,0.00,0.00,0.00,0.00,0.00,0.01,0.00,0.04,0.00,0.00,0.01,0.02,0.21,0.80,93.02,5.52,0.00
19,0.36,0.00,0.04,0.00,0.00,0.00,0.00,0.00,0.02,0.00,0.00,0.00,0.00,0.20,0.01,0.12,2.08,84.08,13.09,0.00
20,0.09,0.00,0.06,0.00,0.00,0.08,0.00,0.00,0.02,0.00,0.00,0.00,0.00,0.22,0.05,0.19,2.83,83.74,12.71,0.00
21,0.82,0.00,0.12,0.01,0.00,0.03,0.00,0.01,0.02,0.00,0.01,0.00,0.00,1.10,0.11,0.08,33.51,51.87,12.32,0.00
22,0.01,0.02,0.03,0.00,0.00,0.00,0.00,0.00,0.01,0.00,0.00,0.00,0.00,0.00,0.00,0.07,0.02,99.45,0.38,0.00
23,0.58,0.02,0.14,0.00,0.00,0.00,0.00,0.00,0.03,0.00,0.01,0.00,0.00,1.43,0.87,0.75,5.03,90.76,0.37,0.00
24,0.22,0.02,0.57,0.21,0.11,0.05,0.17,0.51,0.29,0.01,0.26,0.04,0.00,39.42,0.60,2.44,27.63,25.19,2.25,0.00
25,0.04,0.02,0.03,0.00,0.00,0.00,0.00,0.00,0.02,0.00,0.01,0.00,0.00,0.07,0.01,0.00,0.23,81.59,17.97,0.00
26,0.32,0.00,0.00,0.00,0.00,0.00,0.00,0.00,0.00,0.00,0.00,0.00,0.00,0.00,0.00,0.00,0.28,30.87,68.53,0.00
27,0.55,0.02,0.63,0.26,0.14,0.10,0.05,0.77,1.01,0.00,1.22,0.11,0.03,13.71,0.30,1.50,1.28,75.36,2.95,0.00
28,0.72,0.88,0.35,0.01,0.00,0.01,0.00,0.05,0.06,0.00,0.31,0.00,0.00,0.02,0.49,9.14,1.25,86.70,0.00,0.00
29,2.62,0.19,1.05,1.56,0.52,0.40,1.22,3.05,1.47,0.13,0.26,0.01,0.00,57.33,11.43,0.87,7.63,10.17,0.07,0.00
30,0.00,0.01,0.12,0.01,0.00,0.00,0.00,0.00,0.02,0.00,0.00,0.00,0.00,2.19,0.08,0.02,0.65,90.21,6.70,0.00
31,0.94,0.61,0.68,0.17,0.01,0.02,0.03,0.37,0.32,0.00,0.37,0.00,0.00,7.55,5.53,11.42,43.81,28.13,0.02,0.00
32,0.44,0.86,0.21,0.07,0.00,0.02,0.00,0.09,0.40,0.00,0.07,0.00,0.00,64.10,2.47,1.26,8.92,21.08,0.00,0.00
33,6.83,2.95,1.05,0.94,0.31,0.18,0.54,1.44,1.27,0.36,0.25,0.03,0.01,67.29,5.90,0.21,1.05,9.41,0.01,0.00
34,0.58,0.02,0.18,0.02,0.00,0.00,0.00,0.02,0.04,0.00,0.02,0.00,0.00,3.41,1.50,0.65,18.90,74.64,0.00,0.00
35,0.41,0.05,0.19,0.01,0.11,0.00,0.01,0.02,0.13,0.00,0.01,0.02,0.00,14.64,2.00,0.21,18.04,64.07,0.07,0.00
36,0.41,0.01,0.28,0.09,0.26,0.02,0.02,0.10,0.16,0.06,0.31,0.03,0.00,8.20,2.71,0.73,51.65,34.82,0.14,0.00
37,1.01,0.02,0.73,0.55,0.20,0.10,0.34,0.67,0.96,0.00,0.19,0.04,0.00,67.49,15.98,0.41,5.60,5.72,0.01,0.00
38,0.61,0.02,0.25,0.02,0.01,0.03,0.01,0.06,0.12,0.11,0.07,0.00,0.00,5.80,2.23,0.56,47.15,42.90,0.04,0.00
39,22.04,0.08,0.13,0.02,0.02,0.01,0.00,0.00,0.01,0.01,0.00,0.02,0.08,0.03,0.26,0.01,0.08,77.20,0.00,0.00
40,0.90,0.09,0.72,0.80,0.26,0.34,0.63,1.42,0.76,0.83,1.71,0.02,0.04,0.78,3.12,1.25,6.75,79.57,0.00,0.00
41,0.03,0.78,0.93,0.05,0.03,0.00,0.04,0.06,0.25,0.00,0.02,0.01,0.00,0.81,5.49,19.21,35.84,36.45,0.00,0.00
42,0.27,0.07,0.75,0.08,0.00,1.43,0.07,0.36,0.09,0.01,0.06,0.02,0.03,2.39,2.15,0.01,1.76,88.53,1.91,0.00
43,22.80,0.02,0.41,0.02,0.00,0.04,0.00,0.00,0.01,0.00,0.00,0.00,0.03,0.00,0.02,0.00,1.16,70.92,4.57,0.00
44,0.06,0.05,0.47,0.00,0.00,0.12,0.00,0.00,0.02,0.00,0.00,0.00,0.00,0.15,0.51,0.02,5.57,93.02,0.00,0.00
45,0.18,0.04,0.19,0.04,0.05,0.01,0.00,0.03,0.04,0.01,0.04,0.02,0.01,0.92,2.17,0.08,11.74,84.43,0.00,0.00
46,0.86,0.01,0.28,0.08,0.05,0.02,0.06,0.24,0.12,0.02,0.24,0.01,0.11,2.36,4.93,0.30,10.98,79.34,0.00,0.00
47,0.01,0.00,0.07,0.01,0.00,0.00,0.00,0.00,0.02,0.00,0.04,0.00,0.10,0.04,0.15,0.02,0.52,98.46,0.55,0.00
48,0.00,0.00,0.00,0.00,0.00,0.00,0.00,0.00,0.00,0.00,0.00,0.00,0.00,0.00,0.00,0.00,0.59,73.07,26.34,0.00
49,9.84,0.41,3.64,7.16,3.32,2.42,9.87,12.61,1.61,5.55,1.79,0.14,0.12,11.82,20.92,0.44,1.01,7.30,0.02,0.00
50,15.24,6.84,0.08,0.01,0.02,0.00,0.00,0.00,0.03,0.02,0.06,0.04,0.05,1.45,4.13,0.16,0.12,71.74,0.00,0.00
51,7.17,0.05,0.09,0.00,0.05,0.00,0.00,0.00,0.02,0.00,0.00,0.03,0.05,0.06,0.23,0.02,0.42,91.81,0.00,0.00
52,0.69,1.02,0.82,0.47,0.17,0.10,0.22,1.73,0.81,0.20,0.24,0.09,0.00,47.26,24.38,1.52,5.45,14.72,0.12,0.00
53,0.88,0.05,0.24,0.04,0.04,0.01,0.01,0.07,0.16,0.00,0.08,0.03,0.12,1.70,1.31,0.08,1.99,93.19,0.00,0.00
54,0.06,0.01,0.02,0.00,0.00,0.00,0.00,0.00,0.01,0.00,0.00,0.00,0.35,0.07,0.17,0.09,11.96,87.27,0.00,0.00
55,0.00,0.00,0.00,0.00,0.00,0.00,0.00,0.00,0.00,0.00,0.00,0.00,0.23,0.00,0.00,0.00,1.69,98.07,0.00,0.00
56,0.17,0.22,0.17,0.04,0.01,0.01,0.01,0.11,0.19,0.00,0.14,0.01,0.37,0.27,2.35,0.58,11.82,83.51,0.00,0.00
57,0.01,0.49,0.11,0.00,0.00,0.00,0.00,0.00,0.02,0.00,0.00,0.00,0.00,0.08,3.94,0.64,1.61,67.35,25.77,0.00
58,0.32,0.00,0.00,0.00,0.00,0.00,0.00,0.00,0.01,0.00,0.00,0.00,0.00,0.00,0.00,0.00,0.18,34.89,64.61,0.00
59,0.01,0.11,0.21,0.01,0.00,0.00,0.01,0.01,0.03,0.00,0.01,0.01,0.01,0.10,1.32,0.09,2.67,95.23,0.17,0.00
60,0.00,0.00,0.05,0.00,0.00,0.00,0.00,0.00,0.01,0.00,0.00,0.00,0.13,0.00,0.00,0.00,0.75,94.53,4.50,0.00
61,0.01,0.01,0.09,0.00,0.00,0.00,0.00,0.00,0.01,0.00,0.00,0.00,0.05,0.01,0.21,0.05,4.65,94.82,0.10,0.00
62,0.00,0.00,0.01,0.00,0.00,0.00,0.00,0.00,0.01,0.00,0.00,0.00,0.01,0.00,0.00,0.00,0.85,96.23,2.88,0.00
63,0.00,0.00,0.01,0.00,0.00,0.00,0.00,0.00,0.00,0.00,0.00,0.00,0.01,0.00,0.00,0.00,0.33,76.18,23.46,0.00
64,0.02,0.00,0.18,0.00,0.02,0.00,0.00,0.00,0.03,0.00,0.01,0.03,0.10,0.18,0.30,0.03,0.97,97.51,0.62,0.00
65,0.00,0.00,0.05,0.00,0.00,0.00,0.00,0.00,0.00,0.00,0.00,0.00,0.02,0.00,0.00,0.00,1.08,97.44,1.39,0.00
66,0.00,0.00,0.02,0.00,0.00,0.00,0.00,0.00,0.00,0.00,0.00,0.00,0.00,0.00,0.00,0.00,0.75,99.23,0.00,0.00
67,0.01,0.00,0.12,0.00,0.00,0.00,0.00,0.00,0.03,0.00,0.00,0.00,0.01,0.00,0.01,0.02,1.78,92.88,5.14,0.00
68,0.02,0.00,0.00,0.00,0.00,0.00,0.00,0.00,0.01,0.00,0.00,0.00,0.03,0.00,0.00,0.00,0.69,67.82,31.43,0.00
69,0.03,0.12,0.25,0.04,0.01,0.00,0.01,0.05,0.13,0.00,0.10,0.05,0.06,1.41,3.34,1.13,12.86,80.41,0.00,0.00
70,0.01,0.01,0.38,0.37,0.15,0.11,0.44,0.60,0.24,0.16,1.49,0.01,0.08,0.07,0.07,0.01,3.55,90.04,2.22,0.00
71,0.03,0.00,0.06,0.01,0.00,0.01,0.00,0.01,0.02,0.00,0.16,0.00,0.03,0.00,0.01,0.00,1.72,88.68,9.25,0.00
72,0.00,0.00,0.01,0.00,0.00,0.00,0.00,0.00,0.01,0.00,0.00,0.00,0.00,0.00,0.00,0.00,0.21,94.40,5.36,0.00
73,0.00,0.00,0.00,0.00,0.00,0.00,0.00,0.00,0.00,0.00,0.00,0.00,0.00,0.00,0.00,0.00,0.00,43.35,56.65,0.00
74,8.18,0.41,0.30,0.16,0.03,0.10,0.12,0.34,0.17,0.02,1.58,0.01,0.07,0.81,0.66,0.04,0.20,84.04,2.75,0.00
75,2.14,0.00,0.11,0.01,0.06,0.01,0.00,0.13,0.05,0.00,0.71,0.00,0.97,0.10,0.05,0.00,0.02,94.34,1.30,0.00
76,0.02,0.01,0.21,0.08,0.01,0.02,0.00,0.12,0.27,0.00,1.07,0.01,0.05,0.19,0.12,0.01,0.06,95.25,2.53,0.00
77,0.00,0.00,0.22,0.01,0.00,0.00,0.00,0.01,0.01,0.00,0.01,0.00,0.01,0.04,0.02,0.00,0.00,96.10,3.55,0.00
78,0.00,0.00,0.08,0.00,0.00,0.07,0.00,0.00,0.00,0.00,0.00,0.00,0.00,0.00,0.00,0.00,0.00,94.43,5.41,0.00
79,0.12,0.00,0.51,0.37,0.25,0.12,0.32,1.55,0.46,1.09,2.20,0.06,0.14,0.73,1.33,0.53,3.01,86.13,1.07,0.00
80,0.00,0.00,0.06,0.00,0.03,0.01,0.00,0.02,0.02,0.03,0.14,0.02,0.04,0.00,0.00,0.01,0.34,94.93,4.35,0.00
81,0.00,0.00,0.00,0.00,0.00,0.00,0.00,0.00,0.00,0.00,0.00,0.00,0.00,0.00,0.00,0.00,0.45,95.45,4.10,0.00
82,0.00,0.00,0.00,0.00,0.00,0.00,0.00,0.00,0.00,0.00,0.00,0.00,0.00,0.00,0.00,0.00,0.00,100.00,0.00,0.00
83,0.00,0.00,0.22,0.00,0.00,0.00,0.00,0.00,0.01,0.00,0.00,0.00,0.08,0.00,0.00,0.00,0.00,99.55,0.14,0.00
84,0.00,0.00,0.05,0.00,0.00,0.01,0.00,0.00,0.00,0.00,0.00,0.00,0.00,0.01,0.01,0.00,0.02,98.83,1.07,0.00
85,0.62,0.01,0.00,0.00,0.00,0.00,0.00,0.00,0.00,0.00,0.00,0.00,0.00,0.00,0.00,0.00,0.31,51.97,47.09,0.00
86,0.49,0.06,0.43,0.02,0.00,0.00,0.00,0.04,0.03,0.00,0.30,0.01,0.00,0.13,0.47,0.53,1.45,95.88,0.16,0.00
87,1.53,0.04,0.39,0.17,0.01,0.00,0.00,0.12,0.31,0.00,0.03,0.00,0.00,8.63,25.31,3.95,45.74,13.76,0.00,0.00
88,20.25,0.36,0.69,0.51,0.13,0.14,0.15,0.97,1.01,0.01,1.50,0.01,0.00,18.41,24.23,2.69,14.04,14.91,0.00,0.00
89,1.39,0.03,0.99,0.39,0.01,0.00,0.00,0.88,0.57,0.00,1.23,0.00,0.00,2.91,6.42,0.25,6.61,78.31,0.00,0.00
90,0.50,0.02,0.17,0.01,0.00,0.00,0.00,0.01,0.05,0.00,0.50,0.00,0.00,0.25,0.98,0.71,45.81,51.00,0.00,0.00
91,0.03,0.00,0.16,0.04,0.01,0.00,0.00,0.12,0.33,0.00,0.15,0.00,0.00,61.76,0.34,0.01,6.17,30.87,0.00,0.00
92,0.41,0.01,0.10,0.01,0.00,0.00,0.01,0.00,0.03,0.00,0.00,0.00,0.00,0.13,0.08,0.80,9.73,88.68,0.00,0.01
93,0.48,0.00,0.00,0.00,0.00,0.00,0.00,0.00,0.00,0.00,0.00,0.00,0.00,0.00,0.01,0.00,0.37,80.56,18.57,0.00
94,0.05,0.00,0.00,0.01,0.00,0.00,0.00,0.01,0.01,0.00,0.04,0.00,0.00,0.01,0.01,0.00,0.02,99.51,0.33,0.00
95,2.67,0.01,0.60,0.11,0.03,0.01,0.02,0.22,0.25,0.01,0.41,0.00,0.01,9.73,0.21,0.26,15.80,69.65,0.00,0.00
96,1.34,0.03,0.17,0.03,0.01,0.00,0.00,0.06,0.05,0.00,0.24,0.00,0.00,0.09,0.42,0.26,0.35,96.89,0.06,0.00
97,1.34,0.05,0.13,0.03,0.01,0.00,0.01,0.06,0.09,0.00,0.30,0.00,0.00,0.07,0.26,0.22,0.81,96.50,0.09,0.01
98,3.23,0.12,0.65,0.24,0.10,0.01,0.00,0.39,0.61,0.00,0.77,0.05,0.00,31.04,0.14,0.61,3.33,58.64,0.03,0.04
99,0.01,0.01,0.00,0.02,0.01,0.00,0.00,0.07,0.10,0.00,0.05,0.00,0.00,3.73,0.70,0.40,3.55,91.34,0.00,0.00
100,0.40,0.07,0.24,0.05,0.02,0.01,0.03,0.08,0.07,0.02,0.35,0.01,0.08,0.05,0.13,0.05,0.15,97.99,0.19,0.00
101,0.32,0.01,0.04,0.01,0.00,0.00,0.00,0.01,0.02,0.00,0.01,0.00,0.00,0.00,0.01,0.05,0.07,96.49,2.95,0.00
102,0.68,0.02,0.18,0.02,0.00,0.00,0.00,0.02,0.06,0.00,0.09,0.00,0.01,0.04,0.10,0.02,0.02,93.19,5.53,0.02
103,3.10,0.05,0.31,0.06,0.01,0.01,0.01,0.09,0.14,0.00,0.16,0.00,0.02,1.43,1.18,1.26,5.42,86.75,0.00,0.00
104,1.88,0.03,1.24,2.57,0.92,0.71,3.50,6.03,1.63,2.22,4.15,0.18,0.01,10.54,1.74,2.05,6.35,54.22,0.02,0.00
105,5.00,0.20,0.46,0.11,0.10,0.03,0.04,0.25,0.50,0.00,1.09,0.01,0.00,1.02,3.01,0.36,0.28,87.41,0.14,0.00
106,14.06,0.23,0.47,0.17,0.05,0.01,0.04,0.21,0.28,0.00,0.96,0.01,0.01,0.80,1.55,1.43,1.62,77.65,0.42,0.00
107,4.18,0.03,0.22,0.04,0.02,0.04,0.02,0.26,0.25,0.07,0.77,0.08,0.00,6.25,0.26,0.30,2.12,85.03,0.07,0.00
108,0.98,0.06,0.00,0.00,0.00,0.03,0.00,0.03,0.11,0.00,0.22,0.00,0.04,0.06,0.11,0.40,0.89,97.06,0.00,0.00
109,0.04,0.01,0.12,0.00,0.00,0.00,0.00,0.00,0.01,0.00,0.00,0.00,0.00,0.01,0.02,0.05,1.33,98.20,0.20,0.02
110,0.57,0.01,0.06,0.01,0.00,0.00,0.00,0.01,0.02,0.00,0.02,0.00,0.00,0.01,0.03,0.06,0.10,94.62,4.47,0.01
111,0.09,0.04,0.06,0.00,0.00,0.00,0.00,0.00,0.01,0.00,0.00,0.00,0.00,0.09,0.06,0.02,2.03,89.06,8.54,0.00
112,0.06,0.01,0.06,0.00,0.00,0.00,0.00,0.00,0.00,0.00,0.00,0.00,0.00,0.00,0.00,0.00,0.00,46.00,53.86,0.00
113,0.22,0.00,0.27,0.00,0.00,0.00,0.00,0.00,0.01,0.00,0.00,0.00,0.00,0.00,0.00,0.00,0.05,51.26,48.18,0.00
114,0.05,0.15,0.04,0.06,0.00,0.07,0.03,0.10,0.04,0.01,0.46,0.00,0.00,0.04,0.13,0.02,12.50,86.10,0.21,0.00
115,0.31,0.00,0.00,0.00,0.00,0.00,0.00,0.00,0.00,0.00,0.14,0.00,0.00,0.00,0.01,0.00,0.00,25.84,73.69,0.00
116,0.53,0.10,0.06,0.02,0.00,0.01,0.00,0.05,0.05,0.00,0.13,0.01,0.00,0.63,0.74,0.49,36.00,61.12,0.07,0.00
117,9.09,1.53,0.32,0.16,0.03,0.08,0.00,0.26,0.25,0.00,0.93,0.01,0.00,3.73,7.13,3.15,8.10,56.35,8.89,0.00
118,0.77,0.00,0.00,0.00,0.00,0.00,0.00,0.00,0.00,0.00,0.00,0.00,0.00,0.00,0.00,0.00,3.50,52.03,43.69,0.00
119,0.03,0.01,0.03,0.00,0.00,0.00,0.00,0.00,0.01,0.00,0.00,0.00,0.00,0.21,0.05,0.00,0.48,68.71,30.48,0.00
120,0.24,0.01,0.04,0.01,0.00,0.00,0.00,0.00,0.02,0.00,0.02,0.00,0.00,0.02,0.12,0.06,1.69,50.04,47.73,0.00
121,0.19,0.07,0.03,0.00,0.00,0.00,0.00,0.00,0.01,0.00,0.01,0.00,0.01,0.01,0.03,0.01,2.44,71.35,25.86,0.00
122,0.18,0.33,0.42,0.16,0.09,0.08,0.08,0.38,0.11,0.17,0.44,0.02,0.05,1.04,0.75,4.90,25.60,64.39,0.82,0.00
123,0.42,0.35,0.52,0.12,0.11,0.03,0.08,0.15,0.25,0.00,0.15,0.02,0.11,5.53,11.11,2.26,40.36,38.24,0.20,0.00
124,0.07,0.10,0.10,0.00,0.00,0.00,0.00,0.00,0.02,0.00,0.02,0.00,0.02,0.17,0.88,0.37,44.20,53.75,0.28,0.00
125,0.12,0.09,0.22,0.01,0.00,0.00,0.00,0.01,0.06,0.00,0.09,0.00,0.00,0.18,5.43,4.40,63.62,25.76,0.00,0.00
126,0.00,0.00,0.00,0.00,0.00,0.00,0.00,0.00,0.00,0.00,0.00,0.00,0.00,0.01,0.02,0.01,17.11,81.38,1.47,0.00
127,0.10,0.03,0.00,0.00,0.00,0.00,0.00,0.00,0.00,0.00,0.00,0.00,0.00,0.00,0.01,0.02,8.36,91.47,0.00,0.00
128,8.06,4.19,0.00,0.00,0.00,0.01,0.00,0.00,0.04,0.00,0.00,0.00,0.00,0.00,0.16,0.24,32.20,40.40,14.70,0.00
129,0.14,0.01,0.02,0.00,0.00,0.00,0.00,0.00,0.01,0.00,0.00,0.00,0.00,0.01,0.56,0.14,5.84,88.82,4.44,0.00
130,0.06,0.01,0.03,0.00,0.00,0.00,0.00,0.00,0.01,0.00,0.00,0.00,0.00,0.00,0.29,0.21,21.75,77.32,0.31,0.00
131,0.13,0.02,0.20,0.00,0.00,0.00,0.00,0.00,0.01,0.00,0.00,0.00,0.03,0.02,0.11,0.04,7.62,90.75,1.07,0.00
132,0.02,0.02,0.26,0.01,0.00,0.00,0.00,0.01,0.04,0.00,0.54,0.00,0.00,0.06,0.15,0.11,13.42,85.29,0.06,0.00
133,0.37,0.68,1.00,0.15,0.10,0.03,0.08,0.13,0.28,0.00,0.16,0.07,0.49,5.50,11.06,3.30,41.27,35.33,0.01,0.00
134,0.01,0.03,0.07,0.00,0.00,0.00,0.00,0.00,0.00,0.00,0.00,0.00,0.00,0.03,0.29,0.02,7.15,92.39,0.00,0.00
135,0.96,0.02,0.10,0.02,0.00,0.01,0.00,0.00,0.02,0.00,0.00,0.00,0.01,0.05,0.13,0.01,2.67,89.37,6.62,0.00
136,0.05,0.02,0.01,0.00,0.00,0.00,0.00,0.00,0.00,0.00,0.00,0.00,0.00,0.00,0.00,0.00,0.75,22.97,76.20,0.00
137,0.06,0.05,0.05,0.00,0.00,0.00,0.00,0.00,0.00,0.00,0.00,0.00,0.00,0.00,0.01,0.00,4.50,66.32,29.01,0.00
138,0.12,0.01,0.33,0.04,0.02,0.03,0.00,0.12,0.09,0.08,0.43,0.00,0.03,0.01,0.32,1.00,3.83,90.53,3.02,0.00
139,0.10,0.01,0.34,0.04,0.03,0.00,0.03,0.10,0.04,0.01,0.38,0.00,0.25,0.00,0.12,0.60,1.59,95.74,0.63,0.00
140,0.43,0.01,0.00,0.00,0.00,0.00,0.00,0.00,0.00,0.00,0.00,0.00,0.00,0.01,0.05,0.00,4.49,93.62,1.39,0.00
141,0.01,0.03,0.01,0.00,0.00,0.00,0.00,0.00,0.00,0.00,0.00,0.00,0.00,0.01,0.01,0.01,17.33,80.50,2.09,0.00
142,0.05,0.00,0.00,0.00,0.00,0.00,0.00,0.00,0.00,0.00,0.00,0.00,0.00,0.00,0.02,0.00,4.58,95.35,0.00,0.00
143,0.18,0.30,0.07,0.00,0.00,0.01,0.00,0.00,0.03,0.00,0.01,0.00,0.00,0.00,0.09,0.06,5.53,77.51,16.20,0.00
144,0.75,0.00,0.01,0.00,0.00,0.00,0.00,0.00,0.00,0.00,0.00,0.00,0.00,0.00,0.00,0.00,2.59,31.77,64.88,0.00
145,0.16,0.37,0.09,0.00,0.00,0.00,0.00,0.01,0.01,0.00,0.02,0.00,0.00,0.01,0.07,0.02,3.97,48.02,47.26,0.00
146,6.29,0.47,0.18,0.01,0.00,0.00,0.00,0.02,0.03,0.00,0.04,0.01,0.00,0.09,0.03,0.03,0.38,31.32,61.08,0.00
147,1.53,0.06,0.10,0.00,0.00,0.00,0.00,0.00,0.00,0.00,0.06,0.00,0.00,0.00,0.01,0.00,2.43,62.52,33.28,0.00
148,0.36,0.01,0.07,0.00,0.00,0.00,0.00,0.00,0.00,0.00,0.00,0.00,0.01,0.00,0.01,0.01,0.95,49.32,49.25,0.00
149,0.11,0.02,0.10,0.00,0.00,0.00,0.00,0.00,0.00,0.00,0.18,0.00,0.06,0.00,0.03,0.02,12.20,85.11,2.16,0.00
150,5.45,4.88,0.34,0.09,0.01,0.13,0.02,0.29,0.32,0.01,0.65,0.00,0.00,2.56,5.69,1.74,13.80,38.32,25.69,0.00
151,0.97,0.11,0.06,0.00,0.00,0.00,0.00,0.00,0.01,0.00,0.00,0.00,0.00,0.24,0.16,0.18,9.82,88.31,0.14,0.00
152,1.11,1.52,0.55,0.01,0.00,0.00,0.00,0.00,0.11,0.00,0.00,0.00,0.00,4.00,13.32,10.32,31.21,37.86,0.00,0.00
153,0.02,0.00,0.11,0.00,0.00,0.00,0.00,0.00,0.02,0.00,0.07,0.00,0.01,0.01,0.12,0.03,7.58,91.51,0.52,0.00
154,0.05,0.00,0.07,0.00,0.00,0.00,0.00,0.00,0.01,0.00,0.00,0.00,0.16,0.01,0.13,0.02,14.26,85.28,0.00,0.00
155,0.61,2.00,1.31,1.13,0.26,0.19,0.64,1.63,1.39,0.63,2.30,0.03,0.01,5.32,17.34,6.72,17.77,40.68,0.02,0.00
156,0.00,0.05,0.00,0.00,0.00,0.00,0.00,0.00,0.02,0.00,0.00,0.00,0.00,0.17,2.09,0.08,15.61,81.80,0.18,0.00
157,1.73,0.73,0.34,0.01,0.00,0.00,0.00,0.01,0.19,0.00,0.10,0.00,0.00,6.80,12.49,0.75,54.74,22.09,0.00,0.00
158,0.08,0.00,0.07,0.01,0.00,0.00,0.00,0.00,0.04,0.00,0.00,0.00,0.00,0.03,0.01,0.08,11.36,81.45,6.88,0.00
159,2.60,0.13,0.71,0.41,0.16,0.08,0.13,0.63,0.76,0.00,0.73,0.02,0.03,9.13,11.76,1.57,51.92,19.23,0.00,0.00
160,0.26,0.07,0.08,0.01,0.00,0.00,0.00,0.03,0.03,0.01,0.21,0.00,0.00,0.21,0.37,0.24,1.59,85.95,10.95,0.00
161,0.13,0.01,0.04,0.00,0.03,0.00,0.00,0.00,0.01,0.00,0.00,0.00,0.01,0.03,0.29,0.20,47.72,51.52,0.00,0.00
162,0.19,0.00,0.00,0.00,0.00,0.00,0.00,0.00,0.00,0.00,0.00,0.00,0.00,0.00,0.01,0.00,3.68,96.11,0.00,0.00
163,0.64,0.36,0.18,0.02,0.02,0.01,0.02,0.04,0.04,0.00,0.06,0.01,0.05,0.17,1.45,0.19,13.80,82.91,0.03,0.00
164,0.47,0.19,0.18,0.02,0.01,0.02,0.01,0.06,0.07,0.00,0.07,0.02,0.00,1.32,3.03,0.29,44.76,49.26,0.23,0.00
165,4.66,3.49,0.38,0.08,0.02,0.02,0.04,0.26,0.20,0.00,0.06,0.06,0.00,1.03,23.34,2.52,4.02,59.79,0.01,0.00
166,0.22,0.30,0.11,0.01,0.01,0.00,0.01,0.02,0.02,0.00,0.02,0.00,0.01,0.10,0.88,0.15,15.50,82.40,0.24,0.00
167,0.35,0.09,0.21,0.02,0.04,0.00,0.00,0.04,0.03,0.00,0.05,0.01,0.37,0.03,0.23,0.04,7.65,90.85,0.00,0.00
168,1.42,1.09,0.37,0.10,0.03,0.02,0.10,0.14,0.11,0.02,0.18,0.05,0.02,0.00,3.75,1.55,14.49,76.55,0.00,0.00
169,1.03,0.46,0.25,0.04,0.01,0.01,0.03,0.09,0.11,0.00,0.09,0.03,0.02,3.90,3.65,0.19,60.48,29.62,0.00,0.00
170,0.85,0.00,0.00,0.00,0.00,0.00,0.00,0.00,0.00,0.00,0.00,0.00,0.00,0.00,0.00,0.00,0.25,29.49,69.40,0.00
171,0.88,0.00,0.00,0.00,0.00,0.00,0.00,0.00,0.01,0.00,0.00,0.00,0.00,0.00,0.00,0.00,0.26,52.78,46.07,0.00
172,0.32,0.01,0.06,0.03,0.00,0.00,0.00,0.00,0.04,0.00,0.04,0.00,0.00,0.00,0.04,0.00,0.06,97.33,2.06,0.00
173,0.22,0.00,0.07,0.01,0.00,0.00,0.00,0.01,0.03,0.00,0.15,0.00,0.02,0.01,0.01,0.00,1.05,95.22,3.20,0.00
174,0.38,0.00,0.03,0.01,0.00,0.00,0.00,0.00,0.06,0.00,0.06,0.00,0.00,0.00,0.01,0.00,0.89,95.47,3.08,0.00
175,0.27,0.02,0.24,0.02,0.00,0.02,0.01,0.06,0.08,0.19,0.22,0.00,0.01,0.33,0.79,0.16,0.84,94.45,2.31,0.00
176,2.95,0.01,0.71,0.23,0.03,0.08,0.01,0.79,0.52,0.00,1.09,0.01,0.02,4.73,13.22,1.27,0.51,73.70,0.14,0.00
177,5.07,2.50,1.76,1.08,0.58,0.44,1.03,4.68,1.54,0.16,9.82,0.26,0.05,1.16,9.89,2.22,1.15,54.16,2.46,0.00
178,1.36,0.72,0.47,0.11,0.05,0.05,0.04,0.49,0.69,0.02,2.12,0.03,0.09,0.10,1.09,0.25,0.13,88.69,3.49,0.00
179,0.76,0.06,0.07,0.01,0.00,0.00,0.00,0.03,0.09,0.00,0.17,0.00,0.01,0.00,0.13,0.01,0.02,57.55,41.10,0.00
180,0.57,0.08,0.16,0.02,0.01,0.04,0.02,0.11,0.50,0.26,0.65,0.00,0.01,0.08,0.50,0.08,0.05,92.64,4.21,0.00
181,1.18,0.61,0.24,0.04,0.01,0.02,0.00,0.38,0.40,0.00,0.52,0.00,0.04,0.06,1.39,0.19,0.06,94.87,0.00,0.00
182,0.56,0.33,0.31,0.06,0.07,0.06,0.02,0.56,0.63,0.22,1.06,0.00,0.03,0.28,3.20,0.31,0.11,91.89,0.31,0.00
183,0.20,0.02,0.11,0.01,0.00,0.00,0.00,0.01,0.32,0.00,0.03,0.00,0.00,0.05,1.12,0.14,0.08,97.65,0.24,0.00
184,0.11,0.00,0.02,0.01,0.02,0.01,0.00,0.12,0.36,0.00,0.17,0.00,0.00,0.01,0.59,0.53,1.87,91.92,4.26,0.00
185,0.80,0.01,0.33,0.01,0.02,0.04,0.00,0.02,0.23,0.00,0.39,0.02,0.00,0.04,0.19,0.17,0.07,89.65,8.01,0.00
186,0.35,0.00,0.15,0.02,0.04,0.02,0.00,0.03,0.23,0.00,0.05,0.00,0.00,0.00,0.00,0.00,3.48,94.33,1.30,0.00
187,0.22,0.00,0.19,0.02,0.00,0.03,0.01,0.21,0.28,0.03,1.78,0.00,0.00,0.01,0.00,0.12,0.21,96.82,0.06,0.00
188,0.99,0.00,1.94,0.54,0.21,0.33,0.50,3.25,2.03,0.03,15.34,0.12,0.00,0.72,0.26,1.30,7.71,64.49,0.25,0.00
189,1.17,0.53,0.04,0.07,0.01,0.61,0.00,1.20,0.23,0.00,3.63,0.06,0.00,0.00,0.00,0.00,11.92,41.41,39.11,0.00
190,0.16,0.02,0.69,0.48,0.09,0.78,0.31,3.32,0.69,6.98,14.02,0.00,0.14,0.14,0.03,0.08,1.00,71.08,0.00,0.00
191,1.06,0.13,1.86,0.91,0.05,0.60,0.74,2.76,0.77,2.78,0.37,0.00,0.01,4.42,1.24,1.42,22.94,57.93,0.00,0.00
192,0.15,0.00,0.35,0.09,0.01,0.04,0.02,0.20,0.36,0.00,0.49,0.06,0.00,13.14,17.17,0.24,0.48,67.20,0.00,0.00
193,0.26,0.01,0.49,0.20,0.05,0.04,0.10,0.51,0.24,0.13,0.41,0.03,0.05,2.89,6.97,0.14,5.38,80.39,1.70,0.00
194,0.17,0.00,0.09,0.01,0.00,0.01,0.00,0.03,0.03,0.03,0.06,0.00,0.03,0.09,0.93,0.04,1.57,93.49,3.42,0.00
195,3.19,0.01,0.15,0.03,0.01,0.01,0.01,0.04,0.03,0.00,0.22,0.00,0.02,0.03,0.21,0.01,17.87,72.73,5.44,0.00
196,0.08,0.00,0.07,0.00,0.00,0.00,0.00,0.01,0.02,0.00,0.02,0.00,0.16,0.01,0.39,0.01,0.28,95.33,3.60,0.00
197,0.69,0.03,0.18,0.07,0.03,0.02,0.01,0.21,0.18,0.00,0.22,0.00,0.08,0.08,9.11,0.20,1.21,87.67,0.00,0.00
198,0.34,0.00,0.00,0.01,0.00,0.00,0.00,0.01,0.21,0.00,0.01,0.00,0.01,0.06,12.94,0.26,0.02,86.11,0.01,0.00
199,0.09,0.00,0.18,0.03,0.00,0.00,0.00,0.05,0.08,0.00,0.20,0.00,0.00,0.02,0.33,0.01,41.33,57.61,0.06,0.00
200,0.00,0.00,0.03,0.00,0.00,0.00,0.00,0.05,0.01,0.00,0.33,0.00,0.00,0.18,0.11,0.00,33.66,65.62,0.00,0.00
201,0.26,0.01,0.03,0.00,0.00,0.00,0.00,0.01,0.00,0.00,0.03,0.00,0.31,0.00,0.00,0.01,3.41,49.64,46.30,0.00
202,0.21,0.05,0.13,0.01,0.00,0.00,0.01,0.01,0.02,0.01,0.12,0.00,0.02,0.00,0.01,0.02,2.38,74.26,22.72,0.00
203,0.14,0.08,0.21,0.04,0.00,0.04,0.00,0.10,0.10,0.02,1.55,0.00,0.02,0.01,0.28,0.10,6.76,87.18,3.38,0.00
204,0.26,0.13,0.26,0.06,0.03,0.06,0.04,0.15,0.09,0.15,0.78,0.01,0.02,0.08,1.44,0.35,16.85,78.34,0.90,0.00
205,0.27,0.00,0.13,0.04,0.01,0.02,0.03,0.06,0.04,0.03,0.25,0.00,0.07,0.00,0.08,0.05,5.41,83.92,9.61,0.00
206,0.32,0.00,0.15,0.02,0.00,0.02,0.00,0.03,0.05,0.00,0.24,0.00,0.00,0.02,0.85,0.12,3.91,93.15,1.11,0.00
207,0.24,0.00,0.05,0.00,0.00,0.00,0.00,0.00,0.01,0.00,0.12,0.00,0.06,0.00,0.02,0.03,6.49,72.13,20.84,0.00
208,0.09,0.00,0.13,0.02,0.01,0.00,0.01,0.06,0.02,0.00,0.19,0.00,0.11,0.00,0.12,0.06,10.20,83.62,5.35,0.00
209,1.58,0.00,0.47,0.07,0.01,0.02,0.04,0.08,0.08,0.01,0.25,0.01,0.05,0.09,8.49,1.77,10.14,76.78,0.05,0.00
210,1.18,0.00,0.43,0.05,0.01,0.01,0.00,0.10,0.09,0.00,0.87,0.01,0.06,0.08,2.57,2.03,69.52,20.40,2.59,0.00
211,0.08,0.05,0.24,0.01,0.00,0.00,0.00,0.03,0.06,0.00,0.02,0.02,0.00,0.24,2.59,0.78,21.85,74.00,0.05,0.00
212,0.00,0.00,0.06,0.00,0.01,0.00,0.00,0.01,0.01,0.00,0.17,0.00,0.02,0.00,0.00,0.00,0.42,97.83,1.46,0.00
213,0.27,0.71,0.47,0.15,0.01,0.04,0.08,0.34,0.37,0.01,0.40,0.02,0.01,2.53,40.05,1.69,9.43,43.41,0.00,0.00
214,0.52,0.38,0.29,0.05,0.00,0.00,0.00,0.07,0.17,0.00,0.29,0.02,0.00,0.77,8.41,0.26,9.49,78.75,0.51,0.00
215,0.00,0.00,0.00,0.00,0.00,0.00,0.00,0.00,0.00,0.00,0.00,0.00,0.00,0.00,0.00,0.00,0.01,85.55,14.44,0.00
216,0.00,0.00,0.00,0.00,0.00,0.01,0.00,0.00,0.00,0.00,0.00,0.00,0.00,0.68,0.95,0.08,6.72,72.23,19.31,0.00
217,0.13,0.01,0.53,0.14,0.00,0.04,0.00,0.33,0.10,0.00,1.82,0.01,0.17,0.20,0.67,0.33,12.83,82.71,0.00,0.00
218,2.71,0.88,1.94,2.91,0.93,0.34,2.14,6.70,1.43,3.99,5.34,0.03,0.04,22.00,15.19,0.34,5.06,28.02,0.00,0.00
219,0.56,0.00,0.55,0.32,0.03,0.10,0.25,0.49,0.21,1.43,3.91,0.07,0.02,0.46,0.08,0.04,8.35,82.81,0.32,0.00
220,0.14,0.00,0.19,0.09,0.02,0.01,0.02,0.17,0.09,0.00,0.34,0.01,0.22,0.63,0.47,0.17,33.96,62.41,1.05,0.00
221,0.09,0.00,0.19,0.03,0.02,0.01,0.00,0.05,0.04,0.00,0.28,0.03,0.08,0.06,0.06,0.03,8.35,89.80,0.88,0.00
222,0.03,0.00,0.41,0.03,0.02,0.00,0.00,0.01,0.01,0.00,0.52,0.00,0.18,0.00,0.00,0.00,5.47,84.15,9.17,0.00
223,0.01,0.00,0.19,0.02,0.00,0.00,0.00,0.03,0.02,0.00,0.31,0.00,0.00,0.00,0.00,0.06,58.41,40.95,0.00,0.00
224,0.04,0.00,0.52,0.69,0.25,0.25,1.13,0.58,0.28,1.18,1.41,0.02,0.04,0.15,0.09,0.00,18.64,74.66,0.06,0.00
225,0.02,0.00,0.22,0.02,0.00,0.00,0.00,0.01,0.03,0.00,0.07,0.00,0.01,0.00,0.05,0.04,10.86,88.68,0.00,0.00
226,0.04,0.00,0.26,0.02,0.01,0.00,0.00,0.03,0.02,0.00,0.22,0.01,0.01,0.09,0.09,0.02,14.23,80.48,4.48,0.00
227,0.08,0.20,0.39,0.09,0.02,0.03,0.03,0.06,0.09,0.00,0.28,0.03,0.00,0.00,0.04,0.00,7.01,91.63,0.02,0.00
228,0.03,0.00,0.09,0.01,0.00,0.00,0.00,0.01,0.03,0.00,0.12,0.00,0.05,0.00,0.01,0.01,9.01,89.70,0.95,0.00
229,0.01,0.00,0.00,0.00,0.00,0.00,0.00,0.00,0.00,0.00,0.00,0.00,0.10,0.00,0.00,0.00,0.51,99.39,0.00,0.00
230,0.00,0.00,0.00,0.01,0.00,0.00,0.00,0.00,0.02,0.00,0.00,0.00,0.00,0.00,0.00,0.00,4.92,95.05,0.00,0.00
231,0.14,0.02,0.17,0.02,0.00,0.00,0.00,0.03,0.06,0.00,0.65,0.00,0.00,0.00,0.02,0.00,25.88,71.44,1.55,0.00
232,0.02,0.01,0.15,0.02,0.00,0.00,0.00,0.04,0.02,0.00,0.34,0.00,0.00,0.00,0.01,0.01,23.22,76.14,0.00,0.00
233,0.05,0.00,0.29,0.01,0.00,0.00,0.00,0.00,0.01,0.00,0.00,0.00,0.00,0.00,0.00,0.00,14.98,81.42,3.23,0.00
234,0.77,0.04,0.00,0.00,0.00,0.00,0.00,0.00,0.00,0.00,0.00,0.00,0.00,0.00,0.00,0.00,0.12,20.65,78.42,0.00
235,0.00,0.00,0.00,0.00,0.00,0.00,0.00,0.00,0.00,0.00,0.00,0.00,0.00,0.00,0.00,0.00,3.70,78.43,17.86,0.00
236,0.00,0.00,0.00,0.00,0.00,0.00,0.00,0.00,0.01,0.00,0.00,0.00,0.00,0.00,0.00,0.00,0.00,87.39,12.60,0.00
237,0.00,0.00,0.20,0.04,0.02,0.03,0.01,0.21,0.09,0.00,1.22,0.00,0.01,0.00,0.06,0.00,7.73,90.25,0.12,0.00
238,0.00,0.00,0.05,0.00,0.00,0.00,0.00,0.00,0.00,0.00,0.02,0.00,0.01,0.01,0.00,0.00,3.84,83.72,12.35,0.00
239,0.01,0.00,0.13,0.04,0.01,0.01,0.02,0.16,0.06,0.00,0.66,0.00,0.20,0.02,0.02,0.01,2.07,88.02,8.55,0.00
240,0.07,0.00,0.16,0.06,0.02,0.03,0.02,0.13,0.07,0.01,0.37,0.00,0.01,0.00,0.00,0.01,1.63,85.64,11.77,0.00
241,0.07,0.00,0.05,0.00,0.00,0.00,0.00,0.00,0.01,0.00,0.00,0.00,0.00,0.00,0.00,0.00,2.13,62.95,34.79,0.00
242,0.08,0.00,0.15,0.02,0.01,0.01,0.00,0.05,0.09,0.02,0.35,0.00,0.01,0.01,0.01,0.01,5.51,91.18,2.51,0.00
243,0.00,0.00,0.10,0.04,0.00,0.08,0.00,0.17,0.15,0.00,0.65,0.00,0.01,0.00,0.00,0.00,1.13,88.98,8.69,0.00
244,0.01,0.00,0.00,0.00,0.00,0.00,0.00,0.00,0.02,0.00,0.00,0.00,0.00,0.00,0.00,0.00,2.17,64.47,33.32,0.00
245,0.03,0.00,0.22,0.05,0.01,0.01,0.01,0.27,0.06,0.00,1.13,0.00,0.32,0.00,0.06,0.01,0.41,88.24,9.16,0.00
246,1.23,0.01,0.20,0.00,0.01,0.00,0.00,0.00,0.08,0.00,0.00,0.00,0.00,0.00,0.00,0.00,65.89,31.11,1.46,0.00
247,0.10,0.00,0.08,0.01,0.00,0.00,0.00,0.03,0.03,0.00,0.41,0.01,0.00,0.00,0.00,0.01,3.47,84.79,11.06,0.00
248,0.08,0.00,0.00,0.00,0.00,0.02,0.00,0.00,0.09,0.00,0.00,0.00,0.00,0.00,0.00,0.00,0.13,91.18,8.50,0.00
249,0.01,0.00,0.08,0.00,0.00,0.01,0.00,0.12,0.04,0.00,0.22,0.00,0.00,0.00,0.00,0.00,0.05,91.67,7.79,0.00
250,0.31,0.08,0.36,0.14,0.09,0.04,0.19,0.17,0.12,0.20,0.47,0.05,0.05,1.00,0.02,0.01,5.52,90.76,0.40,0.02
251,0.03,0.00,0.19,0.02,0.01,0.00,0.00,0.04,0.03,0.00,0.12,0.02,0.06,0.28,0.02,0.00,13.97,84.99,0.22,0.01
252,0.01,0.00,0.09,0.01,0.01,0.00,0.00,0.01,0.03,0.00,0.07,0.01,0.00,0.06,0.06,0.01,4.53,94.52,0.52,0.05
253,0.01,0.00,0.01,0.00,0.00,0.00,0.00,0.00,0.01,0.00,0.00,0.00,0.00,0.00,0.00,0.00,6.64,89.78,3.55,0.00
254,0.01,0.00,0.20,0.00,0.02,0.00,0.00,0.01,0.02,0.00,0.05,0.00,0.00,0.02,0.00,0.00,4.34,95.25,0.06,0.00
255,3.99,0.21,0.85,1.84,0.40,0.33,1.84,3.19,1.24,1.38,1.77,0.00,0.01,40.25,1.25,0.09,0.34,40.61,0.25,0.17
256,0.00,0.00,0.24,0.00,0.04,0.00,0.00,0.00,0.00,0.00,0.00,0.08,0.01,0.00,0.00,0.00,23.35,76.28,0.00,0.00
257,0.02,0.00,0.07,0.00,0.00,0.00,0.00,0.00,0.00,0.00,0.00,0.00,0.00,0.01,0.00,0.00,5.64,92.69,1.57,0.00
258,0.08,0.21,0.17,0.03,0.00,0.00,0.02,0.04,0.08,0.00,0.11,0.00,0.00,2.28,0.44,1.74,71.22,23.00,0.57,0.00
259,0.18,0.02,0.23,0.01,0.02,0.01,0.00,0.03,0.16,0.00,0.04,0.00,0.01,21.72,1.50,0.12,63.33,12.62,0.00,0.00
260,0.27,0.13,0.30,0.08,0.03,0.04,0.12,0.14,0.17,0.11,0.36,0.00,0.01,18.70,0.98,0.40,72.42,5.69,0.04,0.00
261,0.24,0.04,0.44,0.27,0.09,0.11,0.42,0.23,0.25,0.08,0.10,0.02,0.01,64.90,3.01,0.24,25.60,3.95,0.00,0.00
262,0.09,0.00,0.32,0.09,0.03,0.02,0.08,0.12,0.21,0.01,0.11,0.03,0.00,46.90,0.49,0.09,45.06,6.36,0.00,0.00
263,0.15,0.08,0.09,0.01,0.03,0.01,0.00,0.04,0.08,0.00,0.06,0.00,0.01,8.37,0.24,0.13,73.41,17.16,0.12,0.00
264,0.09,0.10,0.17,0.01,0.00,0.00,0.00,0.02,0.05,0.00,0.03,0.00,0.00,6.01,0.47,0.32,86.82,5.56,0.34,0.00
265,2.52,1.44,0.68,0.20,0.05,0.06,0.16,0.21,0.32,0.01,0.18,0.03,0.01,42.33,1.51,0.65,40.93,8.64,0.07,0.00
266,0.30,0.01,0.41,0.24,0.10,0.06,0.29,0.29,0.36,0.23,0.25,0.04,0.03,50.52,0.29,0.15,35.61,10.81,0.00,0.00
267,0.06,0.00,0.16,0.02,0.07,0.01,0.02,0.03,0.09,0.00,0.04,0.00,0.13,7.18,0.09,0.01,38.30,53.72,0.07,0.00
268,0.03,0.00,0.32,0.19,0.17,0.04,0.24,0.26,0.18,0.63,0.45,0.02,0.07,8.69,0.06,0.01,37.60,51.03,0.00,0.00
269,4.18,0.01,1.86,4.43,0.96,2.58,7.43,6.30,1.72,4.31,3.65,0.15,0.22,22.10,9.39,1.86,18.45,10.41,0.00,0.00
270,0.31,0.05,0.21,0.04,0.05,0.01,0.02,0.10,0.14,0.00,0.16,0.01,0.01,7.43,0.23,0.35,73.28,17.57,0.03,0.00
271,0.29,0.01,0.37,0.08,0.04,0.01,0.01,0.19,0.22,0.00,0.18,0.02,0.02,20.53,0.28,0.25,31.50,45.97,0.00,0.00
272,0.35,0.00,0.16,0.01,0.02,0.01,0.00,0.04,0.08,0.00,0.06,0.00,0.01,2.99,0.06,0.12,26.64,69.45,0.00,0.00
273,0.36,0.00,0.25,0.03,0.00,0.00,0.02,0.06,0.07,0.03,0.19,0.01,0.03,1.33,0.03,0.00,52.19,45.41,0.00,0.00
274,0.35,0.05,0.31,0.10,0.09,0.04,0.11,0.18,0.17,0.15,0.28,0.03,0.01,8.50,0.41,0.62,80.86,7.74,0.00,0.00
275,0.02,0.00,0.02,0.00,0.00,0.00,0.00,0.00,0.01,0.00,0.01,0.00,0.00,0.19,0.01,0.08,48.23,51.43,0.00,0.00
276,0.03,0.00,0.06,0.00,0.00,0.00,0.00,0.00,0.01,0.00,0.00,0.00,0.00,0.10,0.08,0.03,42.93,56.77,0.00,0.00
277,0.03,0.00,0.19,0.01,0.01,0.02,0.00,0.03,0.04,0.01,0.08,0.01,0.00,0.06,0.03,0.13,22.43,76.88,0.03,0.00
278,0.04,0.00,0.67,0.37,0.08,0.25,0.00,0.75,1.17,0.00,6.98,0.03,0.02,0.05,0.05,2.36,43.88,43.29,0.00,0.00
279,0.06,0.00,0.61,1.13,0.24,0.39,1.60,1.09,0.57,1.88,1.63,0.08,0.04,0.84,0.14,2.99,79.93,6.77,0.00,0.00
280,1.08,0.01,0.11,0.07,0.00,0.02,0.02,0.10,0.13,0.00,0.21,0.02,0.01,4.00,0.28,0.13,67.63,26.18,0.00,0.00
281,0.31,0.00,0.33,0.03,0.00,0.01,0.02,0.06,0.02,0.01,0.23,0.01,0.01,0.33,0.06,0.11,83.50,14.94,0.00,0.00
282,0.10,0.00,0.02,0.00,0.00,0.00,0.00,0.00,0.00,0.00,0.00,0.00,0.00,0.00,0.00,0.00,22.71,77.16,0.00,0.00
283,0.32,0.00,0.20,0.01,0.00,0.00,0.00,0.02,0.02,0.00,0.05,0.02,0.01,0.33,0.04,0.03,58.88,40.09,0.00,0.00
284,0.00,0.00,0.24,0.01,0.00,0.00,0.00,0.01,0.04,0.00,0.09,0.00,0.01,0.22,0.01,0.01,79.70,19.67,0.00,0.00
285,0.80,0.00,0.56,0.05,0.00,0.00,0.00,0.11,0.22,0.00,0.62,0.00,0.03,3.52,0.20,0.12,67.06,26.69,0.00,0.00
286,0.00,0.00,0.13,0.00,0.00,0.00,0.00,0.00,0.01,0.00,0.00,0.00,0.00,0.13,0.01,0.01,37.01,62.69,0.00,0.00
287,1.17,0.02,0.34,0.12,0.03,0.04,0.11,0.21,0.26,0.00,0.10,0.00,0.00,43.25,3.13,3.20,43.07,4.94,0.00,0.00
288,0.72,0.12,0.27,0.06,0.01,0.01,0.02,0.11,0.19,0.00,0.07,0.00,0.00,48.64,1.49,1.01,43.75,3.40,0.11,0.00
289,1.19,0.31,0.41,0.20,0.08,0.07,0.19,0.39,0.31,0.00,0.49,0.02,0.00,59.40,1.40,0.53,30.92,3.85,0.23,0.00
290,1.24,0.04,0.53,0.38,0.21,0.12,0.43,0.77,0.47,0.20,0.48,0.01,0.00,59.42,2.07,3.03,25.34,5.25,0.00,0.00
291,0.49,0.22,0.22,0.07,0.01,0.01,0.01,0.16,0.23,0.00,0.07,0.00,0.01,32.55,1.78,3.33,56.71,4.12,0.00,0.00
292,0.54,0.12,0.42,0.17,0.05,0.04,0.07,0.29,0.26,0.01,0.13,0.03,0.00,77.95,0.85,1.69,12.61,4.77,0.00,0.00
293,2.19,2.49,1.05,0.53,0.17,0.10,0.36,0.60,0.47,0.01,0.18,0.03,0.04,65.69,3.02,2.83,11.71,8.37,0.16,0.00
294,0.41,0.01,0.50,0.30,0.16,0.06,0.22,0.51,0.44,0.43,0.32,0.03,0.01,37.23,0.88,1.04,18.88,38.59,0.00,0.00
295,1.33,0.00,0.43,0.24,0.21,0.06,0.24,0.52,0.35,0.30,0.37,0.01,0.01,18.67,1.03,6.25,39.29,30.67,0.00,0.00
296,0.66,0.00,0.34,0.09,0.05,0.04,0.05,0.22,0.28,0.00,0.44,0.01,0.01,6.80,0.48,0.50,22.23,67.81,0.00,0.00
297,2.58,0.00,0.11,0.03,0.33,0.04,0.00,0.16,0.11,0.15,1.63,0.00,0.00,9.40,0.31,0.68,17.36,62.94,4.16,0.00
298,0.75,0.03,0.28,0.05,0.04,0.02,0.02,0.13,0.27,0.00,0.08,0.01,0.00,30.67,0.60,1.65,44.32,21.10,0.00,0.00
299,0.58,0.01,0.32,0.20,0.29,0.04,0.18,0.32,0.29,0.02,0.36,0.01,0.02,56.12,0.38,0.25,6.02,34.58,0.00,0.00
300,0.49,0.00,0.24,0.00,0.08,0.01,0.00,0.00,0.11,0.00,0.00,0.00,0.18,14.62,0.32,1.83,75.32,6.81,0.00,0.00
301,1.72,0.00,0.86,0.99,0.40,0.27,1.23,1.37,0.63,0.94,1.89,0.04,0.01,22.41,3.32,5.48,42.99,15.38,0.06,0.00
302,29.02,4.54,0.01,0.00,0.00,0.14,0.00,0.00,0.17,0.00,0.00,0.00,0.02,2.85,0.23,0.25,7.24,55.54,0.00,0.00
303,0.72,0.00,0.36,0.08,0.04,0.02,0.05,0.19,0.22,0.00,0.24,0.00,0.00,24.51,0.29,0.90,56.11,16.16,0.09,0.00
304,0.68,0.00,0.00,0.01,0.01,0.00,0.00,0.00,0.25,0.00,0.00,0.00,0.44,6.69,0.29,1.24,79.31,11.08,0.00,0.00
305,1.85,0.09,0.37,0.12,0.12,0.05,0.10,0.27,0.28,0.01,0.23,0.00,0.02,13.77,9.79,5.68,59.53,6.92,0.79,0.00
306,2.54,0.01,0.55,0.30,0.12,0.12,0.16,1.16,0.72,1.02,2.94,0.01,0.01,2.59,10.32,4.60,24.21,48.51,0.11,0.00
307,7.54,0.33,0.79,1.32,0.55,0.67,1.77,3.54,0.97,1.95,6.16,0.02,0.01,3.42,11.22,13.25,19.46,27.05,0.00,0.00
308,1.31,0.00,0.41,0.18,0.10,0.06,0.04,0.52,0.65,0.08,1.25,0.01,0.06,4.07,4.13,6.39,33.78,46.96,0.00,0.00
309,3.11,0.02,1.17,1.38,0.93,0.65,1.68,2.41,1.54,1.57,2.42,0.03,0.05,6.25,9.68,12.70,37.18,17.26,0.00,0.00
310,0.92,0.00,0.43,0.24,0.30,0.06,0.15,0.65,0.50,0.32,1.05,0.01,0.04,2.97,1.47,2.47,38.47,49.93,0.00,0.00
311,3.74,0.00,0.18,0.05,0.03,0.03,0.00,0.23,0.40,0.00,1.18,0.00,0.00,1.79,0.16,5.38,32.03,54.78,0.00,0.00
312,1.03,0.00,0.58,0.32,0.14,0.10,0.18,0.64,0.40,0.00,1.41,0.05,0.18,3.28,12.39,7.56,30.94,40.73,0.08,0.00
313,1.02,0.00,0.34,0.16,0.09,0.08,0.12,0.50,0.52,0.00,1.48,0.00,0.01,13.56,1.91,5.39,47.21,27.61,0.00,0.00
314,1.09,0.00,0.51,0.03,0.06,0.00,0.00,0.09,0.14,0.00,0.03,0.08,0.57,1.45,1.64,0.82,5.02,88.47,0.00,0.00
315,0.83,0.42,1.36,1.68,1.30,0.79,1.09,7.61,2.21,1.23,11.71,0.07,0.03,10.39,34.06,1.66,0.30,23.24,0.00,0.00
316,2.63,0.53,2.50,3.65,2.36,0.89,2.39,10.09,2.59,2.62,10.04,0.02,0.23,8.99,25.58,1.01,0.34,23.34,0.18,0.00
317,1.41,0.18,0.46,0.62,0.85,0.79,0.19,2.92,2.79,0.01,9.58,0.15,0.04,0.45,10.36,0.57,0.44,66.04,2.13,0.00
318,0.54,0.21,0.68,0.74,1.01,0.81,0.53,5.88,1.35,0.04,16.91,0.07,0.19,0.51,7.83,0.43,0.34,55.29,6.63,0.00
319,2.11,0.29,0.63,1.02,0.28,0.72,1.04,11.23,2.17,3.94,17.08,0.02,0.19,0.14,3.36,0.19,0.04,55.50,0.04,0.00
320,3.28,0.60,2.10,4.27,1.32,1.70,8.39,12.55,1.09,6.46,21.25,0.04,0.19,0.05,0.83,0.12,0.05,35.56,0.14,0.00
321,1.27,0.91,1.24,2.39,2.60,0.90,2.38,12.11,1.96,3.92,10.03,0.03,0.17,1.36,9.78,0.70,2.79,45.25,0.21,0.00
322,2.55,0.60,1.35,0.74,0.76,0.20,0.88,2.53,1.52,1.08,4.43,0.21,0.37,0.24,3.90,0.57,0.27,77.81,0.00,0.00
323,0.88,0.51,1.12,0.78,0.35,0.28,0.39,1.39,2.24,0.01,1.71,0.01,0.09,2.82,21.45,1.63,0.89,63.46,0.00,0.00
324,0.12,0.00,0.29,0.05,0.02,0.01,0.00,0.12,0.12,0.00,0.15,0.00,0.01,0.44,0.23,0.09,2.38,95.94,0.03,0.00
325,2.66,0.00,0.28,0.09,0.03,0.13,0.00,0.74,0.49,0.00,1.36,0.02,0.02,0.53,0.42,0.28,9.24,83.72,0.00,0.00
326,0.94,0.00,0.30,0.41,0.08,0.16,0.21,1.49,1.07,0.80,3.29,0.00,0.12,0.17,0.16,0.30,4.32,85.89,0.30,0.00
327,0.04,0.00,0.20,0.03,0.07,0.00,0.01,0.05,0.12,0.00,0.06,0.00,0.00,0.13,0.00,0.00,1.71,97.22,0.35,0.00
328,0.14,0.10,0.43,0.12,0.02,0.03,0.05,0.34,0.52,0.00,0.42,0.00,0.00,13.45,2.75,1.07,12.92,67.64,0.00,0.00
329,0.15,0.00,0.35,0.04,0.34,0.01,0.00,0.16,0.12,0.00,0.17,0.00,0.01,0.04,0.01,0.01,12.00,86.59,0.00,0.00
330,0.42,0.07,0.25,0.09,0.06,0.01,0.05,0.20,0.28,0.02,0.36,0.00,0.03,3.35,6.52,0.71,12.30,75.26,0.00,0.00
331,9.87,0.13,1.29,2.08,0.48,0.12,1.73,2.94,1.04,1.00,5.18,0.00,0.02,19.09,5.77,0.19,8.12,39.36,0.03,1.55
332,2.06,0.16,1.31,2.06,0.97,0.58,2.72,2.77,1.39,2.00,2.80,0.03,0.04,17.55,18.64,11.33,17.08,16.49,0.01,0.00
333,0.54,0.33,0.56,0.27,0.08,0.06,0.04,0.59,0.66,0.00,0.28,0.00,0.01,3.40,51.89,5.06,2.23,34.01,0.00,0.00
334,5.18,2.64,0.41,0.22,0.37,0.02,0.00,0.25,0.52,1.89,1.39,0.06,0.15,30.10,28.13,2.70,6.39,19.57,0.00,0.00
335,4.98,2.00,0.49,0.30,0.08,0.07,0.07,1.04,1.00,0.20,1.15,0.02,0.02,3.56,44.16,4.97,3.19,32.70,0.00,0.00
336,0.88,0.78,0.45,0.20,0.12,0.04,0.07,0.43,0.63,0.07,0.60,0.00,0.31,3.35,31.46,4.17,2.69,53.74,0.00,0.00
337,0.69,0.92,0.69,0.76,0.08,0.03,0.00,0.34,0.66,0.03,0.15,0.00,0.01,3.47,52.21,7.18,1.99,30.80,0.00,0.00
338,0.87,1.31,1.00,0.66,0.23,0.05,0.21,1.37,0.82,0.01,0.52,0.05,0.00,6.76,64.28,2.08,0.37,19.42,0.00,0.00
339,1.81,0.02,0.43,0.26,0.08,0.39,0.00,1.49,0.98,0.00,13.99,0.00,0.03,0.40,6.00,0.83,0.07,73.21,0.00,0.00
340,3.82,14.90,0.23,0.16,0.04,0.04,0.02,0.25,0.32,0.00,0.22,0.00,0.05,20.58,28.28,2.09,2.07,26.93,0.00,0.00
341,1.14,2.72,1.25,2.71,1.30,0.49,2.34,3.62,1.17,1.90,1.90,0.03,0.04,32.48,28.86,1.02,0.96,16.02,0.05,0.00
342,0.21,1.37,0.60,0.59,0.44,0.12,0.68,0.78,0.51,0.24,0.41,0.04,0.04,41.30,17.64,1.16,2.01,31.84,0.03,0.00
343,3.55,13.03,0.36,0.64,0.41,0.32,0.30,1.16,0.88,0.13,2.30,0.02,0.04,10.40,27.69,1.87,0.95,35.94,0.00,0.00
344,0.07,0.27,0.16,0.03,0.01,0.00,0.02,0.05,0.23,0.00,0.06,0.00,0.01,1.99,7.77,2.89,41.80,44.65,0.00,0.00
345,0.73,0.27,0.65,1.32,0.22,0.15,0.88,4.02,1.29,0.84,1.56,0.00,0.16,57.84,13.89,0.57,2.22,13.40,0.00,0.00
346,2.30,0.30,1.60,2.66,0.94,0.53,1.46,5.21,2.26,2.12,3.42,0.05,0.01,45.12,7.67,0.34,2.48,20.84,0.29,0.38
347,26.23,55.17,0.06,0.13,0.51,0.04,0.16,0.11,0.17,0.14,0.16,0.03,0.03,1.97,1.72,0.02,0.00,13.34,0.02,0.00
348,8.83,39.38,0.48,0.78,0.90,0.28,0.71,1.68,0.84,0.51,3.78,0.36,0.15,1.76,3.71,0.41,2.05,33.10,0.31,0.00
349,3.43,7.90,0.19,0.43,0.85,0.28,0.26,1.09,0.31,1.08,0.99,0.21,0.02,1.14,0.40,1.87,2.79,76.73,0.00,0.04
350,0.73,2.80,1.31,1.66,0.63,0.27,1.32,4.72,1.86,0.35,0.98,0.00,0.00,54.70,22.93,0.26,0.16,5.31,0.00,0.00
351,2.00,4.82,0.63,0.43,0.28,0.08,0.17,1.35,0.80,0.31,2.55,0.02,0.04,0.79,13.79,0.96,0.61,70.16,0.21,0.00
352,6.32,42.94,0.25,0.07,0.12,0.03,0.01,0.15,0.27,0.10,0.57,0.01,0.04,1.00,5.85,0.42,0.14,41.14,0.59,0.00
353,1.90,7.00,0.46,0.25,0.26,0.05,0.10,1.18,0.66,0.35,1.58,0.02,0.04,2.52,8.85,0.67,0.77,72.57,0.79,0.00
354,1.03,1.23,0.53,0.18,0.04,0.03,0.05,0.52,0.51,0.01,0.64,0.00,0.04,0.33,28.47,5.55,5.55,55.25,0.04,0.00
355,3.34,3.60,0.41,0.26,0.18,0.07,0.02,0.92,0.84,0.08,2.84,0.01,0.03,0.24,6.92,0.67,0.51,73.78,5.26,0.00
356,0.69,5.70,0.47,0.55,0.22,0.18,0.15,2.06,1.23,0.61,4.66,0.01,0.04,1.44,7.02,0.93,0.51,72.09,1.45,0.00
357,5.71,10.28,1.02,0.61,0.41,0.09,0.50,0.85,0.60,0.38,0.45,0.00,0.01,29.47,25.74,1.09,1.45,21.29,0.04,0.00
358,0.48,1.20,0.91,0.16,0.25,0.03,0.00,0.46,0.51,0.00,0.74,0.03,0.11,0.92,32.17,3.33,2.06,56.49,0.15,0.00
359,2.03,0.01,0.32,0.05,0.01,0.02,0.01,0.14,0.50,0.00,0.36,0.00,0.01,0.10,9.30,1.51,0.53,84.66,0.44,0.00
360,2.76,0.00,0.49,0.27,0.07,0.13,0.12,0.97,0.52,0.01,3.95,0.00,0.07,0.06,5.63,0.76,0.22,81.69,2.27,0.00
361,5.11,0.02,0.36,0.07,0.01,0.22,0.00,0.63,0.81,0.07,3.71,0.00,0.02,0.07,11.74,1.70,0.61,74.80,0.06,0.00
362,1.21,0.12,0.36,0.33,0.21,0.14,0.54,0.81,0.34,0.81,1.66,0.00,0.01,0.30,7.20,1.03,1.04,82.45,1.47,0.00
363,0.86,0.00,0.12,0.00,0.00,0.00,0.00,0.00,0.29,0.00,0.00,0.00,0.00,0.01,1.57,0.82,1.59,94.46,0.28,0.00
364,3.96,0.16,0.61,0.07,0.01,0.00,0.00,0.16,0.48,0.00,0.12,0.00,0.00,0.16,28.37,3.01,2.73,60.18,0.00,0.00
365,0.40,0.01,0.09,0.01,0.03,0.02,0.00,0.08,0.30,0.00,0.92,0.00,0.02,0.24,7.02,1.51,0.72,86.55,2.08,0.00
366,12.89,4.09,0.40,0.39,0.24,0.18,0.13,0.51,0.41,0.50,0.49,0.00,0.10,24.12,32.28,1.18,1.01,21.08,0.00,0.00
367,1.83,0.28,0.46,0.17,0.04,0.05,0.02,0.58,0.96,0.02,1.54,0.00,0.02,1.21,36.80,2.21,0.57,53.16,0.10,0.00
368,3.85,1.05,0.85,0.55,0.26,0.10,0.27,1.60,0.85,0.22,1.64,0.01,0.08,0.96,44.15,4.69,2.09,36.71,0.06,0.00
369,4.25,0.16,0.49,0.14,0.15,0.05,0.04,0.51,0.44,0.00,1.33,0.00,0.01,0.70,17.50,7.10,14.16,52.98,0.00,0.00
370,0.03,0.04,0.18,0.01,0.00,0.00,0.00,0.01,0.22,0.00,0.04,0.00,0.00,0.04,12.16,0.79,0.36,80.86,5.27,0.00
371,1.22,0.05,0.24,0.08,0.03,0.05,0.02,0.34,0.49,0.19,1.25,0.00,0.03,0.09,15.43,1.30,0.54,78.10,0.55,0.00
372,1.39,0.15,0.80,0.61,0.21,0.18,0.34,1.69,0.94,0.35,1.62,0.00,0.11,3.52,58.06,2.15,0.46,27.38,0.02,0.00
373,1.91,0.05,0.25,0.07,0.01,0.06,0.01,0.38,0.65,0.01,2.01,0.00,0.01,0.15,24.70,2.03,0.88,65.51,1.31,0.00
374,4.15,0.02,0.24,0.13,0.01,0.04,0.00,0.41,0.56,0.00,2.28,0.00,0.02,0.15,21.03,1.10,0.54,67.53,1.78,0.00
375,0.26,0.04,0.47,0.18,0.04,0.07,0.02,0.56,0.56,0.00,0.94,0.00,0.02,0.64,38.05,1.87,0.74,55.47,0.07,0.00
