uniqid_county,NWALT92_11_county,NWALT92_12_county,NWALT92_21_county,NWALT92_22_county,NWALT92_23_county,NWALT92_24_county,NWALT92_25_county,NWALT92_26_county,NWALT92_27_county,NWALT92_31_county,NWALT92_32_county,NWALT92_33_county,NWALT92_41_county,NWALT92_43_county,NWALT92_44_county,NWALT92_45_county,NWALT92_46_county,NWALT92_50_county,NWALT92_60_county,NWALT92_9999_county
1,0.03,0.01,0.22,0.33,0.14,0.16,0.55,0.72,0.27,0.81,1.49,0.02,0.50,0.48,0.01,0.00,1.74,78.51,13.99,0.03
2,0.05,0.01,0.18,0.05,0.01,0.02,0.01,0.13,0.08,0.00,0.72,0.02,0.03,0.06,0.10,0.01,10.74,87.35,0.44,0.00
3,0.28,0.03,0.23,0.03,0.00,0.01,0.01,0.06,0.07,0.00,0.24,0.00,0.00,0.51,4.14,0.10,3.12,80.35,10.81,0.00
4,0.64,0.01,0.17,0.04,0.01,0.01,0.02,0.15,0.07,0.01,0.56,0.00,0.26,0.00,0.02,0.00,0.01,89.63,8.38,0.00
5,0.15,0.02,0.21,0.13,0.09,0.04,0.12,0.16,0.14,0.09,0.17,0.01,0.01,5.09,0.62,0.03,0.19,66.32,26.35,0.06
6,0.03,0.00,0.25,0.08,0.01,0.03,0.02,0.38,0.09,0.00,1.64,0.01,0.11,0.00,0.07,0.01,3.36,87.06,6.85,0.00
7,0.08,0.25,0.31,0.12,0.04,0.06,0.10,0.24,0.53,0.14,1.08,0.03,0.22,10.29,0.59,0.01,0.24,81.65,4.03,0.00
8,0.01,0.01,0.29,0.04,0.04,0.01,0.01,0.05,0.09,0.00,0.16,0.01,0.69,0.08,0.22,0.03,0.22,81.77,16.25,0.00
9,0.04,0.00,0.27,0.10,0.03,0.08,0.03,0.27,0.28,0.02,1.50,0.02,0.00,0.20,0.70,0.01,0.96,91.34,4.04,0.11
10,0.15,0.02,0.17,0.04,0.01,0.01,0.01,0.05,0.04,0.00,0.19,0.00,0.01,0.01,0.01,0.00,5.90,84.94,8.43,0.00
11,0.02,0.08,0.12,0.03,0.00,0.01,0.01,0.06,0.07,0.00,0.30,0.00,0.01,1.70,0.07,0.00,1.70,91.16,4.64,0.00
12,0.25,0.19,0.55,1.22,0.37,0.55,2.18,1.61,0.72,0.91,1.50,0.03,0.00,6.57,0.51,0.01,5.43,69.54,7.85,0.00
13,0.02,0.02,0.23,0.07,0.09,0.02,0.07,0.14,0.16,0.02,0.67,0.07,0.02,2.59,0.44,0.02,3.00,88.32,3.99,0.05
14,0.75,0.07,0.14,0.06,0.01,0.03,0.04,0.21,0.10,0.01,0.65,0.00,0.02,0.09,0.10,0.01,4.61,80.82,12.30,0.00
15,0.11,0.01,0.21,0.02,0.01,0.00,0.00,0.04,0.04,0.00,0.32,0.02,0.01,0.04,0.04,0.02,13.09,83.40,2.62,0.00
16,0.46,0.04,3.79,11.95,5.26,5.29,20.83,6.80,2.04,5.39,2.16,0.13,0.08,0.81,0.34,0.05,1.34,32.82,0.41,0.00
17,0.34,0.02,0.53,0.59,0.52,0.25,0.87,0.93,0.30,0.93,0.96,0.20,0.09,4.52,1.88,0.37,3.40,64.30,18.99,0.00
18,6.68,0.02,0.39,0.16,0.07,0.02,0.13,0.20,0.22,0.01,0.24,0.01,0.04,8.82,8.19,0.12,0.01,74.00,0.55,0.09
19,0.30,0.01,0.49,0.38,0.26,0.10,0.43,0.55,0.36,0.10,0.86,0.05,0.37,17.84,2.10,1.11,13.46,59.91,1.33,0.00
20,0.38,0.07,1.08,2.23,1.26,1.19,3.80,4.13,0.83,2.77,4.01,0.05,0.02,1.44,0.30,0.15,2.77,71.42,2.07,0.03
21,0.14,0.00,0.35,0.39,0.20,0.08,0.50,0.85,0.22,0.62,1.07,0.01,0.08,0.17,0.12,0.01,0.25,92.32,2.61,0.00
22,1.22,0.06,0.62,0.98,0.29,0.57,1.19,2.33,0.79,1.04,2.57,0.06,0.03,3.05,2.08,0.21,2.04,65.10,15.77,0.00
23,0.46,0.02,0.90,1.55,0.93,0.60,2.35,2.40,0.73,1.67,1.14,0.03,0.06,6.92,1.23,0.47,1.80,53.14,23.62,0.00
24,0.46,0.00,2.44,5.43,2.99,1.96,12.28,4.24,0.94,4.16,2.51,0.03,0.07,0.73,2.11,0.80,3.66,51.80,3.37,0.00
25,0.05,0.00,0.16,0.01,0.00,0.00,0.02,0.03,0.03,0.00,0.05,0.01,0.00,0.49,0.18,0.15,56.04,42.79,0.00,0.00
26,0.22,0.49,0.15,0.03,0.00,0.00,0.00,0.14,0.16,0.00,0.04,0.00,0.01,0.28,11.72,0.94,15.59,58.97,11.28,0.00
27,0.43,0.00,0.24,0.11,0.01,0.05,0.05,0.10,0.22,0.02,0.22,0.05,0.04,0.28,7.87,0.14,1.06,81.07,8.04,0.00
28,0.97,0.04,0.09,0.01,0.00,0.02,0.02,0.02,0.08,0.01,0.03,0.00,0.01,6.59,0.84,0.13,79.56,11.57,0.00,0.00
29,0.26,0.00,0.21,0.02,0.00,0.00,0.00,0.04,0.07,0.00,0.02,0.00,0.01,1.49,3.06,0.36,8.82,85.66,0.00,0.00
30,0.17,0.13,0.17,0.06,0.01,0.01,0.06,0.07,0.16,0.01,0.09,0.01,0.01,32.72,1.94,0.08,51.97,12.33,0.00,0.00
31,0.41,0.00,0.24,0.05,0.00,0.02,0.02,0.10,0.13,0.00,0.27,0.00,0.01,4.01,4.56,0.11,4.34,81.62,4.10,0.00
32,0.19,0.00,0.21,0.01,0.00,0.00,0.00,0.01,0.01,0.00,0.03,0.00,0.01,0.01,0.06,0.08,7.43,60.55,31.40,0.00
33,0.57,0.55,0.30,0.12,0.01,0.02,0.09,0.17,0.25,0.01,0.44,0.02,0.00,1.61,19.49,0.44,4.82,68.49,2.59,0.00
34,0.12,0.26,0.29,0.09,0.01,0.03,0.04,0.21,0.16,0.00,0.56,0.05,0.05,0.43,17.81,0.75,7.44,70.63,1.08,0.00
35,0.01,0.00,0.16,0.01,0.00,0.00,0.00,0.04,0.15,0.00,0.01,0.00,0.00,34.25,4.06,0.01,50.12,11.17,0.00,0.00
36,0.35,0.00,0.23,0.04,0.00,0.02,0.00,0.05,0.05,0.00,0.31,0.00,0.00,0.05,1.36,0.14,4.34,85.35,7.71,0.00
37,0.13,0.00,0.28,0.01,0.00,0.03,0.00,0.07,0.02,0.00,0.07,0.00,0.01,0.01,0.34,0.63,44.27,54.12,0.00,0.00
38,0.75,0.06,0.23,0.08,0.03,0.01,0.03,0.15,0.22,0.00,0.04,0.00,0.00,71.63,0.84,0.29,22.54,3.08,0.00,0.00
39,0.32,0.08,0.45,0.24,0.04,0.06,0.29,0.18,0.24,0.04,0.15,0.15,0.01,52.68,3.71,0.08,36.48,4.81,0.00,0.00
40,0.78,0.12,0.56,0.19,0.05,0.06,0.09,0.33,0.22,0.00,0.25,0.01,0.01,67.65,4.07,0.26,22.53,2.83,0.00,0.00
41,0.31,0.01,0.35,0.18,0.03,0.04,0.19,0.19,0.23,0.01,0.15,0.02,0.02,68.51,4.42,0.15,15.92,9.27,0.00,0.00
42,0.01,0.00,0.15,0.03,0.00,0.01,0.00,0.07,0.18,0.00,0.03,0.00,0.00,68.74,11.40,0.01,14.00,5.37,0.00,0.00
43,1.94,0.11,0.42,0.36,0.18,0.12,0.34,0.71,0.45,0.00,1.24,0.04,0.00,54.15,1.94,0.92,32.20,4.85,0.00,0.00
44,0.39,0.09,0.17,0.03,0.01,0.01,0.00,0.09,0.12,0.00,0.13,0.00,0.00,21.75,0.17,0.33,74.82,1.89,0.00,0.00
45,0.56,0.02,0.29,0.07,0.01,0.02,0.00,0.20,0.20,0.00,0.11,0.00,0.00,59.61,1.32,1.08,34.01,2.47,0.00,0.00
46,0.14,0.00,0.09,0.02,0.00,0.01,0.00,0.06,0.15,0.00,0.02,0.00,0.00,53.65,7.49,0.03,21.32,17.02,0.00,0.00
47,0.51,0.09,0.18,0.02,0.00,0.00,0.00,0.04,0.15,0.00,0.06,0.00,0.00,51.63,1.03,0.42,43.70,2.16,0.00,0.00
48,0.27,0.05,0.31,0.06,0.02,0.01,0.00,0.10,0.16,0.00,0.11,0.00,0.00,38.67,0.39,0.16,57.88,1.80,0.00,0.00
49,0.36,0.00,0.38,0.05,0.00,0.00,0.00,0.10,0.22,0.00,0.02,0.00,0.01,86.78,2.17,0.05,8.02,1.85,0.00,0.00
50,0.02,0.00,0.18,0.05,0.01,0.01,0.00,0.10,0.20,0.00,0.06,0.00,0.01,49.64,4.90,0.00,31.89,12.94,0.00,0.00
51,0.09,0.00,0.25,0.12,0.03,0.02,0.06,0.11,0.27,0.00,0.06,0.02,0.02,74.69,6.39,0.04,15.60,2.23,0.00,0.00
52,1.13,0.10,0.26,0.05,0.02,0.02,0.00,0.14,0.19,0.00,0.05,0.00,0.00,64.41,1.42,0.28,29.53,2.39,0.00,0.00
53,1.23,0.09,0.27,0.05,0.02,0.01,0.01,0.12,0.18,0.00,0.05,0.01,0.00,24.02,0.20,0.42,69.90,3.42,0.00,0.00
54,0.43,0.01,0.26,0.05,0.00,0.00,0.00,0.09,0.18,0.00,0.03,0.00,0.00,81.86,5.19,0.07,6.92,4.89,0.00,0.00
55,0.56,0.06,0.32,0.03,0.00,0.00,0.00,0.07,0.14,0.00,0.11,0.00,0.00,22.34,1.73,0.18,72.47,1.68,0.29,0.00
56,1.08,0.07,0.22,0.05,0.02,0.02,0.00,0.17,0.23,0.00,0.26,0.00,0.00,44.09,0.47,1.52,47.28,4.50,0.00,0.00
57,0.70,0.02,0.63,0.43,0.21,0.14,0.24,0.92,0.40,0.01,0.31,0.00,0.00,68.73,3.29,0.92,18.71,4.32,0.00,0.00
58,0.03,0.00,0.17,0.05,0.00,0.01,0.02,0.11,0.25,0.00,0.01,0.00,0.01,66.61,1.26,0.01,24.63,6.81,0.00,0.00
59,0.31,0.00,0.11,0.03,0.00,0.01,0.00,0.07,0.15,0.00,0.02,0.00,0.00,61.15,8.72,0.03,9.40,20.01,0.00,0.00
60,1.36,0.52,0.15,0.05,0.01,0.01,0.00,0.18,0.20,0.00,0.08,0.00,0.00,61.92,1.30,0.42,30.04,3.76,0.00,0.00
61,2.01,0.03,1.46,2.18,1.41,0.76,3.63,3.79,1.15,2.15,1.82,0.01,0.01,53.46,2.77,1.12,16.68,5.54,0.00,0.00
62,0.48,0.05,0.22,0.04,0.00,0.02,0.00,0.10,0.21,0.00,0.02,0.00,0.00,47.70,4.11,0.08,45.24,1.73,0.00,0.00
63,1.03,0.08,0.47,0.11,0.06,0.03,0.02,0.37,0.33,0.00,0.19,0.00,0.00,69.30,1.35,1.54,19.00,6.11,0.00,0.00
64,0.37,0.10,0.47,0.09,0.03,0.05,0.14,0.13,0.21,0.01,0.11,0.01,0.00,63.54,1.07,0.62,30.70,2.34,0.00,0.00
65,1.65,0.02,0.39,0.59,0.17,0.17,0.74,0.74,0.22,0.26,0.96,0.01,0.13,0.05,0.07,0.01,0.44,91.90,1.48,0.00
66,0.11,0.00,0.09,0.00,0.00,0.00,0.00,0.01,0.01,0.00,0.11,0.00,0.00,0.15,0.00,0.11,71.34,28.08,0.00,0.00
67,0.45,0.00,0.11,0.02,0.01,0.02,0.01,0.06,0.03,0.00,0.08,0.00,0.01,0.19,0.02,0.00,5.65,88.35,4.97,0.00
68,0.07,0.00,0.30,0.10,0.09,0.02,0.11,0.15,0.10,0.01,0.38,0.02,0.18,1.76,0.04,0.01,46.23,50.42,0.00,0.00
69,0.05,0.00,0.33,0.01,0.00,0.00,0.00,0.02,0.02,0.00,0.08,0.00,0.01,0.04,0.00,0.00,65.65,33.79,0.00,0.00
70,0.12,0.00,0.31,0.02,0.00,0.00,0.00,0.04,0.10,0.00,0.16,0.01,0.01,0.70,0.04,0.03,56.78,40.23,1.42,0.00
71,0.03,0.00,0.18,0.04,0.01,0.01,0.02,0.08,0.08,0.00,0.18,0.01,0.56,0.00,0.03,0.02,4.30,82.79,11.66,0.00
72,0.01,0.00,0.16,0.03,0.06,0.01,0.04,0.04,0.04,0.01,0.33,0.01,0.01,0.13,0.01,0.00,7.61,91.48,0.02,0.00
73,0.38,0.00,0.21,0.11,0.03,0.01,0.03,0.23,0.14,0.00,0.44,0.01,0.24,0.82,0.92,0.24,23.45,71.37,1.36,0.00
74,0.17,0.00,0.21,0.05,0.01,0.01,0.03,0.06,0.16,0.00,0.12,0.01,0.01,16.91,0.13,0.01,67.92,14.20,0.00,0.00
75,0.06,0.00,0.29,0.16,0.23,0.08,0.23,0.28,0.30,0.02,0.51,0.04,0.02,34.18,0.10,0.01,59.96,3.54,0.00,0.00
76,0.08,0.00,0.32,0.06,0.01,0.01,0.00,0.14,0.05,0.00,0.96,0.00,0.17,0.10,0.53,0.21,7.95,83.86,5.54,0.00
77,0.00,0.00,0.14,0.01,0.01,0.00,0.00,0.01,0.02,0.00,0.05,0.00,0.01,0.33,0.07,0.00,12.83,85.87,0.59,0.05
78,0.37,0.54,0.24,0.07,0.08,0.02,0.08,0.10,0.10,0.01,0.30,0.05,0.27,1.24,0.00,0.03,3.56,90.97,1.95,0.00
79,0.14,0.00,0.23,0.00,0.00,0.00,0.00,0.02,0.01,0.00,0.03,0.03,0.01,0.53,0.05,0.05,77.74,21.16,0.00,0.00
80,0.12,0.00,0.14,0.03,0.00,0.01,0.01,0.05,0.05,0.00,0.28,0.00,0.06,0.02,0.00,0.06,5.64,90.07,3.47,0.00
81,0.42,0.00,0.30,0.03,0.00,0.00,0.03,0.06,0.11,0.00,0.27,0.02,0.01,5.92,0.05,0.00,52.58,40.19,0.00,0.00
82,0.27,0.00,0.29,0.02,0.00,0.01,0.01,0.05,0.02,0.00,0.72,0.01,0.00,0.45,0.10,0.15,45.59,52.29,0.00,0.00
83,0.16,0.00,0.27,1.00,0.01,0.42,0.61,1.96,0.18,0.20,14.08,0.01,0.06,0.00,0.03,0.00,0.01,75.84,5.16,0.00
84,0.17,0.21,1.03,2.20,0.80,0.65,3.28,2.07,0.62,3.45,2.31,0.03,0.08,0.21,1.96,0.03,21.81,55.75,3.35,0.00
85,0.11,0.00,0.26,0.19,0.05,0.06,0.16,0.34,0.23,0.49,0.78,0.06,0.02,3.94,0.06,0.01,6.49,86.54,0.19,0.03
86,0.07,0.00,0.23,0.05,0.02,0.01,0.08,0.08,0.08,0.01,0.13,0.06,0.01,1.42,0.03,0.01,29.47,67.96,0.27,0.00
87,0.21,0.00,0.34,0.18,0.03,0.03,0.00,0.82,0.25,0.00,2.07,0.02,0.02,3.63,1.65,0.02,21.38,68.42,0.94,0.00
88,0.54,0.00,0.21,0.03,0.00,0.00,0.00,0.07,0.05,0.00,0.35,0.01,0.01,0.38,0.35,0.13,6.59,87.71,3.56,0.00
89,0.27,0.00,0.18,0.02,0.00,0.01,0.01,0.03,0.03,0.01,0.17,0.00,0.01,0.03,0.09,0.05,35.96,61.20,1.95,0.00
90,0.04,0.00,0.11,0.00,0.00,0.00,0.00,0.00,0.01,0.00,0.00,0.00,0.00,0.00,0.00,0.01,13.21,78.45,8.15,0.00
91,0.14,0.03,0.22,0.06,0.03,0.03,0.05,0.19,0.15,0.29,0.40,0.01,0.03,0.41,0.39,0.04,10.83,81.36,5.35,0.00
92,0.05,0.00,0.49,0.23,0.02,0.06,0.18,0.36,0.19,1.13,3.03,0.03,0.02,0.74,0.03,0.02,17.04,71.08,5.29,0.00
93,0.09,0.02,0.16,0.01,0.00,0.01,0.01,0.02,0.04,0.00,0.08,0.01,0.01,0.53,0.14,0.01,15.86,80.79,2.20,0.00
94,0.00,0.00,0.18,0.02,0.00,0.02,0.00,0.08,0.04,0.00,0.31,0.01,0.00,0.06,0.01,0.00,47.72,50.00,1.55,0.00
95,0.10,0.00,0.16,0.03,0.02,0.00,0.01,0.05,0.04,0.01,0.33,0.00,0.16,0.00,0.00,0.01,19.88,79.19,0.01,0.00
96,0.01,0.00,0.27,0.06,0.01,0.01,0.03,0.06,0.16,0.00,0.15,0.00,0.00,1.06,0.04,0.01,13.51,84.56,0.00,0.05
97,0.33,0.00,0.23,0.01,0.00,0.00,0.00,0.01,0.03,0.00,0.03,0.00,0.00,0.04,0.18,0.25,51.00,42.65,5.23,0.00
98,0.08,0.00,0.15,0.01,0.00,0.00,0.00,0.02,0.02,0.00,0.08,0.00,0.01,2.56,0.03,0.02,77.83,19.18,0.00,0.00
99,2.03,0.00,0.71,0.53,0.29,0.19,0.40,1.22,0.72,0.02,1.98,0.15,0.00,7.89,3.25,6.59,41.94,32.09,0.00,0.00
100,1.17,0.00,0.37,0.10,0.03,0.09,0.04,0.31,0.43,0.00,0.34,0.00,0.01,40.91,1.05,4.29,37.25,13.60,0.00,0.00
101,13.68,0.16,0.52,0.10,0.04,0.16,0.00,0.67,0.79,0.00,4.04,0.00,0.00,3.29,6.89,8.86,24.97,35.84,0.00,0.00
102,0.37,0.01,0.19,0.07,0.00,0.03,0.09,0.11,0.24,0.03,0.15,0.00,0.00,29.53,0.33,0.20,12.01,56.63,0.00,0.00
103,1.96,0.00,0.60,0.19,0.06,0.08,0.03,0.66,0.58,0.00,1.30,0.05,0.28,3.66,5.79,3.93,24.08,56.75,0.00,0.00
104,2.03,0.00,0.28,0.05,0.01,0.01,0.03,0.24,0.18,0.00,0.24,0.00,0.00,18.29,1.98,6.27,57.06,13.35,0.00,0.00
105,1.11,0.00,0.31,0.10,0.00,0.03,0.06,0.23,0.25,0.00,0.05,0.02,0.00,61.56,0.87,5.36,23.92,6.12,0.00,0.00
106,1.21,0.01,0.38,0.05,0.02,0.01,0.02,0.06,0.16,0.00,0.02,0.00,0.00,21.43,0.41,0.69,64.51,11.01,0.00,0.00
107,0.62,0.07,0.25,0.05,0.01,0.01,0.00,0.14,0.23,0.00,0.05,0.00,0.00,66.09,1.78,3.32,20.94,6.44,0.00,0.00
108,0.58,0.00,0.33,0.04,0.00,0.00,0.00,0.12,0.24,0.00,0.06,0.00,0.00,21.03,0.21,1.14,59.07,17.18,0.00,0.00
109,1.86,0.00,2.82,6.20,2.50,1.75,8.44,8.81,1.48,13.32,10.41,0.01,0.01,7.17,2.12,2.96,13.66,16.48,0.00,0.00
110,0.06,0.00,0.26,0.08,0.04,0.02,0.04,0.10,0.22,0.00,0.09,0.01,0.01,34.17,0.25,0.14,55.27,9.25,0.00,0.00
111,0.29,0.00,0.17,0.02,0.02,0.00,0.00,0.05,0.17,0.00,0.10,0.01,0.00,5.83,0.04,0.62,72.30,20.37,0.00,0.00
112,1.31,0.01,0.32,0.08,0.01,0.02,0.05,0.23,0.24,0.00,0.14,0.00,0.02,50.34,0.76,1.62,18.57,26.28,0.00,0.00
113,0.18,0.02,0.56,0.17,0.11,0.03,0.11,0.37,0.20,0.00,0.69,0.02,0.01,14.42,0.12,0.99,44.53,37.47,0.00,0.00
114,1.78,0.01,0.79,0.08,0.04,0.03,0.07,0.26,0.34,0.00,0.11,0.01,0.00,33.41,1.58,5.93,46.45,9.11,0.00,0.00
115,0.09,0.00,0.13,0.05,0.00,0.00,0.00,0.13,0.24,0.00,0.04,0.00,0.00,31.08,0.12,0.16,15.42,52.54,0.00,0.00
116,0.67,0.00,0.40,0.05,0.08,0.01,0.02,0.15,0.21,0.00,0.11,0.00,0.01,38.77,0.82,2.46,44.43,11.81,0.00,0.00
117,2.67,0.44,0.20,0.06,0.08,0.02,0.00,0.20,0.21,0.00,0.06,0.00,0.00,59.92,0.86,2.38,17.86,15.02,0.00,0.00
118,3.14,0.05,0.50,0.10,0.01,0.07,0.00,0.19,0.38,0.00,0.27,0.00,0.00,7.48,10.44,10.16,28.14,39.06,0.00,0.00
119,0.41,0.05,0.27,0.02,0.01,0.00,0.00,0.04,0.19,0.00,0.03,0.00,0.00,20.19,0.26,0.14,47.08,31.30,0.00,0.00
120,1.97,0.00,0.30,0.26,0.12,0.10,0.19,0.80,0.48,0.00,2.65,0.00,0.00,12.71,1.42,5.97,49.41,23.60,0.00,0.00
121,3.48,0.11,0.65,0.33,0.25,0.11,0.33,0.80,0.49,0.00,0.45,0.05,0.01,48.94,8.04,2.40,25.74,7.83,0.00,0.00
122,0.42,0.01,0.38,0.22,0.38,0.05,0.23,0.32,0.30,0.03,0.45,0.00,0.03,55.86,0.37,0.26,5.64,35.01,0.00,0.00
123,0.01,0.00,0.28,0.02,0.00,0.00,0.00,0.04,0.11,0.00,0.01,0.00,0.00,19.55,0.26,0.05,71.25,8.41,0.00,0.00
124,0.14,0.00,0.33,0.03,0.04,0.00,0.00,0.09,0.17,0.00,0.06,0.01,0.00,10.67,0.24,1.59,62.26,23.88,0.47,0.00
125,1.38,0.00,0.65,0.22,0.06,0.07,0.04,0.69,0.77,0.01,4.04,0.10,0.00,15.26,6.76,5.53,45.34,19.08,0.00,0.00
126,0.93,0.00,0.56,0.20,0.07,0.05,0.10,0.69,0.59,0.00,1.98,0.00,0.00,25.97,1.18,4.80,53.01,9.86,0.00,0.00
127,1.48,0.00,0.24,0.09,0.00,0.01,0.04,0.23,0.29,0.00,0.09,0.00,0.12,45.16,0.34,3.90,35.54,12.47,0.00,0.00
128,0.64,0.00,0.32,0.12,0.11,0.03,0.06,0.27,0.26,0.00,0.46,0.02,0.00,19.76,0.35,0.79,64.41,12.39,0.00,0.00
129,1.04,0.01,0.19,0.11,0.01,0.03,0.00,0.28,0.38,0.00,0.18,0.00,0.00,57.93,0.42,5.35,28.00,6.06,0.00,0.00
130,1.41,0.00,0.54,0.53,0.80,0.18,0.74,0.86,0.55,1.09,1.59,0.03,0.08,16.85,0.66,5.57,44.67,22.10,1.75,0.00
131,0.81,0.00,0.46,0.06,0.00,0.02,0.10,0.21,0.27,0.00,0.12,0.00,0.03,46.53,0.99,9.06,35.26,6.08,0.00,0.00
132,1.27,0.00,0.44,0.20,0.08,0.06,0.17,0.38,0.30,0.01,0.23,0.00,0.00,39.41,0.39,1.52,46.69,8.86,0.00,0.00
133,0.46,0.00,0.40,0.45,0.32,0.12,0.38,0.84,0.47,0.01,0.33,0.02,0.00,62.99,1.35,7.88,20.29,3.69,0.00,0.00
134,0.41,0.00,0.39,0.06,0.01,0.04,0.06,0.19,0.28,0.02,0.14,0.00,0.00,60.08,0.55,0.99,23.71,13.05,0.00,0.00
135,1.43,0.00,0.38,0.20,0.03,0.13,0.06,0.84,0.69,0.06,5.67,0.00,0.00,20.15,0.87,7.02,41.68,20.77,0.00,0.00
136,1.40,0.00,0.62,0.20,0.13,0.04,0.14,0.45,0.55,0.01,0.27,0.02,0.00,11.35,7.17,7.58,42.52,27.54,0.00,0.00
137,1.08,0.00,0.63,0.12,0.07,0.05,0.00,0.49,0.52,0.00,1.19,0.03,0.00,3.21,5.55,5.93,47.64,33.47,0.00,0.00
138,2.72,0.00,0.81,1.83,0.39,0.56,2.17,3.41,1.75,3.20,8.58,0.00,0.00,7.10,8.17,3.71,20.79,34.81,0.00,0.00
139,1.39,0.00,0.83,0.58,0.20,0.14,0.27,1.22,1.01,0.79,0.64,0.03,0.00,48.64,1.44,5.18,28.42,9.20,0.00,0.00
140,1.41,0.05,0.25,0.07,0.03,0.02,0.09,0.06,0.16,0.00,0.06,0.01,0.00,26.96,0.34,0.56,65.09,4.83,0.00,0.00
141,1.61,0.00,0.71,0.42,0.29,0.18,0.21,0.91,0.58,0.00,4.20,0.06,0.04,4.05,8.08,5.92,23.46,49.27,0.00,0.00
142,1.44,0.00,0.55,0.47,0.09,0.14,0.35,1.03,0.90,0.01,4.53,0.00,0.00,5.19,7.36,5.09,37.17,35.67,0.00,0.00
143,0.41,0.00,0.74,0.28,0.24,0.08,0.16,0.52,0.39,0.01,0.69,0.14,0.38,26.25,0.63,0.11,15.60,53.40,0.00,0.00
144,0.13,0.00,0.23,0.02,0.00,0.00,0.00,0.07,0.11,0.00,0.08,0.00,0.00,19.94,0.18,0.03,4.13,75.08,0.00,0.00
145,0.62,0.01,0.24,0.07,0.00,0.01,0.01,0.15,0.24,0.00,0.04,0.01,0.01,58.87,0.21,0.25,28.03,11.23,0.00,0.00
146,0.01,0.00,0.13,0.01,0.00,0.00,0.00,0.02,0.01,0.00,0.09,0.01,0.00,0.05,0.01,0.00,8.25,91.36,0.02,0.02
147,0.21,0.01,0.19,0.17,0.02,0.02,0.06,0.50,0.51,0.01,1.55,0.00,0.00,9.56,11.18,0.57,6.80,68.58,0.00,0.05
148,0.07,0.00,0.19,0.05,0.00,0.02,0.00,0.06,0.17,0.00,0.11,0.00,0.00,0.12,0.02,0.02,19.49,79.65,0.00,0.02
149,0.03,0.00,0.13,0.04,0.00,0.01,0.03,0.07,0.15,0.00,0.03,0.01,0.00,17.85,0.15,0.26,33.92,47.31,0.00,0.00
150,0.47,0.00,0.59,0.71,0.31,0.12,0.55,1.04,0.67,0.70,0.80,0.01,0.01,11.35,0.57,0.00,2.95,79.15,0.00,0.00
151,0.92,0.00,0.35,0.08,0.01,0.05,0.03,0.18,0.30,0.00,0.18,0.01,0.00,7.12,0.38,0.13,16.43,73.83,0.00,0.00
152,0.01,0.00,0.19,0.06,0.05,0.00,0.03,0.10,0.16,0.00,0.14,0.00,0.03,5.25,8.48,0.54,8.78,76.13,0.06,0.00
153,0.21,0.00,0.42,0.13,0.01,0.01,0.05,0.25,0.36,0.00,0.17,0.02,0.01,56.99,0.43,0.08,37.43,3.43,0.00,0.00
154,0.49,0.00,0.40,0.14,0.02,0.05,0.03,0.34,0.73,0.00,0.36,0.01,0.01,9.03,2.31,1.64,14.59,69.64,0.22,0.00
155,0.08,0.01,0.40,0.05,0.07,0.01,0.00,0.14,0.11,0.00,0.18,0.01,0.01,6.35,0.05,0.40,56.68,35.44,0.00,0.00
156,0.04,0.00,0.30,0.04,0.01,0.00,0.02,0.06,0.16,0.00,0.08,0.00,0.00,31.39,1.77,0.08,62.04,4.02,0.00,0.00
157,0.15,0.00,0.46,0.09,0.07,0.03,0.00,0.40,0.35,0.00,1.31,0.00,0.01,2.85,1.12,0.60,13.72,78.85,0.00,0.00
158,0.16,0.00,0.28,0.24,0.66,0.09,0.25,0.50,0.30,0.37,0.94,0.03,0.02,3.17,0.87,3.51,37.99,50.63,0.00,0.00
159,0.41,0.00,0.27,0.07,0.10,0.01,0.04,0.10,0.25,0.00,0.04,0.01,0.03,53.57,0.11,0.03,19.99,25.00,0.00,0.00
160,0.15,0.00,0.39,0.21,0.02,0.09,0.00,0.32,0.52,0.00,0.83,0.00,0.00,0.47,0.39,0.31,2.13,94.15,0.02,0.00
161,0.78,0.01,0.47,0.12,0.04,0.01,0.03,0.46,0.48,0.00,0.26,0.00,0.10,15.49,24.06,3.94,7.44,46.30,0.00,0.00
162,0.43,0.00,0.43,0.69,0.20,0.14,0.25,1.65,1.50,0.08,6.22,0.02,0.08,2.18,0.89,1.12,4.46,79.67,0.00,0.00
163,0.70,1.25,0.30,0.18,0.01,0.03,0.16,0.43,0.36,0.00,0.71,0.00,0.00,49.98,5.83,2.19,8.73,29.13,0.00,0.00
164,0.87,0.01,0.69,0.71,0.42,0.14,0.39,2.53,1.22,0.02,8.79,0.02,0.13,8.63,11.56,16.65,34.49,12.73,0.00,0.00
165,0.00,0.00,0.12,0.03,0.15,0.00,0.05,0.01,0.15,0.01,0.01,0.00,0.00,4.36,0.00,0.00,0.86,94.27,0.00,0.00
166,0.17,0.01,0.35,0.22,0.20,0.03,0.22,0.21,0.27,0.18,0.35,0.01,0.04,0.18,2.92,0.33,10.15,84.12,0.00,0.05
167,0.13,0.00,0.32,0.06,0.04,0.02,0.00,0.14,0.20,0.00,0.03,0.00,0.00,3.29,0.32,1.70,49.70,44.04,0.00,0.00
168,0.25,0.00,0.48,0.16,0.18,0.03,0.07,0.27,0.31,0.02,0.27,0.03,0.08,16.63,0.26,0.30,40.70,39.96,0.00,0.00
169,0.21,1.51,0.15,0.00,0.03,0.00,0.00,0.00,0.15,0.00,0.00,0.00,0.01,0.18,2.53,4.86,29.59,60.78,0.00,0.00
170,2.87,0.01,0.52,0.31,0.49,0.27,0.00,0.54,0.92,0.00,0.48,0.27,0.08,0.35,2.25,1.36,46.86,42.41,0.00,0.00
171,0.28,0.01,0.30,0.02,0.00,0.00,0.00,0.04,0.05,0.00,0.14,0.00,0.04,6.58,0.04,0.00,50.53,41.98,0.00,0.00
172,0.18,0.00,0.96,1.13,0.94,0.23,1.16,1.23,0.87,3.50,0.55,0.05,0.03,9.96,0.45,0.53,10.37,67.85,0.00,0.00
173,0.05,0.00,0.28,0.00,0.00,0.00,0.00,0.00,0.04,0.00,0.00,0.00,0.00,2.13,0.04,0.07,15.92,81.45,0.00,0.00
174,0.14,0.00,0.14,0.00,0.02,0.00,0.00,0.00,0.10,0.00,0.00,0.00,0.07,8.40,0.15,0.07,37.11,53.79,0.00,0.00
175,2.08,0.00,0.31,0.07,0.06,0.02,0.03,0.24,0.41,0.00,0.11,0.01,0.00,1.43,0.28,4.10,35.82,55.04,0.00,0.00
176,0.10,0.01,0.19,0.08,0.02,0.03,0.14,0.07,0.24,0.00,0.06,0.01,0.01,44.82,0.01,0.12,49.35,4.73,0.00,0.00
177,0.03,0.07,0.14,0.00,0.01,0.00,0.00,0.02,0.06,0.00,0.05,0.00,0.00,3.27,0.06,0.15,73.46,22.66,0.00,0.00
178,1.72,0.01,0.22,0.05,0.09,0.01,0.07,0.10,0.07,0.02,0.17,0.00,0.02,0.03,0.00,0.00,0.76,95.41,1.19,0.06
179,1.18,0.00,0.50,0.28,0.18,0.11,0.18,0.73,0.78,0.01,0.98,0.01,0.00,5.34,3.26,0.32,17.04,69.10,0.00,0.00
180,0.91,0.00,0.70,0.45,0.21,0.17,0.04,1.45,1.45,0.04,5.82,0.02,0.05,2.07,6.86,18.08,41.68,20.01,0.00,0.00
181,2.71,0.03,0.23,0.05,0.10,0.02,0.00,0.31,0.23,0.00,0.48,0.00,0.01,0.64,6.29,0.19,6.02,82.60,0.00,0.08
182,0.32,0.22,0.34,0.16,0.02,0.02,0.00,0.40,0.34,0.00,0.15,0.00,0.15,6.54,40.64,1.85,4.28,44.58,0.00,0.00
183,3.37,0.00,0.48,0.20,0.09,0.06,0.12,0.64,0.72,0.01,1.83,0.01,0.00,2.20,0.95,8.43,32.24,48.67,0.00,0.00
184,0.01,0.00,0.12,0.01,0.10,0.00,0.00,0.00,0.27,0.00,0.00,0.00,0.00,15.78,0.22,0.00,12.60,70.89,0.00,0.00
185,0.44,0.06,0.20,0.06,0.03,0.00,0.00,0.16,0.20,0.00,0.03,0.00,0.01,53.25,0.08,0.52,23.72,21.23,0.00,0.00
186,0.58,6.83,0.35,0.08,0.06,0.01,0.05,0.20,0.26,0.00,0.07,0.00,0.00,18.64,24.24,0.84,2.14,45.62,0.00,0.00
187,2.31,0.00,0.34,0.21,0.04,0.11,0.00,0.68,0.78,0.00,0.95,0.00,0.05,0.09,0.03,0.40,17.99,76.02,0.00,0.00
188,0.01,0.00,0.27,0.03,0.12,0.00,0.00,0.07,0.15,0.00,0.01,0.00,0.00,0.00,0.00,0.00,5.65,93.69,0.00,0.00
189,1.51,2.27,1.10,2.17,1.81,0.55,2.61,2.76,0.89,2.35,1.16,0.03,0.22,62.56,4.42,0.46,1.24,11.88,0.01,0.00
190,0.60,0.00,0.36,0.06,0.02,0.03,0.00,0.18,0.42,0.00,0.17,0.00,0.01,1.44,0.28,6.12,54.34,35.96,0.00,0.00
191,0.50,0.00,0.33,0.08,0.00,0.01,0.05,0.16,0.33,0.00,0.11,0.01,0.01,47.82,0.29,0.09,45.48,4.75,0.00,0.00
192,0.03,0.00,0.35,0.04,0.05,0.01,0.01,0.04,0.05,0.00,0.12,0.01,0.02,0.45,0.01,0.00,4.59,94.08,0.13,0.00
193,0.01,0.00,0.08,0.02,0.05,0.11,0.00,0.04,0.23,0.00,0.01,0.01,0.00,41.13,0.23,0.00,15.89,42.20,0.00,0.00
194,0.19,0.00,0.34,0.08,0.01,0.02,0.08,0.09,0.34,0.00,0.02,0.00,0.00,74.63,0.39,0.10,20.39,3.31,0.00,0.00
195,0.00,0.00,0.18,0.08,0.05,0.01,0.15,0.05,0.06,0.02,0.12,0.12,0.03,0.09,0.00,0.00,25.36,73.67,0.00,0.00
196,1.18,0.00,0.91,1.37,1.21,0.32,1.34,2.54,0.59,2.19,0.84,0.04,0.02,31.05,0.97,7.70,24.15,23.58,0.00,0.00
197,0.08,0.00,0.39,0.18,0.15,0.08,0.35,0.21,0.24,0.05,0.29,0.05,0.01,12.92,0.08,0.99,67.28,16.65,0.00,0.00
198,0.01,0.00,0.22,0.03,0.02,0.00,0.00,0.05,0.07,0.00,0.02,0.00,0.00,0.04,0.00,0.00,2.14,97.40,0.00,0.00
199,0.22,0.00,0.27,0.07,0.01,0.01,0.04,0.17,0.22,0.01,0.20,0.02,0.03,26.90,0.22,0.02,3.39,68.20,0.00,0.00
200,3.31,0.00,1.47,3.77,0.75,0.90,4.06,5.46,2.12,6.66,10.76,0.06,0.05,6.56,4.61,1.41,6.53,41.28,0.23,0.00
201,0.06,0.00,0.39,0.12,0.03,0.04,0.00,0.28,0.33,0.00,0.34,0.00,0.02,2.61,0.93,0.20,6.07,88.58,0.00,0.00
202,0.01,0.00,0.25,0.09,0.08,0.03,0.05,0.16,0.23,0.00,0.14,0.01,0.05,44.74,0.27,0.00,8.46,45.30,0.13,0.00
203,1.12,0.04,0.60,0.20,0.03,0.03,0.01,0.36,0.56,0.00,0.26,0.00,0.08,4.15,40.53,3.53,1.90,46.60,0.00,0.00
204,0.11,0.00,0.36,0.11,0.01,0.02,0.06,0.28,0.31,0.00,0.48,0.00,0.03,5.85,0.62,0.25,8.72,82.80,0.00,0.00
205,0.34,0.01,0.29,0.02,0.00,0.01,0.00,0.11,0.20,0.00,0.09,0.01,0.00,11.47,0.32,3.61,45.55,37.99,0.00,0.00
206,0.65,0.00,0.41,0.11,0.01,0.03,0.03,0.39,0.57,0.00,0.56,0.00,0.01,30.46,28.57,3.19,16.42,18.58,0.01,0.00
207,0.10,0.00,0.27,0.05,0.00,0.01,0.00,0.15,0.12,0.00,0.13,0.00,0.00,22.62,0.04,0.07,21.87,54.57,0.00,0.00
208,0.07,0.00,0.22,0.02,0.00,0.00,0.00,0.07,0.11,0.00,0.10,0.02,0.00,7.28,0.05,0.64,38.41,53.01,0.00,0.00
209,0.17,0.00,0.44,0.05,0.01,0.01,0.05,0.03,0.06,0.01,0.07,0.01,0.01,0.53,0.02,0.03,0.11,98.38,0.02,0.00
210,0.02,0.00,0.16,0.00,0.01,0.00,0.00,0.01,0.01,0.00,0.09,0.03,0.00,0.00,0.00,0.00,0.45,99.10,0.09,0.03
211,0.66,0.01,0.31,0.07,0.01,0.00,0.05,0.12,0.30,0.00,0.02,0.00,0.01,72.41,0.29,0.03,17.48,8.24,0.00,0.00
212,0.08,0.23,0.24,0.03,0.00,0.00,0.00,0.09,0.22,0.00,0.10,0.00,0.00,3.66,4.53,1.89,12.10,76.82,0.00,0.00
213,0.60,0.04,0.40,0.20,0.13,0.03,0.04,0.44,0.48,0.26,0.40,0.15,0.01,47.02,2.30,1.27,15.33,30.92,0.00,0.00
214,0.22,0.02,0.18,0.07,0.01,0.00,0.06,0.10,0.33,0.00,0.04,0.01,0.00,65.59,0.45,0.19,29.04,3.69,0.00,0.00
215,0.95,5.06,0.90,0.59,0.28,0.10,0.48,1.09,0.64,0.48,0.76,0.00,0.06,15.82,39.60,1.24,2.38,29.57,0.00,0.00
216,0.44,3.32,0.19,0.20,0.41,0.06,0.22,0.32,0.35,0.01,0.19,0.04,0.04,17.38,19.48,3.39,4.81,49.16,0.00,0.00
217,0.32,0.02,0.17,0.03,0.00,0.00,0.00,0.06,0.14,0.00,0.06,0.00,0.00,17.41,0.09,0.14,36.16,45.40,0.00,0.00
218,2.29,0.00,0.24,0.04,0.01,0.01,0.01,0.21,0.37,0.00,0.34,0.00,0.00,10.59,0.25,5.66,49.00,30.99,0.00,0.00
219,0.13,0.01,0.21,0.06,0.00,0.01,0.03,0.11,0.29,0.00,0.20,0.01,0.02,1.25,8.32,1.54,43.51,44.28,0.00,0.00
220,0.29,0.00,0.39,0.11,0.04,0.01,0.00,0.28,0.40,0.00,0.09,0.00,0.00,15.71,0.43,0.07,15.28,66.89,0.00,0.00
221,0.53,0.00,0.54,0.05,0.10,0.00,0.00,0.19,0.21,0.00,0.21,0.47,0.00,27.50,0.40,0.35,55.73,13.71,0.00,0.00
222,0.59,0.12,0.41,0.20,0.05,0.01,0.00,0.31,0.52,0.00,0.15,0.00,0.10,2.90,41.96,3.78,1.34,47.54,0.00,0.00
223,0.47,0.00,0.43,0.27,0.04,0.04,0.22,0.37,0.38,0.01,0.24,0.09,0.00,71.24,0.38,0.10,22.88,2.85,0.00,0.00
224,0.94,0.01,2.34,4.88,2.70,1.17,8.00,7.43,2.22,5.92,10.26,0.02,0.41,5.44,9.48,1.25,2.09,35.45,0.00,0.00
225,0.12,0.01,0.36,0.03,0.01,0.00,0.00,0.10,0.10,0.00,0.19,0.01,0.01,9.94,0.16,0.15,44.97,43.83,0.00,0.00
226,1.16,0.00,0.53,0.12,0.04,0.05,0.02,0.41,0.61,0.00,0.30,0.01,0.02,3.49,3.57,9.97,35.97,43.72,0.00,0.00
227,0.00,0.00,0.16,0.02,0.09,0.01,0.01,0.06,0.11,0.00,0.08,0.01,0.00,2.20,0.05,0.00,0.88,96.31,0.00,0.00
228,0.20,0.00,0.34,0.09,0.01,0.03,0.00,0.22,0.29,0.00,0.15,0.02,0.00,2.67,1.63,1.90,51.82,40.63,0.00,0.00
229,0.05,0.00,0.21,0.05,0.03,0.02,0.00,0.11,0.35,0.00,0.04,0.00,0.00,30.58,1.37,0.61,23.28,43.31,0.00,0.00
230,0.07,0.03,0.42,0.11,0.06,0.03,0.15,0.10,0.34,0.01,0.04,0.00,0.01,65.02,0.75,0.04,17.11,15.72,0.00,0.00
231,0.11,0.12,0.24,0.06,0.00,0.01,0.01,0.17,0.24,0.00,0.13,0.00,0.00,1.81,0.75,2.00,16.85,77.49,0.00,0.00
232,0.61,0.02,0.21,0.18,0.23,0.09,0.17,0.55,0.24,0.03,1.09,0.07,0.09,16.78,0.00,0.09,48.52,31.03,0.00,0.00
233,2.68,0.00,0.20,0.09,0.04,0.13,0.00,0.92,0.35,0.00,1.91,0.01,0.00,0.07,0.03,0.24,8.78,84.55,0.00,0.00
234,0.02,0.00,0.21,0.01,0.00,0.00,0.00,0.04,0.02,0.00,0.03,0.06,0.00,0.04,0.00,0.00,19.23,78.75,1.51,0.05
235,0.59,0.00,0.61,0.23,0.09,0.07,0.01,0.62,0.54,0.00,0.76,0.00,0.00,5.70,5.33,1.20,26.94,57.30,0.00,0.00
236,4.48,0.13,4.25,7.22,4.56,3.22,11.54,11.89,2.75,8.80,7.39,0.12,0.03,2.76,8.09,7.94,7.88,6.94,0.00,0.00
237,0.15,0.51,0.40,0.10,0.03,0.04,0.02,0.33,0.40,0.00,0.13,0.00,0.00,3.43,36.62,1.47,2.78,53.59,0.00,0.00
238,0.12,0.00,0.56,0.07,0.01,0.01,0.00,0.20,0.18,0.00,0.12,0.00,0.00,25.57,0.18,0.03,3.67,69.28,0.00,0.00
239,0.81,0.04,0.68,1.55,0.31,0.19,0.86,4.30,1.40,0.91,1.86,0.00,0.18,39.88,15.57,0.73,4.44,26.17,0.04,0.08
240,0.31,0.00,0.28,0.13,0.09,0.02,0.20,0.15,0.22,0.03,0.18,0.08,0.01,34.61,0.37,0.05,51.29,11.97,0.00,0.00
241,0.05,0.00,0.26,0.03,0.00,0.00,0.00,0.10,0.07,0.00,0.08,0.00,0.00,0.37,0.38,0.05,1.83,96.78,0.00,0.00
242,0.01,0.00,0.21,0.01,0.02,0.00,0.00,0.02,0.04,0.00,0.02,0.00,0.00,0.01,0.00,0.01,0.85,98.66,0.14,0.00
243,1.69,5.18,0.73,0.49,0.34,0.10,0.27,1.42,0.58,0.08,1.94,0.13,0.12,57.44,6.49,1.24,1.53,20.24,0.00,0.00
244,0.31,0.00,0.43,0.11,0.07,0.00,0.05,0.24,0.29,0.00,0.10,0.03,0.01,68.14,0.33,0.00,8.15,21.58,0.17,0.00
245,0.00,0.00,0.20,0.03,0.03,0.01,0.00,0.05,0.03,0.00,0.08,0.00,0.00,0.01,0.00,0.00,0.54,99.02,0.00,0.00
246,0.57,0.00,0.24,0.05,0.06,0.02,0.00,0.16,0.29,0.00,0.04,0.00,0.00,1.00,0.06,0.09,15.71,81.72,0.00,0.00
247,0.05,0.00,0.50,0.16,0.07,0.02,0.12,0.14,0.17,0.00,0.35,0.03,0.06,0.03,0.00,0.00,7.80,90.50,0.00,0.00
248,0.24,0.00,0.51,0.12,0.02,0.04,0.00,0.43,0.42,0.01,0.53,0.00,0.01,0.79,0.34,0.60,28.17,67.76,0.00,0.00
249,0.63,0.00,0.35,0.07,0.01,0.02,0.00,0.27,0.32,0.00,0.11,0.00,0.00,49.88,1.49,1.46,21.82,23.57,0.00,0.00
250,0.15,0.00,0.19,0.04,0.15,0.02,0.00,0.08,0.14,0.00,0.09,0.01,0.02,34.32,0.52,0.01,14.21,50.04,0.00,0.00
251,0.17,0.13,0.42,0.18,0.02,0.01,0.01,0.63,0.58,0.00,1.40,0.00,0.19,10.95,16.94,2.29,4.46,61.62,0.00,0.00
252,0.07,0.07,0.35,0.04,0.09,0.00,0.00,0.08,0.11,0.00,0.02,0.01,0.01,2.03,0.01,0.21,75.42,21.47,0.00,0.00
253,0.03,0.00,0.38,0.01,0.04,0.00,0.02,0.03,0.11,0.00,0.04,0.02,0.00,24.97,0.19,0.06,65.46,8.64,0.00,0.00
254,1.21,0.00,0.26,0.15,0.08,0.04,0.07,0.43,0.49,0.00,0.24,0.01,0.00,10.57,0.25,8.62,46.30,31.25,0.00,0.00
255,0.50,0.04,0.49,0.12,0.02,0.02,0.04,0.23,0.45,0.00,0.12,0.00,0.01,4.30,29.15,3.14,1.41,59.95,0.00,0.00
256,1.01,0.21,0.12,0.01,0.03,0.00,0.00,0.00,0.21,0.00,0.00,0.00,0.02,4.08,17.74,0.17,2.00,74.42,0.00,0.00
257,0.42,0.00,0.50,0.21,0.02,0.02,0.13,0.30,0.65,0.01,0.47,0.01,0.00,3.07,4.19,2.78,48.46,38.78,0.00,0.00
258,2.49,0.01,1.23,1.28,0.52,0.30,1.09,2.21,1.25,2.35,2.23,0.06,0.03,18.80,16.89,7.82,25.73,15.69,0.00,0.00
259,0.39,0.00,0.45,0.10,0.01,0.02,0.05,0.15,0.27,0.00,0.18,0.02,0.01,6.88,1.01,0.08,12.13,78.24,0.00,0.00
260,0.22,0.00,0.32,0.03,0.00,0.00,0.00,0.17,0.09,0.00,0.23,0.01,0.00,7.12,0.06,0.11,45.87,45.76,0.00,0.00
261,0.02,0.00,0.23,0.02,0.00,0.00,0.00,0.03,0.06,0.00,0.08,0.00,0.04,2.93,0.06,0.23,26.20,70.10,0.00,0.00
262,0.06,0.00,0.25,0.04,0.00,0.00,0.00,0.08,0.19,0.00,0.23,0.00,0.00,0.03,0.03,0.06,1.59,97.37,0.07,0.00
263,0.00,0.00,0.32,0.04,0.14,0.01,0.00,0.06,0.09,0.00,0.02,0.00,0.00,0.00,0.00,0.00,0.24,99.07,0.00,0.00
264,0.09,0.00,0.66,0.78,0.41,0.32,1.08,1.03,0.52,1.96,0.95,0.11,0.04,5.52,0.09,0.08,11.18,75.17,0.00,0.00
265,0.04,0.00,0.15,0.00,0.00,0.00,0.00,0.01,0.03,0.00,0.03,0.00,0.01,0.95,0.03,0.01,5.13,92.64,0.95,0.03
266,0.11,0.11,0.21,0.05,0.00,0.01,0.06,0.20,0.24,0.00,0.31,0.00,0.00,8.73,0.97,0.32,10.36,78.34,0.00,0.00
267,0.83,0.02,0.35,0.11,0.03,0.02,0.00,0.31,0.37,0.00,0.26,0.00,0.00,7.62,5.80,1.23,27.61,55.43,0.00,0.00
268,0.47,0.00,0.31,0.11,0.16,0.02,0.00,0.28,0.36,0.00,0.21,0.08,0.00,11.96,0.40,0.03,23.08,62.54,0.00,0.00
269,0.20,0.00,0.20,0.05,0.08,0.01,0.06,0.03,0.10,0.01,0.08,0.03,0.09,0.06,0.01,0.00,33.10,65.90,0.00,0.00
270,0.17,0.00,1.15,1.74,0.49,0.31,2.22,1.24,1.15,1.64,0.44,0.02,0.05,72.28,0.31,0.01,12.61,4.15,0.00,0.00
271,2.31,0.01,0.60,0.28,0.37,0.06,0.00,0.76,0.92,0.00,1.05,0.01,0.53,3.22,6.91,16.23,41.96,24.81,0.00,0.00
272,0.01,0.00,0.12,0.01,0.00,0.00,0.00,0.01,0.02,0.00,0.17,0.00,0.00,0.00,0.00,0.00,11.79,85.59,2.28,0.00
273,0.11,0.00,1.24,2.57,1.57,0.49,3.90,2.84,0.55,4.14,3.61,0.19,0.30,9.27,0.20,0.00,4.54,64.42,0.00,0.07
274,1.08,0.00,0.65,0.95,0.21,0.19,0.53,2.09,2.16,0.68,3.83,0.00,0.34,20.30,5.72,2.79,24.49,34.00,0.00,0.00
275,0.01,0.00,0.08,0.04,0.11,0.01,0.00,0.11,0.12,0.00,0.15,0.01,0.01,9.67,0.00,0.62,78.46,10.59,0.00,0.00
276,0.17,0.00,0.28,0.04,0.00,0.01,0.00,0.12,0.15,0.00,0.24,0.02,0.00,0.75,0.49,0.25,6.79,90.69,0.00,0.00
277,0.13,0.00,0.11,0.06,0.04,0.01,0.04,0.10,0.24,0.01,0.07,0.01,0.01,47.30,0.13,0.03,44.69,7.02,0.00,0.00
278,3.23,0.03,0.56,0.27,0.05,0.17,0.04,0.63,0.83,0.00,0.57,0.00,0.04,27.13,11.11,19.84,21.07,14.41,0.00,0.00
279,0.32,0.07,0.98,0.89,0.31,0.16,1.07,0.74,0.41,2.28,0.69,0.02,0.08,4.38,0.02,0.04,56.16,31.40,0.00,0.00
280,0.28,0.02,0.65,0.28,0.10,0.05,0.23,0.55,0.69,0.00,0.43,0.02,0.08,34.09,21.81,0.54,2.59,37.58,0.00,0.00
281,0.10,0.00,0.29,0.02,0.00,0.00,0.00,0.05,0.08,0.00,0.10,0.00,0.00,8.37,0.15,0.35,23.98,66.49,0.00,0.00
282,0.01,0.00,0.67,0.80,0.42,0.12,1.26,1.16,0.28,4.55,1.81,0.04,0.21,0.04,0.00,0.00,10.71,77.91,0.00,0.00
283,2.54,2.28,1.17,1.77,0.67,0.42,1.16,3.63,1.79,1.49,2.53,0.14,0.00,39.65,5.06,0.31,2.03,33.03,0.16,0.16
284,0.44,0.07,0.33,0.26,0.03,0.01,0.09,0.55,0.39,0.00,0.81,0.00,0.01,2.05,0.54,0.08,29.26,64.97,0.00,0.09
285,2.91,0.01,0.35,0.05,0.00,0.02,0.02,0.11,0.22,0.00,0.05,0.01,0.00,22.29,1.22,2.47,24.01,46.27,0.00,0.00
286,0.60,0.01,0.81,0.52,0.45,0.16,0.19,1.62,1.58,0.67,2.49,0.01,0.01,12.93,16.94,3.02,7.95,50.04,0.00,0.00
287,0.77,0.02,0.43,0.26,0.08,0.10,0.00,0.75,1.44,0.00,3.01,0.00,0.02,3.65,20.64,3.16,2.66,63.01,0.00,0.00
288,0.17,0.00,0.11,0.06,0.07,0.02,0.05,0.10,0.09,0.01,0.12,0.01,0.10,4.35,0.00,0.00,51.07,43.66,0.00,0.00
289,0.22,0.00,0.33,0.08,0.01,0.01,0.00,0.15,0.28,0.00,0.14,0.00,0.00,0.14,0.23,0.31,3.42,94.69,0.00,0.00
290,0.34,0.06,0.41,0.15,0.05,0.02,0.03,0.43,0.37,0.00,0.14,0.00,0.01,2.90,34.89,1.85,2.77,55.58,0.00,0.00
291,0.70,0.00,0.11,0.11,0.01,0.05,0.00,0.33,0.70,0.00,0.73,0.00,0.00,0.20,0.23,0.33,2.70,92.41,1.42,0.00
292,3.20,0.01,0.77,1.05,1.17,0.23,1.02,2.41,1.16,2.27,4.71,0.03,0.09,17.89,7.08,3.28,19.82,33.82,0.00,0.00
293,2.92,21.81,0.48,0.49,0.46,0.18,0.36,2.04,1.19,0.02,5.86,0.00,0.01,2.33,4.08,0.27,2.73,54.76,0.00,0.00
294,1.92,0.01,0.19,0.08,0.02,0.01,0.00,0.27,0.38,0.03,0.29,0.03,0.00,12.32,1.01,5.73,32.34,45.38,0.00,0.00
295,0.17,0.00,0.24,0.02,0.00,0.00,0.00,0.05,0.10,0.00,0.08,0.00,0.00,14.91,0.00,0.25,50.97,33.19,0.00,0.00
296,0.02,0.24,0.41,0.20,0.30,0.04,0.17,0.34,0.47,0.01,0.79,0.01,0.06,14.40,23.97,1.23,1.66,55.68,0.00,0.00
297,0.18,0.06,0.18,0.06,0.00,0.02,0.09,0.04,0.31,0.01,0.07,0.00,0.02,45.09,0.41,0.04,46.70,6.72,0.00,0.00
298,0.05,0.11,0.31,0.09,0.02,0.00,0.04,0.21,0.36,0.00,0.10,0.00,0.02,18.86,12.78,1.15,6.43,59.46,0.00,0.00
299,0.58,0.93,0.28,0.03,0.13,0.02,0.00,0.08,0.22,0.00,0.07,0.00,0.01,2.56,31.31,0.91,0.49,62.36,0.00,0.00
300,0.40,0.00,0.06,0.00,0.00,0.00,0.00,0.00,0.01,0.00,0.00,0.00,0.00,0.00,0.00,0.00,1.46,98.06,0.00,0.00
301,1.97,0.02,0.23,0.12,0.01,0.04,0.02,0.46,0.42,0.00,1.46,0.00,0.04,1.38,1.64,5.07,56.61,30.51,0.00,0.00
302,0.03,0.00,0.34,0.19,0.10,0.04,0.05,0.42,0.42,0.00,0.26,0.00,0.02,62.78,0.12,0.00,22.06,13.17,0.00,0.00
303,0.35,0.00,0.19,0.04,0.00,0.01,0.02,0.07,0.19,0.00,0.09,0.00,0.00,2.45,1.17,0.36,15.94,79.14,0.00,0.00
304,0.16,0.00,0.43,0.29,0.04,0.09,0.04,0.95,0.66,0.00,1.62,0.01,0.00,0.21,0.13,0.08,1.67,93.60,0.00,0.00
305,0.46,0.00,0.30,0.06,0.01,0.02,0.00,0.11,0.22,0.00,0.09,0.00,0.00,1.37,1.94,1.37,27.82,66.24,0.00,0.00
306,3.01,0.03,0.46,0.26,0.08,0.12,0.11,0.51,0.67,0.00,0.84,0.04,0.00,9.75,9.56,14.67,27.43,32.46,0.00,0.00
307,0.59,0.01,0.50,0.09,0.07,0.01,0.10,0.20,0.26,0.01,0.19,0.01,0.00,33.17,0.25,1.47,11.51,51.57,0.00,0.00
308,0.01,0.00,0.16,0.02,0.11,0.00,0.00,0.06,0.16,0.00,0.05,0.00,0.00,0.19,0.00,0.00,1.05,98.18,0.00,0.00
309,0.34,0.00,0.83,0.27,0.18,0.05,0.04,0.85,1.32,0.00,1.12,0.01,0.00,5.05,17.44,3.17,7.12,62.20,0.00,0.00
310,0.00,0.00,0.09,0.04,0.04,0.00,0.02,0.08,0.19,0.00,0.03,0.01,0.01,0.07,2.55,0.15,71.08,25.65,0.00,0.00
311,0.01,0.00,0.15,0.01,0.00,0.00,0.00,0.01,0.01,0.00,0.02,0.02,0.01,0.12,0.01,0.00,6.16,90.99,2.46,0.00
312,8.11,0.29,1.08,1.77,0.76,0.87,1.57,3.76,2.02,3.63,4.73,0.01,0.02,11.11,18.76,14.86,14.51,12.15,0.00,0.00
313,0.79,0.00,0.28,0.04,0.01,0.01,0.00,0.10,0.22,0.00,0.19,0.00,0.00,8.27,0.25,0.02,6.38,83.44,0.00,0.00
314,0.55,0.01,0.52,0.46,0.11,0.11,0.99,0.57,0.59,0.45,1.43,0.02,0.02,27.36,0.17,0.16,58.08,8.40,0.00,0.00
315,0.09,0.00,0.48,0.04,0.00,0.01,0.00,0.07,0.08,0.00,0.05,0.01,0.01,0.17,0.11,0.07,1.34,97.46,0.00,0.00
316,0.55,0.00,0.26,0.07,0.00,0.01,0.00,0.17,0.23,0.00,0.12,0.02,0.00,36.38,0.31,0.35,1.77,59.76,0.00,0.00
317,3.62,0.00,0.45,0.63,0.20,0.18,0.07,2.72,1.80,0.00,4.91,0.00,0.02,1.36,2.70,6.87,52.02,22.45,0.00,0.00
318,0.15,0.07,0.40,0.13,0.01,0.01,0.00,0.36,0.92,0.00,0.23,0.00,0.16,10.31,39.15,2.14,3.95,42.02,0.00,0.00
319,0.10,0.00,0.49,0.25,0.21,0.04,0.08,0.40,0.40,0.00,0.31,0.02,0.01,8.30,0.18,0.09,9.76,79.34,0.00,0.00
320,0.04,0.00,0.26,0.03,0.00,0.00,0.02,0.04,0.15,0.00,0.03,0.00,0.00,12.25,0.16,0.01,12.24,74.75,0.00,0.00
321,2.79,0.17,0.53,0.07,0.06,0.01,0.00,0.24,0.31,0.00,0.79,0.00,0.01,8.29,24.19,0.78,3.77,58.00,0.00,0.00
322,0.08,0.00,0.18,0.01,0.00,0.01,0.00,0.06,0.10,0.00,0.11,0.00,0.00,7.38,0.00,0.14,42.50,49.43,0.00,0.00
323,0.10,0.00,0.34,0.03,0.01,0.02,0.00,0.08,0.20,0.00,0.22,0.02,0.01,43.16,1.03,0.04,47.51,7.23,0.00,0.00
324,0.11,0.01,0.22,0.08,0.07,0.04,0.14,0.04,0.18,0.01,0.04,0.01,0.01,50.67,0.08,0.22,38.48,9.60,0.00,0.00
325,2.50,0.00,0.60,0.86,0.29,0.43,0.11,2.35,2.86,0.45,4.60,0.00,0.44,1.14,1.32,1.31,4.40,75.76,0.58,0.00
326,1.88,15.37,0.70,0.58,0.21,0.32,0.05,1.44,1.09,0.04,3.13,0.06,0.08,10.80,7.34,0.56,1.01,55.12,0.23,0.00
327,1.86,11.42,1.27,1.81,1.17,0.41,1.26,5.25,0.81,4.48,8.20,0.07,0.30,2.67,8.37,0.59,0.61,49.25,0.19,0.00
328,0.64,2.59,0.58,0.16,0.18,0.06,0.00,0.60,0.45,0.00,1.26,0.03,0.23,11.22,5.46,0.35,1.04,75.14,0.00,0.00
329,1.71,68.62,0.77,0.22,0.02,0.29,0.00,0.92,0.28,0.00,1.85,0.07,0.03,0.02,0.03,0.01,0.00,24.88,0.29,0.00
330,2.03,8.49,0.74,0.38,0.07,0.05,0.00,0.51,0.79,0.00,1.91,0.06,0.04,19.49,11.13,0.35,0.94,53.03,0.00,0.00
331,1.13,9.91,1.79,2.64,1.83,0.77,2.09,7.82,1.03,3.63,6.34,0.10,0.23,8.96,4.48,0.42,0.63,44.65,1.55,0.00
332,1.96,56.27,0.41,0.20,0.08,0.10,0.01,0.54,0.45,0.00,2.22,0.08,0.05,0.25,0.46,0.02,0.14,36.74,0.00,0.00
333,0.95,41.45,0.62,0.17,0.07,0.05,0.00,0.50,0.99,0.00,1.83,0.01,0.00,1.41,0.52,0.02,0.16,49.54,1.70,0.00
334,1.14,22.74,0.32,0.17,0.03,0.01,0.00,0.21,0.50,0.00,0.36,0.01,0.01,4.96,3.73,0.11,0.76,64.91,0.01,0.00
335,1.12,16.12,1.54,1.99,0.23,0.60,1.10,3.98,1.04,3.86,7.93,0.00,0.02,2.34,2.92,0.12,1.04,54.05,0.00,0.00
336,2.17,12.38,1.18,0.39,0.14,0.11,0.00,0.92,0.85,0.00,5.79,0.01,0.11,7.40,5.18,0.16,0.87,62.34,0.00,0.00
337,1.17,10.73,0.81,0.27,0.28,0.28,0.00,1.10,0.71,0.02,4.96,0.05,0.06,5.79,5.12,0.20,0.49,67.68,0.28,0.00
338,0.99,8.84,0.56,0.16,0.01,0.03,0.00,0.27,0.60,0.00,1.05,0.01,0.00,13.71,6.39,0.42,0.68,66.26,0.00,0.00
339,1.15,22.79,1.15,1.60,1.18,0.49,0.82,3.69,1.46,2.42,1.84,0.34,0.10,0.24,1.16,0.04,0.32,59.21,0.00,0.00
340,0.91,7.83,0.91,0.88,2.05,0.44,0.77,2.16,0.66,1.82,2.07,0.10,0.08,3.89,3.04,0.14,0.48,71.17,0.59,0.00
341,0.68,46.53,0.25,0.05,0.01,0.01,0.00,0.03,0.24,0.00,0.09,0.00,0.01,0.38,0.58,0.04,0.08,49.34,1.67,0.00
342,0.85,12.13,0.58,0.45,0.85,0.33,0.05,2.18,1.09,0.77,4.39,0.06,0.14,9.87,2.40,0.23,0.58,62.70,0.36,0.00
343,2.07,11.35,0.32,0.21,0.03,0.07,0.00,0.28,1.17,0.00,0.95,0.01,0.01,3.12,6.77,0.27,0.98,72.25,0.15,0.00
344,5.33,4.83,0.58,0.24,0.03,0.13,0.00,0.75,0.53,0.00,1.29,0.01,0.00,44.91,8.09,0.36,1.87,31.06,0.00,0.00
345,15.11,33.84,4.65,7.52,4.35,3.59,15.49,1.46,1.57,2.84,0.76,0.13,0.00,0.49,0.39,0.00,0.00,7.80,0.00,0.00
346,2.54,10.29,1.09,0.67,0.49,0.08,0.36,1.92,1.14,1.01,2.25,0.03,0.13,14.25,6.06,0.22,0.32,46.05,11.09,0.00
347,7.95,18.72,0.56,0.44,0.07,0.05,0.02,2.84,1.32,0.39,9.16,0.01,0.11,1.24,6.27,0.60,0.18,50.07,0.00,0.00
348,0.51,5.15,0.66,0.37,0.34,0.06,0.44,0.77,1.46,0.01,0.18,0.02,0.00,64.71,10.90,0.04,0.08,14.30,0.00,0.00
349,3.75,15.15,1.17,1.07,1.33,0.24,0.73,4.03,1.50,1.38,2.47,0.07,0.01,17.73,18.37,0.27,0.42,30.30,0.00,0.00
350,1.13,4.73,0.38,0.31,0.14,0.05,0.10,0.94,0.97,0.02,2.47,0.01,0.47,4.02,16.20,1.84,0.71,65.51,0.00,0.00
351,21.53,64.28,0.13,0.33,0.56,0.06,1.00,0.83,0.17,0.98,0.60,0.01,0.00,0.17,0.10,0.00,0.00,8.99,0.27,0.00
352,5.57,42.97,1.57,0.60,1.85,0.12,0.31,1.61,1.42,0.10,0.65,0.02,0.02,27.09,8.18,0.24,0.07,7.61,0.00,0.00
353,22.99,56.57,0.23,0.37,0.27,0.04,0.32,1.03,0.36,0.39,0.80,0.00,0.04,3.30,1.11,0.04,0.01,12.12,0.00,0.00
354,0.79,0.92,0.25,0.13,0.08,0.00,0.01,0.31,0.46,0.00,1.46,0.03,0.31,9.06,18.29,1.05,0.65,66.20,0.00,0.00
355,2.34,27.05,0.32,0.21,0.03,0.02,0.04,0.81,0.88,0.00,0.74,0.00,0.00,37.12,12.10,0.29,0.51,17.55,0.00,0.00
356,8.78,48.84,0.55,0.58,0.45,0.14,0.57,2.08,1.06,0.00,0.51,0.00,0.00,22.84,4.37,0.08,0.06,9.07,0.00,0.00
357,4.31,55.20,0.70,0.28,1.90,0.01,0.08,2.19,1.39,0.00,0.44,0.03,0.03,27.98,1.53,0.08,0.02,3.85,0.00,0.00
358,10.16,56.19,0.47,0.43,0.49,0.07,0.67,0.94,0.74,0.02,0.52,0.01,0.02,16.79,1.24,0.04,0.05,11.14,0.00,0.00
359,0.48,11.57,0.40,0.11,0.11,0.02,0.01,0.38,0.46,0.00,0.65,0.04,0.08,2.29,9.87,1.35,0.53,71.64,0.00,0.00
360,0.68,3.96,2.09,4.17,1.33,0.72,2.90,12.38,1.41,1.55,2.04,0.00,0.00,38.80,24.99,0.30,0.14,2.55,0.00,0.00
361,24.87,53.12,0.03,0.05,0.13,0.01,0.00,0.04,0.20,0.00,0.15,0.01,0.03,5.48,2.60,0.02,0.00,13.25,0.03,0.00
362,0.87,6.01,0.35,0.17,0.78,0.03,0.02,0.66,0.73,0.01,2.13,0.03,0.04,0.13,3.63,0.39,0.60,78.54,4.86,0.00
363,4.68,17.99,0.27,0.22,0.21,0.06,0.00,0.06,0.59,0.00,0.67,0.07,0.16,9.40,7.99,0.71,0.44,56.26,0.25,0.00
364,7.53,54.29,0.29,0.14,0.26,0.01,0.04,1.23,0.88,0.00,0.99,0.00,0.01,28.66,0.98,0.05,0.02,4.61,0.00,0.00
365,3.60,30.06,1.31,1.02,1.89,0.17,0.14,7.09,1.45,0.01,8.02,0.06,0.00,20.41,13.35,0.46,0.12,10.82,0.00,0.00
366,1.52,15.68,1.22,0.71,0.23,0.12,0.06,2.89,0.95,0.01,7.70,0.01,0.18,5.43,17.20,1.79,0.56,43.73,0.00,0.00
367,11.90,33.85,0.12,0.21,0.06,0.01,0.17,0.47,0.60,0.00,0.15,0.00,0.01,35.97,8.66,0.06,0.06,7.70,0.00,0.00
368,15.74,54.81,0.30,0.30,0.20,0.04,0.15,1.36,0.56,0.06,0.57,0.00,0.01,9.71,5.09,0.15,0.01,10.94,0.00,0.00
369,0.98,5.76,0.84,0.27,0.11,0.06,0.11,0.80,0.74,0.00,0.30,0.00,0.02,64.56,10.31,0.07,1.34,13.74,0.00,0.00
370,1.55,26.32,0.90,0.38,0.15,0.06,0.37,1.01,1.03,0.01,0.42,0.00,0.00,40.16,18.68,0.37,0.14,8.42,0.02,0.00
371,3.99,64.43,0.34,0.25,0.86,0.05,0.21,0.64,0.84,0.00,0.47,0.03,0.00,16.22,4.81,0.25,0.05,6.58,0.00,0.00
372,22.51,38.79,2.06,4.50,2.79,0.97,10.67,2.87,0.90,2.46,0.96,0.00,0.01,1.04,0.31,0.00,0.00,8.42,0.72,0.00
373,39.43,39.70,0.06,0.16,0.70,0.09,0.01,0.78,0.30,0.32,0.61,0.01,0.20,1.63,0.77,0.04,0.00,15.18,0.00,0.00
374,3.38,23.85,1.18,1.24,0.23,0.39,0.37,4.55,1.62,0.80,8.49,0.02,0.11,0.93,6.26,0.91,0.45,44.50,0.72,0.00
