uniqid_huc10,NLCD06_11_huc10,NLCD06_12_huc10,NLCD06_21_huc10,NLCD06_22_huc10,NLCD06_23_huc10,NLCD06_24_huc10,NLCD06_31_huc10,NLCD06_41_huc10,NLCD06_42_huc10,NLCD06_43_huc10,NLCD06_52_huc10,NLCD06_71_huc10,NLCD06_81_huc10,NLCD06_82_huc10,NLCD06_90_huc10,NLCD06_95_huc10,NLCD06_9999_huc10
1,0.05,0.00,3.76,9.29,50.87,35.30,0.06,0.00,0.00,0.00,0.01,0.66,0.00,0.00,0.01,0.01,0.00
2,0.00,0.00,0.96,0.42,0.06,0.00,0.01,0.31,1.58,0.00,96.42,0.01,0.00,0.00,0.23,0.00,0.00
3,0.06,0.00,6.56,0.21,0.01,0.01,0.08,0.04,0.00,0.01,0.52,19.87,0.00,72.49,0.00,0.14,0.00
4,0.00,0.00,0.37,0.24,0.00,0.00,2.59,0.00,1.76,0.01,94.98,0.04,0.00,0.00,0.00,0.00,0.00
5,0.00,0.00,2.77,0.03,0.00,0.00,0.03,0.06,0.00,0.00,2.57,14.87,12.82,66.74,0.02,0.08,0.00
6,0.01,0.00,0.38,0.06,0.01,0.00,0.63,0.00,0.44,0.00,96.89,1.56,0.00,0.01,0.00,0.00,0.00
7,0.21,0.00,4.16,0.15,0.02,0.00,0.15,0.11,0.02,0.00,19.74,21.40,0.00,53.80,0.01,0.24,0.00
8,0.02,0.00,1.35,0.02,0.00,0.00,0.04,0.00,0.00,0.00,2.65,81.58,0.00,14.31,0.03,0.00,0.00
9,0.00,0.00,0.00,0.00,0.00,0.00,0.09,0.00,25.42,0.00,55.99,18.50,0.00,0.00,0.00,0.00,0.00
10,0.02,0.00,0.12,0.03,0.00,0.00,6.78,0.00,0.00,0.00,91.55,1.46,0.00,0.04,0.01,0.00,0.00
11,0.00,0.00,0.00,0.00,0.00,0.00,0.02,0.00,0.00,0.00,74.52,25.45,0.01,0.00,0.00,0.00,0.00
12,0.00,0.00,0.31,0.08,0.01,0.00,18.21,0.00,4.18,0.06,75.99,1.12,0.00,0.00,0.04,0.00,0.00
13,0.19,0.00,8.18,13.29,4.62,0.68,2.23,0.05,0.01,0.03,65.05,4.13,0.24,0.48,0.70,0.11,0.00
14,0.02,0.00,0.71,0.59,0.12,0.02,8.25,0.00,0.00,0.00,88.49,0.00,0.04,1.76,0.00,0.00,0.00
15,0.01,0.00,0.29,0.07,0.01,0.00,0.23,0.00,0.61,0.00,97.27,0.71,0.00,0.00,0.80,0.00,0.00
16,1.08,0.00,5.25,2.42,0.79,0.30,0.11,1.17,0.00,0.00,0.35,19.56,8.49,56.36,3.72,0.38,0.00
17,0.34,0.00,0.11,0.02,0.00,0.00,25.09,7.28,38.57,0.76,0.49,25.50,0.00,0.00,1.82,0.02,0.00
18,0.06,0.00,3.41,0.03,0.00,0.00,0.01,0.00,0.00,0.01,0.55,51.61,0.00,44.11,0.03,0.18,0.00
19,0.01,0.00,0.14,0.11,0.01,0.00,0.27,0.00,0.20,0.00,54.61,44.28,0.00,0.00,0.03,0.34,0.00
20,1.51,0.00,7.76,2.05,0.70,0.25,0.29,13.35,11.74,7.98,15.94,3.12,26.91,3.79,4.38,0.23,0.00
21,0.11,0.00,0.22,0.01,0.00,0.00,0.10,0.01,0.30,0.00,98.79,0.00,0.00,0.00,0.47,0.00,0.00
22,0.00,0.00,0.00,0.00,0.00,0.00,0.00,0.00,0.15,0.00,58.33,41.52,0.00,0.00,0.00,0.00,0.00
23,0.54,0.00,3.47,1.02,0.37,0.15,0.04,0.24,0.00,0.00,0.00,19.19,3.64,71.20,0.04,0.12,0.00
24,0.29,0.00,5.87,2.18,0.77,0.16,0.03,0.00,0.00,0.00,67.25,0.88,0.93,16.06,5.46,0.12,0.00
25,0.09,0.00,0.47,0.37,0.08,0.00,1.14,0.00,26.70,0.00,60.41,10.74,0.00,0.00,0.00,0.00,0.00
26,0.04,0.00,0.66,0.01,0.00,0.00,0.02,0.02,0.19,0.00,25.98,70.16,0.60,1.71,0.14,0.46,0.00
27,0.00,0.00,0.12,0.05,0.06,0.00,88.62,0.00,0.00,0.00,10.90,0.03,0.00,0.00,0.21,0.00,0.00
28,0.01,0.00,0.32,0.05,0.00,0.00,0.34,3.85,5.56,0.00,86.80,2.72,0.25,0.09,0.01,0.00,0.00
29,0.03,0.00,3.58,0.06,0.00,0.00,0.01,0.00,0.00,0.00,0.02,68.56,0.00,27.63,0.01,0.11,0.00
30,0.76,0.00,3.40,0.84,0.18,0.03,0.23,0.97,7.88,0.84,0.07,66.17,0.04,18.58,0.00,0.00,0.00
31,0.40,0.00,1.35,0.52,0.04,0.00,35.20,0.00,0.01,0.00,57.60,0.25,0.00,0.00,1.75,1.08,1.80
32,0.00,0.00,3.95,0.39,0.23,0.01,8.37,0.11,3.62,0.01,66.38,14.47,0.77,1.69,0.00,0.00,0.00
33,0.00,0.00,4.29,0.09,0.00,0.00,0.52,0.00,30.05,0.00,11.71,48.73,0.00,4.52,0.00,0.09,0.00
34,0.04,0.00,1.83,0.80,0.24,0.08,5.25,0.00,0.00,0.00,91.77,0.00,0.00,0.00,0.00,0.00,0.00
35,0.08,0.00,3.58,0.86,0.07,0.00,0.35,0.52,0.01,0.01,68.32,18.81,0.14,0.54,5.84,0.86,0.00
36,0.29,0.00,5.95,0.48,0.14,0.05,0.06,5.66,9.45,0.00,22.70,49.43,1.80,2.93,1.07,0.00,0.00
37,0.06,0.00,0.18,0.05,0.00,0.00,1.82,7.39,39.01,2.40,15.72,30.43,1.18,0.06,1.04,0.64,0.00
38,0.95,0.00,5.18,1.06,0.22,0.08,0.16,5.04,2.34,0.01,0.00,40.06,0.17,44.71,0.00,0.00,0.00
39,3.69,0.00,5.88,1.80,0.37,0.11,0.01,30.32,2.04,0.00,0.00,43.67,10.58,1.53,0.00,0.00,0.00
40,0.00,0.00,0.00,0.00,0.00,0.00,0.09,0.00,0.01,0.00,99.46,0.00,0.00,0.00,0.00,0.00,0.44
41,0.47,0.00,4.55,0.80,0.25,0.10,0.01,3.61,0.06,0.10,2.52,50.33,0.06,37.13,0.00,0.00,0.00
42,0.79,0.00,4.54,0.02,0.00,0.00,0.00,1.07,0.63,0.00,12.30,44.47,0.32,35.83,0.00,0.00,0.00
43,0.31,0.00,0.38,0.57,0.13,0.02,0.02,0.00,0.01,0.00,90.96,4.27,0.22,0.00,2.19,0.93,0.00
44,0.00,0.00,0.00,0.00,0.00,0.00,17.03,0.00,0.94,0.00,48.89,33.10,0.00,0.00,0.04,0.00,0.00
45,0.02,0.00,0.31,0.11,0.01,0.00,10.43,0.00,0.00,0.00,88.56,0.11,0.00,0.46,0.00,0.00,0.00
46,1.79,0.00,3.11,0.91,0.37,0.09,0.04,1.25,0.00,0.02,0.01,55.39,0.02,36.47,0.55,0.01,0.00
47,5.06,0.00,12.73,13.04,4.81,3.42,0.36,19.11,0.82,0.00,0.06,37.33,2.56,0.25,0.27,0.18,0.00
48,0.01,0.00,0.16,0.09,0.00,0.00,0.00,0.01,23.53,0.00,67.44,8.57,0.00,0.10,0.03,0.06,0.00
49,0.10,0.00,4.66,3.39,0.84,0.12,1.36,6.99,0.55,0.72,28.60,6.06,32.20,11.67,2.63,0.12,0.00
50,0.14,0.00,2.09,3.47,1.92,0.47,13.58,0.00,0.00,0.00,78.19,0.09,0.00,0.03,0.01,0.01,0.00
51,0.42,0.00,2.22,0.39,0.18,0.11,0.09,0.00,0.00,0.00,85.14,6.10,0.99,3.63,0.45,0.28,0.00
52,0.44,0.00,3.79,0.58,0.04,0.01,0.00,1.67,0.00,0.00,0.05,43.55,0.01,48.96,0.81,0.08,0.00
53,0.01,0.00,0.03,0.03,0.00,0.00,1.64,0.00,6.25,0.00,77.21,14.59,0.07,0.00,0.16,0.00,0.00
54,0.00,0.00,0.96,0.13,0.05,0.00,0.28,2.21,13.31,0.19,40.53,41.40,0.15,0.73,0.04,0.00,0.00
55,0.00,0.00,0.57,0.03,0.01,0.00,0.35,2.00,18.39,0.28,42.24,35.68,0.31,0.08,0.00,0.06,0.00
56,0.00,0.00,0.00,0.00,0.00,0.00,0.00,0.00,9.55,0.00,53.34,37.04,0.00,0.07,0.00,0.00,0.00
57,0.00,0.00,0.30,0.12,0.01,0.00,0.35,0.01,17.54,0.00,74.80,5.77,0.75,0.05,0.21,0.09,0.00
58,0.13,0.00,5.45,0.31,0.04,0.01,0.43,0.64,2.52,0.01,77.17,9.73,0.07,3.03,0.44,0.02,0.00
59,0.01,0.00,5.33,1.05,0.15,0.03,0.32,0.00,0.00,0.00,29.86,30.20,0.00,33.03,0.00,0.00,0.00
60,0.00,0.00,0.39,0.04,0.00,0.00,23.12,0.00,0.00,0.00,76.45,0.00,0.00,0.00,0.00,0.00,0.00
61,0.02,0.00,2.16,0.29,0.15,0.02,0.01,0.04,0.00,0.04,46.82,22.85,10.07,14.71,2.79,0.03,0.00
62,0.02,0.00,0.10,0.02,0.00,0.00,0.08,0.01,24.70,0.00,73.32,1.44,0.09,0.01,0.22,0.00,0.00
63,0.01,0.00,1.04,0.13,0.02,0.00,0.12,0.00,1.56,0.00,83.40,13.12,0.04,0.57,0.00,0.00,0.00
64,0.00,0.00,0.00,0.00,0.00,0.00,0.57,0.00,1.23,0.00,84.76,13.20,0.00,0.00,0.23,0.00,0.01
65,2.70,0.00,3.90,0.50,0.16,0.04,0.39,19.40,3.76,0.47,25.21,4.12,35.93,0.46,2.30,0.68,0.00
66,0.00,0.00,2.92,0.25,0.03,0.00,0.15,0.17,0.07,0.01,29.95,30.34,30.77,4.60,0.68,0.05,0.00
67,0.01,0.00,0.44,0.02,0.00,0.00,0.45,0.00,25.43,0.00,68.87,3.66,0.98,0.00,0.06,0.09,0.00
68,0.00,0.00,0.66,0.00,0.00,0.00,0.01,0.00,4.68,0.00,24.60,70.00,0.00,0.03,0.01,0.01,0.00
69,1.18,0.00,0.26,0.13,0.01,0.00,0.55,0.06,0.00,0.00,95.84,0.15,0.33,0.00,1.27,0.20,0.00
70,0.05,0.00,3.58,0.39,0.02,0.00,0.23,0.08,0.01,0.00,9.96,67.25,0.00,18.22,0.16,0.04,0.00
71,0.00,0.00,0.20,0.12,0.01,0.00,3.14,0.00,0.00,0.00,87.91,8.62,0.00,0.00,0.00,0.00,0.00
72,0.00,0.00,1.15,0.34,0.02,0.00,34.74,0.00,5.92,0.00,48.10,8.02,0.06,1.44,0.18,0.02,0.00
73,0.01,0.00,4.75,2.10,0.88,0.23,0.16,3.18,0.12,0.02,30.84,2.19,30.90,22.10,2.47,0.03,0.00
74,0.02,0.00,0.22,0.17,0.01,0.00,0.01,0.43,1.29,0.00,95.46,0.22,0.00,0.11,1.94,0.03,0.09
75,0.71,0.00,4.31,0.87,0.11,0.03,0.24,2.14,2.42,0.03,0.01,31.47,0.14,57.48,0.00,0.04,0.00
76,0.60,0.00,2.66,1.89,0.33,0.03,0.01,1.16,19.70,0.01,44.70,1.60,23.67,1.98,1.64,0.03,0.00
77,0.03,0.00,9.14,5.18,4.94,0.56,0.71,0.01,2.03,5.88,52.78,15.03,1.42,1.79,0.29,0.23,0.00
78,0.22,0.00,3.14,0.32,0.01,0.00,0.04,0.03,0.01,0.00,10.97,30.89,0.19,52.20,0.71,1.27,0.00
79,0.00,0.00,1.50,0.36,0.01,0.00,0.27,0.00,0.00,0.00,96.92,0.04,0.00,0.89,0.00,0.00,0.00
80,0.00,0.00,0.00,0.00,0.00,0.00,12.23,0.00,0.57,0.00,81.46,5.74,0.00,0.00,0.00,0.00,0.00
81,7.02,0.00,3.49,0.52,0.03,0.01,0.16,7.44,0.00,0.04,0.00,44.09,4.35,24.03,7.43,1.39,0.00
82,2.40,0.00,4.95,3.50,0.75,0.13,0.23,5.60,0.00,0.02,0.01,25.42,3.10,50.80,3.04,0.06,0.00
83,0.00,0.00,0.71,0.12,0.01,0.00,0.01,0.00,0.00,0.00,99.10,0.05,0.00,0.00,0.00,0.00,0.00
84,0.95,0.00,18.99,16.32,12.41,1.50,0.80,0.00,0.23,0.65,38.08,5.74,0.78,2.34,0.57,0.61,0.00
85,0.00,0.00,0.00,0.00,0.00,0.00,49.41,0.00,0.00,0.00,50.59,0.00,0.00,0.00,0.00,0.00,0.00
86,0.91,0.00,5.47,0.39,0.09,0.01,0.01,0.24,0.40,0.00,65.70,4.44,0.22,22.12,0.01,0.00,0.00
87,0.26,0.00,4.94,0.16,0.02,0.00,0.02,2.64,1.90,0.01,10.00,52.82,0.82,26.15,0.25,0.00,0.00
88,0.32,0.00,6.41,0.13,0.02,0.00,0.00,3.49,1.03,0.01,11.51,68.46,0.00,8.31,0.32,0.00,0.00
89,0.21,0.00,0.80,0.34,0.02,0.00,0.02,0.47,24.54,0.10,58.31,11.76,0.10,2.29,1.03,0.01,0.00
90,0.00,0.00,0.00,0.00,0.00,0.00,14.08,0.00,0.26,0.00,84.92,0.74,0.00,0.00,0.00,0.00,0.00
91,0.00,0.00,0.30,0.06,0.00,0.00,0.60,0.00,4.76,0.00,93.18,1.11,0.00,0.00,0.00,0.00,0.00
92,0.01,0.00,4.11,0.27,0.02,0.00,0.96,0.00,0.00,0.08,10.73,76.37,0.00,7.42,0.02,0.00,0.00
93,0.57,0.00,9.60,4.00,5.18,0.39,1.04,0.00,2.50,5.98,52.65,14.63,1.97,0.51,0.32,0.65,0.00
94,0.27,0.00,2.60,0.03,0.00,0.00,0.34,0.25,2.48,0.00,21.47,37.48,0.00,32.09,0.01,2.99,0.00
95,0.00,0.00,0.07,0.00,0.00,0.00,0.01,0.00,0.00,0.00,98.95,0.00,0.00,0.00,0.92,0.05,0.00
96,1.72,0.00,3.99,0.67,0.12,0.02,0.80,18.35,0.02,0.00,0.40,55.23,7.51,11.13,0.00,0.04,0.00
97,0.01,0.00,0.50,0.20,0.01,0.00,3.34,0.00,6.81,0.00,83.31,5.83,0.00,0.00,0.00,0.01,0.00
98,0.15,0.00,0.97,0.38,0.02,0.00,0.38,0.01,10.87,0.00,82.22,1.63,0.14,3.05,0.16,0.03,0.00
99,3.88,0.00,4.88,1.06,0.18,0.04,0.03,13.33,0.99,0.00,0.12,35.12,19.66,20.21,0.42,0.08,0.00
100,0.00,0.00,0.14,0.03,0.00,0.00,0.21,0.00,0.65,0.01,98.05,0.90,0.00,0.00,0.00,0.00,0.00
101,0.17,0.00,0.04,0.01,0.00,0.00,0.04,1.18,56.19,0.17,41.33,0.63,0.00,0.00,0.09,0.13,0.00
102,0.22,0.00,11.49,20.24,15.62,2.93,0.01,0.00,0.00,0.00,44.49,1.07,0.36,3.53,0.06,0.00,0.00
103,0.01,0.00,0.38,0.25,0.01,0.00,0.23,0.00,20.50,0.00,78.35,0.24,0.01,0.00,0.00,0.01,0.00
104,0.02,0.00,5.22,0.65,0.08,0.00,9.54,0.01,25.57,2.31,46.07,8.16,0.03,1.43,0.89,0.01,0.00
105,0.04,0.00,1.42,0.26,0.05,0.01,0.00,4.60,3.50,0.00,88.80,1.33,0.00,0.00,0.00,0.00,0.00
106,0.13,0.00,3.00,0.34,0.05,0.02,2.55,0.28,0.37,1.29,42.61,17.50,0.00,31.49,0.38,0.00,0.00
107,0.10,0.00,0.80,0.01,0.00,0.00,1.47,4.85,8.46,0.14,61.39,18.52,0.00,3.73,0.15,0.39,0.00
108,0.06,0.00,0.63,0.01,0.00,0.00,17.36,0.00,41.56,0.00,35.91,4.45,0.00,0.00,0.01,0.00,0.00
109,0.06,0.00,0.26,0.13,0.01,0.00,0.34,0.00,0.61,0.00,96.36,0.63,0.01,0.01,1.41,0.18,0.00
110,0.00,0.00,1.02,0.01,0.00,0.00,0.07,0.00,0.00,0.00,2.52,96.37,0.00,0.00,0.00,0.00,0.00
111,0.14,0.00,6.20,1.00,0.23,0.03,8.52,0.00,0.00,0.09,5.31,36.06,1.85,39.89,0.00,0.69,0.00
112,0.02,0.00,1.37,0.72,0.12,0.03,0.83,3.45,57.47,1.61,21.95,10.44,1.19,0.16,0.62,0.03,0.00
113,0.02,0.00,0.91,0.31,0.02,0.00,1.74,1.70,4.37,0.02,75.25,13.19,1.32,0.22,0.90,0.01,0.00
114,0.02,0.00,1.40,0.22,0.03,0.00,0.24,0.14,12.09,0.00,80.90,2.04,0.00,2.33,0.29,0.30,0.00
115,0.25,0.00,1.20,0.12,0.03,0.00,0.04,0.00,1.17,0.00,94.54,0.13,0.00,1.39,0.59,0.52,0.00
116,0.13,0.00,1.67,0.06,0.01,0.00,0.09,0.06,0.02,0.20,88.94,2.17,0.00,5.96,0.19,0.51,0.00
117,0.72,0.00,3.29,0.97,0.21,0.04,0.05,33.84,0.05,0.00,0.00,45.63,11.77,3.40,0.00,0.04,0.00
118,0.13,0.00,0.29,0.02,0.00,0.00,7.54,0.36,16.22,0.00,57.59,17.47,0.06,0.00,0.05,0.25,0.00
119,0.36,0.00,0.20,0.01,0.00,0.00,0.09,0.00,0.00,0.00,81.75,16.43,0.00,0.13,0.42,0.61,0.00
120,1.82,0.00,4.10,0.60,0.01,0.00,0.73,4.96,1.25,0.02,35.75,25.62,16.31,2.80,5.02,1.01,0.00
121,0.44,0.00,0.57,0.01,0.00,0.00,0.07,1.27,58.68,0.08,5.38,31.40,0.67,0.02,0.21,1.22,0.00
122,0.00,0.00,0.17,0.12,0.01,0.00,0.11,0.01,4.22,0.03,95.30,0.02,0.00,0.00,0.00,0.00,0.00
123,0.01,0.00,0.00,0.00,0.00,0.00,0.22,0.00,20.17,0.00,76.19,3.36,0.03,0.00,0.01,0.01,0.00
124,0.34,0.00,6.60,0.32,0.07,0.04,0.01,2.35,3.04,0.03,62.58,14.92,0.58,9.09,0.02,0.00,0.00
125,0.00,0.00,0.49,0.04,0.00,0.00,0.01,0.00,0.00,0.00,98.29,0.10,0.00,0.62,0.06,0.37,0.00
126,0.00,0.00,1.07,0.85,0.27,0.05,0.10,0.12,14.49,0.01,52.43,30.21,0.15,0.25,0.00,0.00,0.00
127,0.28,0.00,4.76,0.49,0.10,0.03,0.03,0.10,0.01,0.00,5.94,16.96,0.00,71.22,0.01,0.08,0.00
128,0.66,0.00,5.05,0.80,0.17,0.00,0.00,0.03,9.99,4.46,69.56,7.82,0.01,0.08,0.35,1.02,0.00
129,0.01,0.00,0.34,0.07,0.00,0.00,0.04,0.06,7.08,0.00,88.38,3.92,0.00,0.10,0.00,0.00,0.00
130,0.00,0.00,1.50,0.25,0.09,0.00,0.02,0.34,0.50,0.00,96.62,0.67,0.00,0.00,0.00,0.00,0.00
131,0.02,0.00,0.19,0.03,0.00,0.00,1.44,0.00,2.71,0.00,87.35,7.94,0.00,0.00,0.04,0.27,0.00
132,0.01,0.00,0.98,0.41,0.05,0.00,0.17,0.00,8.86,0.00,57.35,32.10,0.00,0.06,0.01,0.00,0.00
133,0.17,0.00,4.43,1.68,0.36,0.05,13.97,0.00,0.00,0.01,2.73,29.97,2.40,44.22,0.00,0.01,0.00
134,0.03,0.00,5.58,1.63,0.58,0.14,0.32,0.00,0.00,0.00,0.28,13.05,1.47,76.77,0.10,0.05,0.00
135,0.11,0.00,0.68,0.53,0.18,0.01,1.45,0.00,50.46,0.00,34.97,11.57,0.00,0.00,0.04,0.00,0.00
136,0.59,0.00,4.31,0.93,0.22,0.02,0.00,3.68,0.00,0.07,0.00,49.77,3.77,35.43,1.19,0.01,0.00
137,0.68,0.00,4.57,0.73,0.29,0.06,0.04,3.02,0.01,0.00,12.34,68.33,0.43,9.42,0.03,0.03,0.00
138,0.02,0.00,0.31,0.07,0.00,0.00,0.13,0.02,30.75,0.00,66.06,2.13,0.05,0.00,0.40,0.06,0.00
139,0.01,0.00,0.45,0.43,0.09,0.00,0.70,0.00,34.23,0.00,47.62,16.41,0.00,0.02,0.01,0.01,0.00
140,0.15,0.00,1.73,1.02,0.41,0.05,10.11,0.00,15.89,0.00,70.43,0.02,0.00,0.00,0.18,0.01,0.00
141,0.61,0.00,2.31,4.70,1.46,0.24,4.65,0.01,0.06,0.05,19.39,0.01,31.56,34.45,0.31,0.18,0.01
142,0.00,0.00,0.88,1.06,0.73,0.09,2.20,0.00,0.00,0.00,95.00,0.02,0.00,0.01,0.00,0.00,0.00
143,0.42,0.00,0.15,0.01,0.00,0.00,0.10,0.00,0.00,0.00,58.46,40.35,0.00,0.07,0.08,0.36,0.00
144,0.07,0.00,0.12,0.04,0.00,0.00,0.02,0.00,0.04,0.00,90.34,9.18,0.00,0.00,0.01,0.16,0.00
145,0.70,0.00,6.56,4.09,1.09,0.32,0.10,0.00,0.17,0.00,86.26,0.41,0.03,0.17,0.00,0.00,0.10
146,0.00,0.00,3.60,0.02,0.00,0.00,0.00,0.00,0.00,0.00,0.00,69.55,0.00,26.81,0.00,0.02,0.00
147,0.02,0.00,1.95,0.00,0.00,0.00,0.40,0.00,8.16,20.67,49.77,16.18,1.37,0.14,0.64,0.68,0.00
148,0.03,0.00,0.72,0.13,0.02,0.00,1.04,0.00,13.65,0.00,75.33,9.00,0.03,0.01,0.02,0.03,0.00
149,0.18,0.00,1.72,2.26,0.79,0.02,49.41,0.00,0.34,0.00,37.47,0.08,1.28,6.34,0.07,0.03,0.00
150,0.35,0.00,4.56,0.85,0.28,0.12,0.05,0.00,0.11,1.76,21.95,21.39,0.00,48.50,0.07,0.01,0.00
151,6.83,0.00,9.96,3.59,1.53,0.54,0.37,2.99,3.53,0.00,0.00,33.37,4.90,28.38,3.91,0.12,0.00
152,0.06,0.00,0.03,0.00,0.00,0.00,0.05,0.00,2.80,0.00,16.12,80.24,0.00,0.32,0.14,0.24,0.00
153,0.12,0.00,2.13,1.38,0.16,0.00,0.02,0.02,0.44,0.08,56.95,22.06,12.31,0.06,3.33,0.94,0.00
154,0.58,0.00,5.43,0.46,0.06,0.01,0.14,8.81,2.29,1.39,4.11,15.92,40.40,17.72,2.45,0.23,0.00
155,1.25,0.00,3.87,0.32,0.04,0.01,0.00,0.08,0.00,0.00,0.02,29.47,0.00,64.44,0.49,0.00,0.00
156,0.18,0.00,2.37,0.46,0.01,0.00,0.32,7.61,0.15,0.21,32.94,2.77,40.73,8.63,3.36,0.25,0.00
157,1.20,0.00,1.75,0.18,0.04,0.00,0.48,0.03,7.10,12.91,59.65,15.84,0.12,0.13,0.26,0.31,0.00
158,0.64,0.00,2.80,1.66,0.39,0.11,1.70,0.15,5.35,0.02,58.46,19.37,1.87,5.22,2.28,0.00,0.00
159,0.15,0.00,1.83,0.49,0.10,0.01,0.00,9.13,10.33,0.00,75.84,1.62,0.16,0.31,0.03,0.00,0.00
160,0.02,0.00,3.08,1.27,0.32,0.16,0.92,0.00,0.00,0.00,93.32,0.90,0.00,0.00,0.00,0.00,0.00
161,0.11,0.00,1.01,0.06,0.00,0.00,0.02,9.17,13.40,0.00,36.53,37.96,0.66,0.56,0.52,0.00,0.00
162,0.06,0.00,3.96,0.17,0.01,0.00,0.20,0.01,0.00,0.00,5.93,77.58,0.00,11.61,0.46,0.00,0.00
163,0.17,0.00,3.81,0.60,0.07,0.02,0.00,0.21,0.00,0.00,0.01,26.37,0.00,66.88,1.73,0.12,0.00
164,0.03,0.00,0.80,0.28,0.03,0.00,0.34,4.39,38.52,1.97,14.22,31.46,4.11,0.23,2.58,1.03,0.00
165,0.05,0.00,4.43,0.49,0.21,0.07,0.10,6.42,6.62,1.16,13.67,5.18,47.04,11.45,2.74,0.37,0.00
166,0.00,0.00,0.28,0.04,0.00,0.00,0.02,0.09,0.22,0.00,41.09,58.07,0.00,0.00,0.11,0.06,0.00
167,0.02,0.00,0.00,0.00,0.00,0.00,4.98,0.03,15.41,0.14,78.96,0.20,0.00,0.00,0.26,0.00,0.00
168,0.33,0.00,10.51,15.88,32.42,9.98,0.18,0.01,0.14,0.69,20.47,8.78,0.01,0.04,0.46,0.10,0.00
169,1.64,0.00,4.19,1.28,0.49,0.14,2.66,1.85,0.00,0.00,0.59,36.44,0.02,50.68,0.00,0.02,0.00
170,0.25,0.00,10.34,9.59,8.90,1.02,0.33,0.00,2.24,0.82,59.25,5.94,0.14,0.22,0.83,0.13,0.00
171,0.79,0.00,4.82,0.52,0.13,0.02,1.08,0.94,0.00,0.00,22.46,61.13,0.66,7.39,0.02,0.04,0.00
172,0.12,0.00,0.77,0.11,0.01,0.00,0.00,0.00,18.07,0.34,79.98,0.32,0.04,0.02,0.09,0.12,0.00
173,0.02,0.00,8.09,5.54,6.97,0.70,0.15,0.00,10.22,11.55,44.34,7.57,0.21,4.47,0.16,0.02,0.00
174,0.06,0.00,1.26,0.10,0.00,0.00,0.14,0.03,2.26,0.21,41.53,46.81,0.00,7.54,0.05,0.00,0.00
175,0.00,0.00,0.36,0.07,0.00,0.00,6.85,0.01,2.30,0.01,89.73,0.67,0.00,0.00,0.00,0.00,0.00
176,0.00,0.00,2.52,0.45,0.02,0.00,1.25,0.00,0.00,0.00,85.13,0.48,0.91,9.23,0.01,0.00,0.00
177,0.02,0.00,0.31,0.26,0.05,0.01,5.26,0.00,0.07,0.00,85.61,7.73,0.01,0.00,0.67,0.00,0.00
178,0.00,0.00,0.21,0.02,0.00,0.00,2.20,0.01,2.66,0.00,60.39,34.27,0.15,0.00,0.09,0.00,0.00
179,0.01,0.00,3.13,0.22,0.01,0.00,2.77,0.00,0.00,2.09,75.29,1.21,0.00,15.17,0.10,0.00,0.00
180,0.00,0.00,3.73,0.13,0.02,0.00,0.04,0.64,12.73,0.00,51.69,10.57,0.99,19.41,0.06,0.00,0.00
181,0.00,0.00,1.50,0.51,0.06,0.05,0.30,0.00,0.65,0.00,95.99,0.94,0.00,0.00,0.00,0.00,0.00
182,0.12,0.00,0.19,0.00,0.00,0.00,0.01,0.00,4.76,0.00,8.61,86.01,0.00,0.22,0.00,0.08,0.00
183,0.35,0.00,1.26,0.38,0.02,0.00,0.90,0.00,0.14,0.00,83.07,7.73,0.58,2.88,2.58,0.10,0.00
184,0.00,0.00,6.59,4.67,0.75,0.21,0.10,0.02,1.29,0.02,80.72,5.63,0.00,0.00,0.00,0.00,0.00
185,0.02,0.00,1.23,0.04,0.01,0.00,0.00,0.47,0.44,0.00,97.68,0.10,0.00,0.00,0.02,0.00,0.00
186,0.00,0.00,0.18,0.01,0.00,0.00,0.04,0.23,93.95,0.00,4.67,0.82,0.00,0.00,0.06,0.04,0.00
187,2.32,0.00,12.78,6.19,4.08,2.72,0.11,4.63,3.77,0.00,0.00,18.61,25.39,15.69,3.63,0.08,0.00
188,0.45,0.00,2.88,0.11,0.01,0.00,0.00,0.14,0.00,0.00,0.01,52.32,2.88,40.76,0.40,0.03,0.00
189,0.03,0.00,0.09,0.05,0.00,0.00,1.23,0.00,1.59,0.00,90.69,6.13,0.06,0.01,0.10,0.00,0.00
190,0.09,0.00,2.39,0.08,0.00,0.00,0.32,0.05,1.38,0.52,62.76,18.97,0.00,13.40,0.04,0.00,0.00
191,0.14,0.00,0.53,2.63,0.66,0.00,0.03,0.08,0.03,0.18,65.79,3.78,17.81,5.34,2.74,0.25,0.00
192,0.00,0.00,0.80,0.07,0.00,0.00,0.32,0.00,0.00,0.00,98.00,0.02,0.00,0.61,0.13,0.04,0.00
193,0.02,0.00,0.35,0.09,0.00,0.00,0.22,1.91,56.22,1.45,31.79,6.06,0.34,0.00,1.41,0.13,0.00
194,8.15,0.00,2.40,3.21,1.00,0.13,0.43,0.01,0.02,0.00,32.02,42.89,3.76,0.00,4.22,1.74,0.01
195,2.59,0.00,2.90,0.57,0.08,0.01,1.28,3.26,1.97,0.14,3.88,3.19,12.82,15.43,14.75,37.14,0.00
196,0.19,0.00,3.97,0.94,0.20,0.02,6.42,0.00,15.53,1.74,50.69,19.21,0.13,0.24,0.70,0.01,0.00
197,0.00,0.00,0.19,0.00,0.00,0.00,0.00,0.00,16.08,0.00,40.85,42.87,0.00,0.01,0.00,0.00,0.00
198,0.02,0.00,0.31,0.14,0.02,0.00,1.53,0.00,3.84,0.00,77.23,16.90,0.01,0.00,0.01,0.00,0.00
199,0.87,0.00,0.37,0.04,0.01,0.00,2.60,13.06,46.57,1.49,0.06,28.08,0.01,0.00,5.23,1.61,0.00
200,0.22,0.00,0.45,0.02,0.00,0.00,0.03,0.00,1.47,0.00,2.92,94.80,0.00,0.00,0.01,0.09,0.00
201,0.02,0.00,0.54,0.02,0.00,0.00,0.01,0.00,20.73,0.00,20.17,58.33,0.00,0.03,0.06,0.09,0.00
202,0.00,0.00,0.62,0.04,0.00,0.00,1.33,0.00,0.00,0.00,98.00,0.00,0.00,0.00,0.00,0.00,0.00
203,0.29,0.00,2.43,1.01,0.21,0.06,0.11,0.00,0.00,0.00,84.24,0.11,0.38,10.90,0.24,0.00,0.00
204,0.08,0.00,4.08,0.28,0.09,0.02,0.81,0.01,0.00,2.86,32.57,46.67,0.00,12.16,0.35,0.01,0.00
205,0.08,0.00,0.77,0.37,0.06,0.00,9.98,0.00,5.92,0.00,82.07,0.72,0.00,0.00,0.03,0.00,0.00
206,0.00,0.00,0.10,0.05,0.00,0.00,1.09,0.00,0.00,0.00,97.67,0.60,0.44,0.01,0.05,0.00,0.00
207,1.07,0.00,1.09,0.01,0.00,0.00,0.18,0.04,0.04,0.06,55.11,31.99,0.00,9.93,0.12,0.37,0.00
208,0.05,0.00,1.90,2.13,0.43,0.01,0.91,0.00,0.03,0.01,54.89,33.30,4.91,0.01,1.31,0.11,0.00
209,0.04,0.00,4.52,0.18,0.01,0.00,0.05,0.19,0.00,0.00,0.00,5.42,4.83,84.75,0.00,0.01,0.00
210,0.00,0.00,0.15,0.09,0.01,0.00,0.23,0.00,47.31,0.00,50.12,2.00,0.09,0.00,0.01,0.00,0.00
211,0.28,0.00,1.39,0.18,0.03,0.00,0.10,0.34,0.04,0.00,95.04,0.69,0.00,1.87,0.03,0.00,0.00
212,0.00,0.00,0.72,0.07,0.03,0.00,0.06,0.00,1.51,0.00,14.87,82.74,0.00,0.00,0.00,0.00,0.00
213,0.01,0.00,2.62,0.00,0.00,0.00,3.63,0.01,0.15,3.77,41.68,47.06,0.34,0.70,0.02,0.02,0.00
214,6.93,0.00,0.00,0.00,0.00,0.00,24.95,0.09,8.58,0.00,54.75,4.48,0.05,0.00,0.16,0.00,0.00
215,2.25,0.00,3.91,1.14,0.82,0.11,0.28,0.02,4.91,13.67,60.88,11.13,0.41,0.13,0.16,0.18,0.00
216,0.01,0.00,0.21,0.08,0.00,0.00,0.08,0.20,0.51,0.00,96.94,1.20,0.17,0.00,0.61,0.00,0.00
217,0.22,0.00,0.17,0.04,0.00,0.00,24.75,0.00,0.00,0.00,49.29,24.70,0.03,0.58,0.22,0.00,0.00
218,0.21,0.00,2.38,0.19,0.00,0.00,0.16,0.12,0.03,0.00,51.73,35.19,0.00,9.94,0.04,0.02,0.00
219,9.47,0.00,6.42,0.37,0.08,0.03,0.00,1.41,0.77,0.02,10.67,66.98,0.26,3.38,0.14,0.00,0.00
220,0.26,0.00,7.73,0.16,0.03,0.00,0.02,0.50,0.23,0.12,12.37,4.85,0.59,73.10,0.04,0.00,0.00
221,0.10,0.00,16.96,11.63,9.40,4.02,0.59,6.07,27.24,0.13,11.20,6.00,1.37,3.77,1.52,0.00,0.00
222,1.06,0.00,3.92,0.41,0.04,0.01,0.04,0.78,0.00,0.00,0.04,25.01,0.15,68.20,0.30,0.04,0.00
223,0.02,0.00,0.90,0.14,0.00,0.00,1.78,0.00,26.59,0.00,60.57,9.81,0.00,0.00,0.17,0.00,0.00
224,2.53,0.00,3.42,3.00,3.50,1.17,5.40,3.52,0.00,0.06,7.26,3.81,4.76,43.82,1.58,16.19,0.00
225,0.28,0.00,2.58,0.02,0.00,0.00,0.00,8.52,10.92,0.01,67.41,7.56,1.13,1.55,0.00,0.00,0.00
226,0.02,0.00,3.24,0.09,0.00,0.00,0.05,0.04,0.04,0.00,2.60,39.41,4.10,49.58,0.12,0.72,0.00
227,0.02,0.00,0.92,0.33,0.14,0.02,1.43,0.00,5.24,0.00,87.57,4.33,0.00,0.01,0.00,0.00,0.00
228,0.09,0.00,0.37,0.28,0.06,0.03,10.52,0.00,0.00,0.00,82.64,3.39,0.00,2.57,0.03,0.00,0.02
229,0.00,0.00,0.00,0.00,0.00,0.00,0.00,0.00,9.57,0.00,49.69,40.68,0.01,0.00,0.00,0.04,0.00
230,0.00,0.00,0.06,0.04,0.01,0.00,16.17,0.00,1.38,0.00,82.33,0.00,0.00,0.00,0.00,0.00,0.00
231,0.11,0.00,1.89,0.62,0.05,0.01,1.51,0.09,0.62,0.02,63.05,29.16,0.00,2.81,0.04,0.01,0.00
232,0.03,0.00,0.36,0.13,0.00,0.00,0.36,1.73,13.14,0.29,66.88,13.93,1.26,0.94,0.53,0.41,0.00
233,0.00,0.00,0.28,0.06,0.01,0.00,0.04,0.00,0.00,0.00,1.59,98.01,0.00,0.02,0.00,0.00,0.00
234,0.32,0.00,0.26,0.07,0.04,0.00,0.05,0.03,17.71,0.00,6.48,74.93,0.00,0.02,0.01,0.06,0.00
235,0.00,0.00,0.31,0.02,0.00,0.00,0.00,0.06,57.46,0.01,24.67,17.46,0.00,0.00,0.00,0.00,0.00
236,0.02,0.00,0.41,0.00,0.00,0.00,0.00,0.00,0.44,0.00,98.85,0.06,0.00,0.00,0.03,0.19,0.00
237,1.03,0.00,5.98,1.73,0.97,0.03,0.50,0.00,15.74,18.93,30.54,16.53,2.00,5.01,0.72,0.29,0.00
238,0.68,0.00,0.40,0.07,0.00,0.00,0.05,0.01,0.01,0.00,20.42,77.22,0.00,0.18,0.43,0.53,0.00
239,0.03,0.00,1.90,0.42,0.11,0.05,0.02,5.15,4.76,0.00,85.32,1.73,0.24,0.26,0.01,0.00,0.00
240,0.36,0.00,0.00,0.00,0.00,0.00,3.99,13.31,48.37,6.76,3.46,17.19,2.61,0.03,3.58,0.34,0.00
241,0.00,0.00,1.03,0.29,0.03,0.03,4.78,0.00,0.00,0.00,93.08,0.64,0.09,0.01,0.01,0.01,0.00
242,0.00,0.00,0.67,0.18,0.00,0.00,0.03,0.01,24.08,0.00,62.79,12.00,0.23,0.00,0.01,0.00,0.00
243,0.00,0.00,1.22,0.20,0.02,0.00,0.13,0.00,2.07,0.00,87.24,8.12,0.00,0.77,0.02,0.19,0.00
244,0.03,0.00,0.01,0.00,0.00,0.00,1.79,0.00,37.15,0.00,45.82,15.17,0.00,0.00,0.03,0.00,0.00
245,0.71,0.00,0.04,0.01,0.00,0.00,37.12,0.01,1.31,0.00,48.81,11.41,0.14,0.01,0.44,0.00,0.00
246,0.63,0.00,4.18,0.45,0.08,0.01,0.06,1.14,11.31,2.35,0.06,53.66,0.00,26.06,0.00,0.00,0.00
247,0.00,0.00,0.57,0.36,0.77,0.00,89.23,0.00,0.00,0.00,8.23,0.01,0.24,0.59,0.00,0.00,0.00
248,0.44,0.00,0.52,0.01,0.00,0.00,12.77,0.00,4.48,0.00,68.86,12.71,0.02,0.00,0.19,0.00,0.00
249,1.60,0.00,3.50,2.50,2.54,0.60,0.26,1.71,3.34,0.06,10.73,61.18,0.74,9.77,1.34,0.14,0.00
250,0.01,0.00,4.00,6.53,9.10,1.81,7.88,0.00,0.07,0.05,69.68,0.40,0.10,0.34,0.02,0.00,0.00
251,0.00,0.00,0.26,0.07,0.00,0.00,4.65,0.00,0.13,0.00,94.77,0.12,0.00,0.00,0.00,0.00,0.00
252,0.00,0.00,1.10,0.12,0.01,0.00,0.92,0.13,17.22,0.00,73.45,4.93,0.19,0.40,1.51,0.03,0.00
253,0.42,0.00,0.82,0.36,0.07,0.00,5.89,0.00,0.00,0.00,91.70,0.00,0.00,0.61,0.08,0.05,0.00
254,0.05,0.00,5.18,0.55,0.06,0.02,0.14,0.00,0.00,0.00,9.12,29.37,0.00,55.41,0.00,0.09,0.00
255,1.18,0.00,0.15,0.26,0.02,0.00,0.02,0.84,63.05,0.01,30.70,1.32,0.33,0.02,2.09,0.00,0.00
256,0.16,0.00,6.67,0.50,0.10,0.04,0.06,0.00,0.00,0.01,0.47,38.16,0.00,53.78,0.02,0.02,0.00
257,0.00,0.00,0.00,0.00,0.00,0.00,2.60,0.00,0.51,0.00,53.07,43.79,0.00,0.01,0.03,0.00,0.00
258,0.00,0.00,0.59,0.00,0.00,0.00,0.00,0.00,13.13,0.00,53.88,32.40,0.00,0.00,0.00,0.00,0.00
259,0.01,0.00,0.40,0.25,0.02,0.00,0.46,0.00,0.02,0.00,98.48,0.33,0.02,0.01,0.00,0.00,0.00
260,4.64,0.00,0.75,0.34,0.07,0.00,8.62,0.00,0.00,0.00,84.88,0.01,0.00,0.00,0.20,0.48,0.00
261,1.00,0.00,4.70,0.75,0.10,0.02,0.38,11.43,0.00,0.00,11.86,58.09,2.03,9.59,0.02,0.04,0.00
262,5.81,0.00,10.78,2.31,0.61,0.31,0.25,9.15,2.36,1.55,31.69,3.63,25.46,3.34,2.66,0.10,0.00
263,0.00,0.00,0.00,0.00,0.00,0.00,40.25,0.00,0.00,0.00,59.74,0.00,0.00,0.00,0.00,0.00,0.00
264,0.00,0.00,0.17,0.02,0.00,0.00,0.01,0.00,0.35,0.00,98.36,0.97,0.00,0.00,0.10,0.01,0.00
265,0.03,0.00,0.23,0.06,0.01,0.00,0.53,0.00,24.89,0.00,34.62,38.98,0.00,0.00,0.00,0.64,0.00
266,0.44,0.00,6.40,0.28,0.06,0.04,0.06,5.38,7.89,0.01,23.93,30.80,10.73,12.65,1.32,0.00,0.00
267,0.02,0.00,0.32,0.20,0.02,0.00,0.08,0.00,0.70,0.00,73.93,24.45,0.11,0.10,0.08,0.00,0.00
268,0.00,0.00,0.20,0.14,0.00,0.00,1.13,0.00,0.00,0.00,96.39,2.10,0.00,0.00,0.05,0.00,0.00
269,0.00,0.00,0.52,0.01,0.00,0.00,0.00,0.06,0.48,0.00,60.49,38.43,0.00,0.00,0.00,0.00,0.00
270,0.00,0.00,0.16,0.00,0.00,0.00,0.00,0.00,0.00,0.00,28.93,70.91,0.00,0.00,0.00,0.00,0.00
271,0.68,0.00,6.06,1.36,0.50,0.16,0.01,15.80,0.04,0.00,0.00,55.00,4.92,15.47,0.00,0.02,0.00
272,0.00,0.00,0.30,0.00,0.00,0.00,0.11,0.00,0.00,0.00,98.81,0.66,0.00,0.03,0.04,0.04,0.00
273,0.00,0.00,0.00,0.00,0.00,0.00,0.00,0.00,0.00,0.00,71.88,27.55,0.00,0.00,0.00,0.00,0.58
274,0.00,0.00,0.13,0.20,0.03,0.00,12.50,0.00,1.63,0.00,85.43,0.06,0.00,0.00,0.02,0.00,0.00
275,0.08,0.00,1.97,4.22,2.70,0.37,2.65,0.02,3.79,0.16,64.09,0.29,7.16,12.36,0.11,0.04,0.00
276,0.00,0.00,0.51,0.42,0.01,0.00,0.47,0.00,0.00,0.00,98.56,0.00,0.02,0.00,0.01,0.00,0.00
277,0.00,0.00,0.22,0.32,0.04,0.00,9.58,0.00,0.53,0.00,89.14,0.05,0.01,0.07,0.05,0.00,0.00
278,2.71,0.00,3.58,0.21,0.02,0.00,0.05,0.00,0.00,0.00,0.76,58.04,0.00,34.19,0.41,0.04,0.00
279,0.96,0.00,6.38,3.57,3.27,0.20,0.05,0.00,2.42,0.73,77.02,4.38,0.01,0.00,0.92,0.09,0.00
280,0.43,0.00,3.02,0.10,0.00,0.00,0.01,0.25,0.00,0.00,0.00,12.00,0.64,83.54,0.00,0.00,0.00
281,0.02,0.00,1.52,0.30,0.11,0.01,4.57,0.00,0.86,0.00,90.78,0.10,0.00,1.58,0.11,0.03,0.00
282,5.17,0.00,0.46,0.18,0.00,0.00,4.82,0.00,0.00,0.00,89.36,0.00,0.00,0.00,0.00,0.00,0.00
283,0.36,0.00,1.99,2.14,1.57,0.33,0.13,0.24,17.93,0.00,47.11,21.13,4.10,0.99,1.97,0.00,0.00
284,1.46,0.00,3.96,0.55,0.10,0.02,0.01,1.56,0.00,0.00,0.02,43.06,0.12,48.78,0.35,0.01,0.00
285,0.00,0.00,0.98,0.15,0.01,0.00,0.25,0.00,0.00,0.00,32.92,61.52,0.00,3.40,0.76,0.01,0.00
286,0.00,0.00,0.00,0.00,0.00,0.00,35.30,0.00,0.00,0.00,64.68,0.02,0.00,0.00,0.00,0.00,0.00
287,0.48,0.00,4.56,1.88,1.16,0.17,0.24,0.00,1.59,0.00,49.68,18.08,5.58,14.88,1.70,0.00,0.00
288,0.01,0.00,0.63,0.01,0.00,0.00,0.00,0.33,43.45,0.00,19.35,34.37,0.00,0.72,0.12,1.01,0.00
289,0.54,0.00,4.49,0.70,0.15,0.04,0.01,5.11,0.01,0.00,0.00,46.56,0.33,42.05,0.00,0.01,0.00
290,0.00,0.00,0.00,0.00,0.00,0.00,1.72,0.00,30.70,0.00,66.77,0.81,0.00,0.00,0.00,0.00,0.00
291,0.03,0.00,5.39,0.54,0.25,0.01,0.06,0.00,10.51,4.74,34.24,29.66,2.87,10.02,0.41,1.26,0.00
292,0.01,0.00,0.33,0.01,0.00,0.00,0.38,2.15,29.88,0.00,63.52,3.26,0.14,0.01,0.30,0.00,0.00
293,0.04,0.00,0.37,0.07,0.00,0.00,0.01,3.92,36.60,0.37,44.08,11.73,1.06,0.05,1.13,0.57,0.00
294,1.76,0.00,8.11,6.59,3.76,1.98,0.50,0.34,0.02,0.00,17.41,42.21,0.32,16.75,0.01,0.23,0.00
295,0.09,0.00,2.37,0.42,0.08,0.01,0.28,0.01,0.15,0.01,82.68,10.24,0.05,0.04,3.43,0.14,0.00
296,0.00,0.00,0.41,0.11,0.01,0.00,10.90,0.00,0.04,0.00,83.47,3.52,0.00,1.53,0.00,0.00,0.00
297,0.00,0.00,0.17,0.10,0.00,0.00,8.41,0.00,0.00,0.00,91.31,0.00,0.00,0.00,0.00,0.00,0.00
298,0.00,0.00,2.37,0.20,0.00,0.00,0.04,0.00,0.28,0.00,95.83,0.09,0.13,0.78,0.28,0.00,0.00
299,0.25,0.00,7.29,0.34,0.06,0.03,0.02,0.15,0.03,0.01,27.56,4.62,1.09,58.44,0.04,0.07,0.00
300,0.00,0.00,2.13,0.11,0.00,0.00,0.06,0.00,0.00,0.00,16.94,71.72,0.00,9.04,0.00,0.00,0.00
301,0.03,0.00,1.33,0.26,0.16,0.01,0.01,12.54,15.66,0.01,69.24,0.65,0.03,0.07,0.00,0.00,0.00
302,0.00,0.00,0.62,0.02,0.00,0.00,0.01,0.00,0.00,0.00,94.67,4.41,0.00,0.00,0.26,0.00,0.00
303,0.48,0.00,0.29,0.70,0.10,0.01,16.81,0.00,0.01,0.00,74.28,0.03,1.58,5.30,0.25,0.15,0.00
304,0.36,0.00,9.61,5.95,3.83,0.26,3.72,0.00,4.20,12.72,19.34,25.74,2.26,10.55,0.66,0.80,0.00
305,0.09,0.00,1.33,2.63,0.57,0.08,1.64,0.00,0.00,0.01,61.92,0.05,17.65,13.75,0.18,0.08,0.00
306,0.00,0.00,0.00,0.00,0.00,0.00,0.29,0.00,0.03,0.00,86.72,12.95,0.00,0.00,0.00,0.02,0.00
307,0.14,0.00,1.48,0.19,0.04,0.01,0.02,0.01,1.56,0.00,7.00,68.30,0.00,19.91,0.68,0.66,0.00
308,0.00,0.00,3.52,0.03,0.00,0.00,0.01,0.00,0.00,0.00,0.11,71.85,0.00,24.43,0.03,0.02,0.00
309,0.68,0.00,4.07,0.93,0.21,0.07,0.02,3.04,1.35,0.03,0.00,28.84,0.27,60.49,0.00,0.00,0.00
310,0.34,0.00,1.52,0.10,0.02,0.01,1.13,0.00,0.00,0.00,92.41,4.40,0.00,0.00,0.07,0.01,0.00
311,0.00,0.00,6.80,0.84,0.13,0.02,0.25,0.01,0.00,0.00,33.95,11.26,0.00,46.72,0.00,0.00,0.00
312,5.52,0.00,6.00,7.97,5.88,1.56,9.22,1.25,0.06,0.12,10.51,7.71,5.65,15.70,8.92,13.95,0.00
313,0.00,0.00,2.05,0.98,0.02,0.00,0.09,0.02,3.59,0.00,90.85,2.34,0.00,0.00,0.04,0.00,0.00
314,0.00,0.00,0.92,0.14,0.00,0.00,0.29,0.00,0.00,0.00,96.66,0.17,0.02,0.08,1.72,0.00,0.00
315,0.00,0.00,0.18,0.09,0.02,0.00,40.68,0.00,0.00,0.00,59.02,0.00,0.00,0.00,0.00,0.00,0.00
316,0.24,0.00,0.00,0.00,0.00,0.00,2.52,0.00,0.98,0.00,77.06,19.13,0.01,0.00,0.06,0.00,0.00
317,0.00,0.00,0.00,0.00,0.00,0.00,0.58,0.00,1.65,0.00,92.19,5.58,0.00,0.00,0.00,0.00,0.00
318,0.00,0.00,0.46,0.64,0.11,0.00,0.05,0.00,0.68,0.00,95.84,0.00,1.21,0.77,0.19,0.05,0.00
319,0.08,0.00,0.46,0.27,0.01,0.00,0.11,0.00,7.84,0.00,88.68,0.04,0.02,1.22,1.26,0.00,0.00
320,0.50,0.00,0.12,0.07,0.00,0.00,0.00,4.47,61.09,0.01,22.15,10.24,0.15,0.00,1.20,0.01,0.00
321,0.00,0.00,0.00,0.00,0.00,0.00,0.98,0.00,0.85,0.01,94.23,3.06,0.00,0.00,0.77,0.00,0.09
322,0.39,0.00,4.00,0.48,0.08,0.02,0.02,0.77,0.15,0.00,0.00,39.33,0.10,54.35,0.23,0.08,0.00
323,0.11,0.00,2.19,2.69,0.37,0.01,0.60,0.00,0.10,0.00,67.91,14.60,9.55,0.00,1.68,0.19,0.00
324,0.00,0.00,0.11,0.06,0.00,0.00,0.05,0.00,1.21,0.00,93.81,4.43,0.00,0.00,0.32,0.00,0.00
325,0.02,0.00,0.67,0.04,0.00,0.00,1.00,0.00,0.27,0.00,32.65,62.01,0.00,3.25,0.02,0.06,0.00
326,0.15,0.00,5.87,0.73,0.22,0.08,0.02,6.54,1.67,0.71,13.89,2.51,58.07,6.84,2.57,0.12,0.00
327,0.00,0.00,0.69,0.12,0.04,0.00,0.63,0.00,0.00,0.00,94.12,4.34,0.00,0.02,0.01,0.02,0.00
328,0.33,0.00,5.14,0.53,0.12,0.04,0.08,13.93,2.74,6.97,26.31,2.35,34.78,2.03,4.50,0.15,0.00
329,0.14,0.00,4.33,1.29,0.73,0.10,0.17,0.00,0.80,0.77,82.32,7.78,0.02,0.76,0.54,0.24,0.00
330,0.03,0.00,1.15,0.44,0.02,0.01,0.08,0.00,0.71,0.00,94.51,0.00,0.00,2.70,0.34,0.00,0.00
331,0.26,0.00,5.61,0.57,0.10,0.04,0.05,4.00,32.28,0.00,39.76,16.31,0.45,0.50,0.07,0.00,0.00
332,0.31,0.00,4.67,0.07,0.01,0.00,0.34,0.00,1.29,0.06,65.02,21.72,3.84,0.82,0.63,1.20,0.00
333,0.04,0.00,0.69,0.06,0.00,0.00,0.09,0.00,0.00,0.00,11.97,77.10,0.35,9.47,0.07,0.15,0.00
334,0.84,0.00,0.43,0.02,0.00,0.00,0.03,0.20,41.53,0.00,16.53,39.10,0.05,0.34,0.68,0.25,0.00
335,0.25,0.00,0.95,0.45,0.18,0.03,2.68,0.00,4.26,0.00,89.62,0.00,0.10,0.08,1.39,0.01,0.00
336,0.00,0.00,0.27,0.21,0.00,0.00,1.59,0.00,0.01,0.00,97.92,0.00,0.00,0.00,0.00,0.00,0.00
337,0.59,0.00,7.97,13.08,4.47,2.74,0.08,0.27,0.03,0.00,1.58,17.70,0.00,51.40,0.02,0.06,0.00
338,0.00,0.00,0.26,0.06,0.00,0.00,0.10,2.11,15.98,0.00,80.37,0.88,0.02,0.00,0.20,0.02,0.00
339,0.00,0.00,0.00,0.00,0.00,0.00,0.00,0.00,0.09,0.00,63.49,36.41,0.00,0.00,0.00,0.00,0.00
340,0.76,0.00,5.62,0.26,0.04,0.01,0.00,2.87,1.94,0.00,67.77,16.49,0.17,3.93,0.15,0.00,0.00
341,0.25,0.00,0.50,0.31,0.07,0.01,1.75,0.00,9.65,0.03,85.59,1.54,0.00,0.00,0.19,0.09,0.00
342,0.99,0.00,5.30,0.63,0.30,0.13,0.08,15.47,0.96,0.00,10.54,63.81,0.08,1.61,0.09,0.00,0.00
343,0.09,0.00,3.45,0.13,0.03,0.01,0.02,6.25,8.82,0.00,44.63,31.25,2.26,2.70,0.36,0.00,0.00
344,0.14,0.00,2.95,1.54,0.36,0.08,1.49,0.08,0.76,0.01,12.04,12.16,4.24,55.35,2.55,6.27,0.00
345,0.11,0.00,1.82,3.00,0.59,0.05,0.06,0.93,0.03,0.03,49.68,3.35,30.37,9.13,0.74,0.10,0.00
346,3.27,0.00,0.38,0.25,0.01,0.00,0.03,0.00,3.87,0.00,89.82,0.00,0.07,0.05,1.94,0.30,0.00
347,0.02,0.00,0.15,0.00,0.00,0.00,0.11,0.00,63.16,0.00,21.07,15.47,0.00,0.00,0.00,0.01,0.00
348,0.00,0.00,0.00,0.00,0.00,0.00,0.00,0.10,16.96,0.05,62.81,19.85,0.02,0.18,0.02,0.01,0.00
349,0.04,0.00,0.92,0.29,0.03,0.00,0.21,0.00,0.00,0.00,89.80,6.15,0.30,1.64,0.22,0.39,0.00
350,0.11,0.00,0.18,0.18,0.01,0.00,0.14,0.00,68.66,0.00,14.63,16.06,0.00,0.00,0.00,0.02,0.00
351,0.00,0.00,1.94,0.21,0.03,0.00,0.26,0.02,0.44,0.00,83.48,6.20,5.27,2.01,0.14,0.00,0.00
352,0.30,0.00,10.81,5.32,6.04,0.48,6.39,0.00,0.45,0.73,21.12,28.66,16.43,3.05,0.08,0.12,0.00
353,0.01,0.00,0.73,0.05,0.00,0.00,0.36,0.89,22.74,0.00,60.54,12.25,2.07,0.07,0.29,0.00,0.00
354,0.01,0.00,0.03,0.03,0.00,0.00,0.03,0.00,0.00,0.00,75.53,24.24,0.00,0.06,0.06,0.00,0.00
355,0.64,0.00,4.69,1.29,0.25,0.04,0.02,0.21,0.00,0.00,2.68,45.29,0.00,44.17,0.00,0.70,0.00
356,0.00,0.00,0.22,0.01,0.00,0.00,0.14,0.00,2.68,0.00,95.99,0.67,0.03,0.00,0.07,0.17,0.00
357,0.19,0.00,7.57,1.43,0.63,0.31,0.45,13.56,27.84,0.00,18.24,29.22,0.00,0.08,0.48,0.00,0.00
358,1.44,0.00,4.59,0.69,0.19,0.07,0.26,11.64,17.05,0.02,0.63,50.60,5.00,4.61,3.09,0.11,0.00
359,0.00,0.00,4.05,0.03,0.01,0.00,11.40,0.00,0.00,0.04,14.19,65.57,0.14,4.46,0.00,0.11,0.00
360,0.24,0.01,0.98,0.56,0.08,0.00,0.02,5.75,13.08,1.44,31.58,27.64,13.80,0.00,2.46,2.38,0.00
361,1.44,0.00,0.02,0.02,0.00,0.00,0.40,0.12,0.00,0.00,95.33,0.07,0.30,0.00,1.85,0.44,0.00
362,0.00,0.00,0.42,0.07,0.00,0.00,0.21,0.02,13.31,0.16,85.68,0.12,0.00,0.00,0.00,0.00,0.00
363,2.20,0.00,3.06,2.32,1.32,0.77,0.63,10.36,15.12,0.01,23.26,39.50,0.11,0.04,1.31,0.00,0.00
364,0.03,0.00,0.10,0.02,0.00,0.00,0.09,0.00,33.92,0.00,65.77,0.02,0.01,0.00,0.03,0.02,0.00
365,0.01,0.00,0.38,0.01,0.00,0.00,0.01,0.01,15.49,0.00,29.42,54.60,0.00,0.00,0.02,0.04,0.00
366,0.67,0.00,4.80,0.08,0.01,0.00,0.36,0.45,0.81,0.01,15.35,27.59,0.00,48.41,0.01,1.44,0.00
367,0.00,0.00,0.27,0.01,0.00,0.00,0.24,0.00,0.14,0.00,93.76,5.46,0.00,0.09,0.00,0.02,0.00
368,0.19,0.00,7.26,1.28,0.45,0.10,8.54,0.00,0.00,0.00,0.49,32.91,0.11,48.65,0.00,0.00,0.00
369,0.12,0.00,1.88,2.16,0.48,0.03,0.18,0.59,0.03,0.08,35.64,5.72,35.28,16.15,1.57,0.09,0.00
370,5.22,0.00,3.43,0.73,0.07,0.01,5.48,1.11,0.01,0.00,0.29,34.25,0.18,47.12,1.14,0.94,0.00
371,0.00,0.00,0.60,0.12,0.05,0.00,0.03,0.07,1.20,0.00,97.56,0.00,0.00,0.00,0.37,0.00,0.00
372,0.53,0.00,5.93,0.18,0.04,0.02,0.00,1.85,6.15,0.01,49.53,28.77,1.93,5.03,0.02,0.00,0.00
373,0.03,0.00,0.90,0.02,0.00,0.00,0.08,0.00,0.08,0.00,5.77,89.29,0.69,2.19,0.16,0.78,0.00
374,0.08,0.00,0.46,0.35,0.06,0.00,0.03,0.00,19.37,0.00,78.68,0.00,0.06,0.06,0.81,0.05,0.00
375,1.64,0.00,3.59,0.75,0.11,0.03,0.02,2.33,0.00,0.02,0.00,47.59,0.14,43.22,0.53,0.03,0.00
376,0.01,0.00,0.13,0.01,0.00,0.00,0.01,4.73,70.65,0.27,5.09,17.14,0.31,0.01,1.33,0.30,0.00
377,0.28,0.00,4.88,0.82,0.20,0.05,0.02,1.83,0.05,0.00,0.00,23.87,0.13,67.86,0.00,0.00,0.00
378,0.00,0.00,0.71,0.12,0.01,0.00,0.09,0.00,7.54,0.18,89.84,1.22,0.01,0.05,0.13,0.10,0.00
379,0.00,0.00,0.07,0.01,0.00,0.00,0.13,0.69,88.41,0.00,9.02,1.48,0.00,0.00,0.15,0.03,0.00
380,5.74,0.00,4.03,0.71,0.09,0.01,0.01,2.39,0.00,0.01,0.00,41.70,0.31,44.47,0.51,0.01,0.00
381,0.22,0.00,3.90,0.65,0.06,0.01,0.10,0.01,0.00,0.00,7.37,33.71,0.00,53.80,0.03,0.14,0.00
382,0.03,0.00,0.00,0.00,0.00,0.00,0.01,0.00,28.26,0.00,71.49,0.20,0.00,0.00,0.00,0.00,0.00
383,0.00,0.00,3.55,0.09,0.01,0.00,0.03,0.02,0.00,0.00,4.63,65.76,3.66,22.22,0.00,0.02,0.00
384,0.00,0.00,0.34,0.01,0.00,0.00,2.03,0.00,0.00,0.00,97.60,0.01,0.00,0.00,0.00,0.00,0.00
385,0.06,0.00,0.20,0.00,0.00,0.00,0.25,14.27,35.93,1.06,4.83,38.52,0.59,0.00,2.90,1.39,0.00
386,0.04,0.00,2.86,0.61,0.08,0.00,0.14,0.03,0.00,0.00,90.10,0.51,0.00,5.08,0.03,0.53,0.00
387,0.21,0.00,5.18,1.22,0.23,0.12,0.11,0.04,0.01,2.60,26.04,2.87,0.00,59.68,1.69,0.01,0.00
388,0.09,0.00,0.31,0.01,0.00,0.00,0.03,0.00,71.00,0.00,28.15,0.37,0.00,0.00,0.03,0.02,0.00
389,0.10,0.00,1.03,0.24,0.01,0.00,9.39,15.96,42.12,3.09,0.46,26.18,0.01,0.00,1.40,0.01,0.00
390,0.01,0.00,0.05,0.00,0.00,0.00,0.00,0.00,26.57,0.00,72.07,1.30,0.00,0.00,0.00,0.00,0.00
391,0.19,0.00,5.11,0.60,0.15,0.05,0.02,0.03,0.00,0.00,0.09,55.40,0.00,37.84,0.00,0.53,0.00
392,0.00,0.00,0.00,0.00,0.00,0.00,1.03,0.00,0.00,0.00,98.95,0.02,0.00,0.00,0.00,0.00,0.00
393,0.00,0.00,2.02,0.02,0.00,0.00,0.09,0.00,0.00,0.00,55.48,36.86,0.00,5.53,0.00,0.00,0.00
394,0.02,0.00,0.58,0.13,0.00,0.00,0.23,4.26,66.45,0.91,4.94,20.57,0.06,0.00,0.60,1.26,0.00
395,3.13,0.00,4.69,0.61,0.10,0.01,0.21,6.58,47.78,0.01,22.72,10.93,0.04,3.07,0.12,0.00,0.00
396,99.68,0.00,0.02,0.01,0.02,0.00,0.14,0.00,0.00,0.00,0.11,0.00,0.00,0.00,0.01,0.02,0.00
397,0.04,0.00,0.00,0.00,0.00,0.00,5.16,11.49,62.92,7.50,0.51,9.26,0.20,0.00,2.68,0.23,0.00
398,0.00,0.00,0.61,0.16,0.02,0.00,0.20,0.00,0.00,0.00,97.14,1.40,0.12,0.34,0.02,0.00,0.00
399,0.00,0.00,0.75,0.10,0.01,0.00,4.99,0.00,0.00,0.00,93.40,0.63,0.00,0.12,0.00,0.00,0.00
400,0.00,0.00,0.27,0.00,0.00,0.00,0.12,0.00,18.55,24.71,52.15,3.95,0.01,0.01,0.16,0.06,0.00
401,0.25,0.00,4.07,0.57,0.20,0.05,0.00,2.74,1.17,0.00,42.47,47.07,0.00,1.41,0.00,0.00,0.00
402,0.06,0.00,0.58,0.07,0.01,0.00,0.26,2.31,57.59,0.24,6.82,28.59,2.14,0.11,0.38,0.86,0.00
403,0.00,0.00,1.27,0.09,0.03,0.00,0.06,0.00,0.00,0.00,5.60,87.18,0.00,5.75,0.01,0.00,0.00
404,0.34,0.00,0.71,0.30,0.01,0.01,0.17,0.00,0.23,0.00,85.56,10.42,0.10,2.08,0.05,0.01,0.00
405,0.02,0.00,3.64,2.29,1.51,0.47,0.43,0.01,0.01,0.02,80.15,5.95,0.00,4.00,0.85,0.64,0.00
406,0.39,0.00,4.69,2.53,0.37,0.02,0.73,0.31,0.05,0.25,29.06,4.12,22.00,33.34,1.70,0.37,0.07
407,0.00,0.00,0.14,0.02,0.00,0.00,0.00,0.02,5.38,0.00,89.29,4.94,0.00,0.11,0.09,0.00,0.00
408,0.13,0.00,5.42,1.29,0.47,0.15,0.32,1.46,0.00,0.00,32.39,3.26,30.94,20.71,2.86,0.59,0.00
409,0.00,0.00,4.16,4.98,5.26,2.71,11.47,0.00,0.23,0.00,70.78,0.40,0.00,0.00,0.00,0.00,0.00
410,0.15,0.00,0.13,0.31,0.03,0.00,0.09,0.15,0.05,0.00,94.86,0.00,0.00,0.28,3.66,0.06,0.22
411,1.18,0.00,3.93,1.38,0.25,0.05,0.10,4.22,0.00,0.10,0.03,45.86,2.20,38.81,1.86,0.02,0.00
412,1.63,0.00,0.46,0.03,0.00,0.00,2.16,0.00,0.04,0.95,34.98,59.61,0.13,0.00,0.00,0.01,0.00
413,0.03,0.00,0.04,0.06,0.03,0.01,0.42,0.00,0.15,0.00,63.52,35.55,0.00,0.00,0.01,0.18,0.00
414,0.68,0.00,3.12,0.82,0.12,0.02,3.33,1.09,3.35,0.05,28.72,19.88,20.06,10.19,5.46,3.12,0.00
415,0.00,0.00,0.39,0.02,0.00,0.00,7.96,0.00,1.81,0.00,70.95,18.78,0.01,0.00,0.06,0.00,0.00
416,0.38,0.00,5.71,0.32,0.16,0.04,0.03,5.12,1.83,0.02,1.52,30.01,27.80,25.04,1.95,0.07,0.00
417,0.03,0.00,4.53,0.35,0.05,0.01,0.27,0.02,0.00,0.00,21.43,45.74,2.95,22.89,0.77,0.95,0.00
418,1.01,0.00,4.73,0.94,0.42,0.19,0.03,6.49,1.50,0.00,0.11,55.77,0.32,28.36,0.00,0.15,0.00
419,0.03,0.00,1.97,0.13,0.00,0.00,0.02,0.00,0.00,0.00,0.53,82.84,0.00,14.37,0.08,0.02,0.00
420,0.64,0.00,4.14,1.59,0.34,0.11,0.01,1.59,0.00,0.00,0.00,23.89,0.72,65.65,1.22,0.09,0.00
421,0.62,0.00,2.05,2.64,0.86,0.09,0.31,0.04,0.03,0.00,77.48,12.67,0.40,0.73,1.61,0.48,0.00
422,16.88,0.00,1.60,2.26,0.65,0.07,0.03,0.37,0.01,0.05,53.52,5.50,13.30,2.36,0.88,2.51,0.00
423,0.00,0.00,0.37,0.00,0.00,0.00,48.56,0.00,0.02,0.00,32.52,16.43,0.01,0.00,2.09,0.00,0.00
424,0.00,0.00,0.63,0.04,0.00,0.00,6.53,0.00,0.73,0.00,90.42,0.80,0.17,0.68,0.00,0.00,0.00
425,0.01,0.00,0.41,0.20,0.03,0.00,0.03,0.00,32.53,0.00,33.50,33.26,0.00,0.02,0.00,0.00,0.00
426,0.01,0.00,0.68,0.02,0.00,0.00,0.07,0.00,0.00,0.00,19.98,69.06,0.00,10.16,0.00,0.03,0.00
427,0.35,0.00,4.71,0.37,0.06,0.01,0.00,0.04,0.00,0.00,0.13,62.43,0.00,31.27,0.01,0.61,0.00
428,0.00,0.00,0.30,0.00,0.00,0.00,0.07,0.00,0.90,0.00,63.53,34.81,0.01,0.08,0.28,0.01,0.00
429,0.03,0.00,2.19,1.03,0.18,0.01,0.08,0.02,49.09,0.00,45.37,2.00,0.00,0.00,0.00,0.00,0.00
430,0.15,0.00,0.00,0.00,0.00,0.00,3.46,16.26,50.78,1.30,0.29,24.52,0.13,0.00,2.81,0.30,0.00
431,0.18,0.00,1.92,1.87,0.57,0.24,0.25,0.05,0.00,0.00,43.42,49.66,0.00,1.82,0.01,0.03,0.00
432,0.10,0.00,3.04,0.13,0.01,0.01,0.18,0.20,0.02,0.18,56.20,23.79,0.00,15.81,0.02,0.31,0.00
433,1.19,0.00,6.32,3.49,7.86,2.33,1.24,0.00,0.71,0.03,58.72,16.63,0.11,0.04,1.23,0.13,0.00
434,0.05,0.00,0.72,0.56,0.11,0.04,7.61,0.00,0.00,0.00,80.54,2.30,0.06,7.98,0.00,0.01,0.01
435,0.97,0.00,4.22,4.79,6.80,2.77,0.90,0.02,0.07,0.02,60.36,10.50,5.19,0.29,2.46,0.55,0.08
436,0.21,0.00,1.13,0.37,0.03,0.00,0.20,0.00,0.00,0.00,46.91,43.83,0.00,7.24,0.02,0.05,0.00
437,12.78,0.00,2.04,1.52,0.50,0.04,1.75,0.00,0.00,0.00,0.00,27.90,2.60,50.53,0.02,0.32,0.00
