uniqid_eco4,NLCD01_11_eco4,NLCD01_12_eco4,NLCD01_21_eco4,NLCD01_22_eco4,NLCD01_23_eco4,NLCD01_24_eco4,NLCD01_31_eco4,NLCD01_41_eco4,NLCD01_42_eco4,NLCD01_43_eco4,NLCD01_52_eco4,NLCD01_71_eco4,NLCD01_81_eco4,NLCD01_82_eco4,NLCD01_90_eco4,NLCD01_95_eco4,NLCD01_9999_eco4
1,3.82,0.00,2.34,0.99,0.38,0.09,0.09,0.07,6.36,0.01,64.47,5.19,2.31,11.45,0.17,2.25,0.00
2,0.02,0.00,2.85,0.27,0.06,0.01,0.00,0.01,0.18,0.01,17.96,0.97,0.14,77.31,0.04,0.16,0.00
3,0.06,0.00,2.29,0.23,0.07,0.01,0.03,0.02,0.27,0.03,56.58,2.20,1.34,36.51,0.07,0.29,0.00
4,1.20,0.00,2.35,0.34,0.04,0.00,0.00,0.03,0.38,0.00,56.76,2.78,1.58,34.02,0.01,0.49,0.00
5,4.59,0.00,4.03,2.67,1.09,0.12,0.01,0.07,0.05,0.01,36.41,2.84,3.88,42.44,0.79,1.00,0.00
6,1.32,0.00,2.91,0.93,0.28,0.03,0.00,0.20,2.63,0.06,15.14,29.33,0.83,46.13,0.09,0.14,0.00
7,0.07,0.00,1.57,0.56,0.14,0.02,0.03,0.11,1.94,0.02,66.30,6.40,2.18,20.36,0.18,0.12,0.00
8,0.00,0.00,3.70,0.70,0.20,0.03,0.00,0.12,3.80,0.01,2.06,1.25,0.06,87.79,0.05,0.21,0.00
9,0.00,0.00,3.74,0.49,0.08,0.01,0.00,0.03,5.68,0.10,5.52,5.82,0.30,77.57,0.04,0.60,0.00
10,0.02,0.00,3.05,0.28,0.04,0.00,0.04,0.02,11.21,0.01,2.61,14.60,0.11,67.97,0.02,0.03,0.00
11,1.27,0.00,0.45,0.04,0.01,0.00,1.38,0.02,1.18,0.01,93.26,1.04,0.20,0.81,0.07,0.26,0.00
12,4.32,0.00,1.64,0.83,0.48,0.09,0.05,0.13,4.34,0.03,24.94,54.40,0.24,8.25,0.13,0.13,0.00
13,3.16,0.00,2.69,1.58,0.40,0.07,0.12,0.12,6.14,0.02,65.02,11.59,6.37,1.59,0.47,0.66,0.02
14,0.00,0.00,0.63,0.08,0.02,0.00,0.00,0.01,8.01,0.00,74.25,10.49,1.12,4.79,0.31,0.28,0.00
15,0.25,0.00,0.77,0.12,0.01,0.00,0.06,0.00,7.61,0.00,88.39,0.70,0.76,0.28,0.05,1.00,0.00
16,0.02,0.00,0.24,0.00,0.00,0.00,0.00,0.00,69.43,0.00,29.24,0.50,0.13,0.06,0.05,0.32,0.00
17,0.02,0.00,0.72,0.13,0.02,0.00,0.00,0.00,62.36,0.00,28.94,5.94,0.04,1.53,0.07,0.21,0.00
18,0.19,0.00,0.40,0.04,0.00,0.00,0.00,0.00,73.43,0.00,23.62,1.85,0.02,0.01,0.01,0.41,0.00
19,0.35,0.00,0.28,0.05,0.00,0.00,0.04,0.00,80.17,0.04,12.06,6.70,0.00,0.26,0.00,0.03,0.00
20,0.09,0.00,0.53,0.09,0.00,0.00,0.00,0.00,74.20,0.02,12.59,11.99,0.10,0.32,0.03,0.03,0.00
21,0.75,0.00,0.24,0.11,0.03,0.00,0.03,0.01,31.02,0.00,24.56,41.72,0.16,1.20,0.15,0.03,0.00
22,0.01,0.00,0.21,0.00,0.00,0.00,0.00,0.00,74.84,0.00,23.50,0.99,0.00,0.00,0.00,0.44,0.00
23,0.57,0.00,0.60,0.09,0.02,0.00,0.02,0.00,7.14,0.00,83.69,4.90,0.97,1.56,0.13,0.31,0.00
24,0.25,0.00,2.81,1.21,0.26,0.02,0.05,0.00,5.33,0.00,22.54,27.31,0.26,39.60,0.11,0.23,0.00
25,0.04,0.00,0.39,0.09,0.00,0.00,0.13,0.00,86.05,0.01,8.94,4.06,0.03,0.11,0.00,0.14,0.00
26,0.33,0.03,0.05,0.01,0.00,0.00,12.15,0.00,58.17,0.00,15.41,13.77,0.00,0.00,0.00,0.07,0.00
27,0.54,0.00,3.93,2.55,0.40,0.06,0.17,0.00,2.13,0.00,75.01,0.86,0.04,13.93,0.36,0.01,0.00
28,0.47,0.00,1.61,0.07,0.01,0.00,0.01,0.00,12.05,0.00,71.53,1.84,0.61,0.06,0.26,11.49,0.00
29,2.54,0.00,8.75,4.28,0.88,0.07,0.00,0.00,0.01,0.00,5.24,12.33,10.62,54.66,0.23,0.39,0.00
30,0.00,0.00,0.33,0.10,0.03,0.00,69.16,0.00,0.07,0.00,26.85,1.11,0.08,2.23,0.02,0.01,0.00
31,1.07,0.00,2.41,1.22,0.23,0.03,0.16,0.00,0.39,0.00,28.53,50.67,5.42,6.98,1.42,1.46,0.00
32,0.40,0.00,3.28,0.29,0.02,0.01,0.00,1.10,3.13,0.09,15.64,8.96,1.57,62.22,2.13,1.16,0.00
33,6.16,0.00,6.22,2.84,1.02,0.13,0.06,0.00,0.01,0.00,3.87,1.37,5.54,65.04,7.37,0.38,0.00
34,0.65,0.00,0.44,0.15,0.03,0.00,0.02,0.16,3.89,0.00,74.52,15.51,1.47,2.88,0.20,0.09,0.00
35,0.38,0.00,1.64,0.21,0.04,0.00,0.82,0.02,0.59,0.00,64.18,15.12,2.11,14.45,0.09,0.34,0.00
36,0.40,0.00,1.79,0.48,0.24,0.06,0.00,0.00,0.02,0.00,41.73,44.53,2.93,7.74,0.04,0.03,0.00
37,0.95,0.00,5.95,2.02,0.57,0.11,0.00,0.00,0.00,0.00,4.75,5.84,16.28,63.41,0.11,0.01,0.00
38,0.61,0.00,1.26,0.22,0.03,0.00,0.02,0.00,0.10,0.00,42.24,46.67,2.48,6.24,0.07,0.06,0.00
39,25.66,0.00,0.10,0.12,0.04,0.03,59.72,0.00,0.00,0.00,13.14,0.12,0.38,0.02,0.02,0.65,0.00
40,1.08,0.00,1.61,2.74,1.76,0.69,0.18,0.02,1.63,0.00,77.45,7.08,3.19,1.15,0.42,1.00,0.00
41,0.03,0.00,2.75,0.55,0.08,0.03,0.00,0.00,1.94,0.00,31.78,49.77,6.62,1.39,0.00,5.06,0.00
42,0.22,0.00,2.49,0.73,0.05,0.00,2.80,0.04,0.41,0.01,83.37,1.46,3.09,2.58,0.42,2.34,0.00
43,22.74,0.00,0.38,0.37,0.03,0.00,1.37,0.01,0.32,0.00,71.85,2.30,0.24,0.00,0.29,0.11,0.00
44,0.07,0.00,0.80,0.06,0.00,0.00,0.58,0.00,0.49,0.00,92.79,4.18,0.60,0.11,0.12,0.21,0.00
45,0.21,0.00,0.47,0.28,0.09,0.04,4.53,0.00,0.04,0.00,80.32,10.54,2.37,0.67,0.08,0.35,0.00
46,0.90,0.00,0.97,0.60,0.23,0.03,0.50,0.07,3.30,0.00,73.81,12.48,5.20,1.67,0.11,0.14,0.00
47,0.01,0.00,0.25,0.12,0.05,0.00,0.17,0.98,56.03,0.04,40.33,1.74,0.16,0.01,0.12,0.01,0.00
48,0.00,0.07,0.01,0.00,0.00,0.00,3.66,2.61,61.99,1.45,21.67,8.52,0.00,0.00,0.02,0.00,0.00
49,10.04,0.00,9.09,19.14,14.17,5.43,0.11,0.28,0.36,0.00,5.64,1.50,19.46,10.77,1.93,2.08,0.00
50,12.75,0.00,0.28,0.24,0.03,0.01,31.86,0.00,0.04,0.00,21.58,0.37,4.74,1.19,0.43,26.46,0.00
51,8.73,0.00,0.25,0.17,0.01,0.00,50.19,0.00,0.00,0.00,39.36,0.34,0.44,0.12,0.10,0.28,0.00
52,0.64,0.00,5.29,2.43,0.57,0.19,0.25,0.55,0.42,0.00,11.74,6.60,23.36,44.23,1.03,2.68,0.00
53,0.92,0.00,0.69,0.54,0.07,0.01,5.91,0.00,0.00,0.00,85.86,1.97,1.42,1.72,0.54,0.36,0.00
54,0.05,0.00,0.11,0.01,0.00,0.00,0.56,0.00,1.26,0.00,86.09,11.46,0.25,0.08,0.13,0.01,0.00
55,0.00,0.00,0.02,0.00,0.00,0.00,0.25,0.33,23.76,0.01,69.42,6.03,0.00,0.00,0.19,0.00,0.00
56,0.16,0.00,0.94,0.18,0.03,0.00,0.47,0.05,0.31,0.00,84.72,8.78,2.41,0.22,1.72,0.02,0.00
57,0.01,0.00,0.39,0.07,0.00,0.00,0.04,23.55,6.02,0.09,57.37,5.99,3.96,0.00,1.14,1.38,0.00
58,0.26,0.00,0.04,0.00,0.00,0.00,1.21,12.92,14.03,1.11,42.73,27.29,0.00,0.00,0.40,0.01,0.00
59,0.01,0.00,0.44,0.13,0.02,0.00,0.10,0.01,4.12,0.00,90.07,3.18,1.48,0.09,0.09,0.27,0.00
60,0.00,0.00,0.11,0.03,0.00,0.00,0.18,0.21,62.44,0.01,33.39,3.58,0.01,0.00,0.03,0.00,0.00
61,0.00,0.00,0.22,0.02,0.00,0.00,0.09,0.00,3.06,0.00,91.34,4.78,0.33,0.01,0.12,0.01,0.00
62,0.00,0.00,0.06,0.00,0.00,0.00,0.00,0.07,64.18,0.01,31.90,3.67,0.01,0.00,0.10,0.00,0.00
63,0.00,0.00,0.03,0.00,0.00,0.00,0.06,2.67,39.35,0.54,54.37,2.86,0.00,0.00,0.11,0.00,0.00
64,0.01,0.00,0.37,0.15,0.01,0.00,1.12,0.00,0.02,0.00,97.08,0.67,0.34,0.21,0.01,0.02,0.00
65,0.00,0.00,0.12,0.01,0.00,0.00,0.13,0.00,2.60,0.00,95.30,1.83,0.00,0.00,0.00,0.00,0.00
66,0.00,0.00,0.09,0.01,0.00,0.00,0.01,0.00,55.37,0.00,35.28,9.23,0.00,0.00,0.00,0.00,0.00
67,0.01,0.00,0.22,0.08,0.01,0.00,0.22,0.10,35.99,0.01,60.25,2.96,0.02,0.00,0.07,0.07,0.00
68,0.00,0.00,0.05,0.00,0.00,0.00,1.76,0.51,27.11,0.28,55.77,14.48,0.00,0.00,0.03,0.00,0.00
69,0.03,0.00,1.04,0.33,0.05,0.00,1.80,0.00,0.00,0.00,76.96,11.87,4.07,1.41,2.43,0.01,0.00
70,0.02,0.00,1.32,1.08,0.89,0.35,7.05,0.00,0.04,0.01,87.59,1.45,0.04,0.09,0.06,0.00,0.00
71,0.05,0.00,0.17,0.09,0.01,0.00,1.42,0.00,0.94,0.01,96.56,0.73,0.02,0.00,0.01,0.00,0.00
72,0.00,0.00,0.06,0.07,0.01,0.00,0.02,0.06,51.23,0.28,45.91,2.36,0.00,0.00,0.00,0.00,0.00
73,0.00,0.00,0.00,0.00,0.00,0.00,0.13,0.62,78.91,3.05,15.73,1.56,0.00,0.00,0.00,0.00,0.00
74,10.78,0.00,0.79,1.08,0.41,0.07,3.46,0.00,0.01,0.01,80.13,0.22,0.56,0.92,1.36,0.20,0.00
75,0.60,0.00,0.41,0.37,0.04,0.00,72.04,0.00,0.00,0.00,26.17,0.12,0.04,0.11,0.07,0.02,0.00
76,0.02,0.00,0.78,1.17,0.13,0.01,5.64,0.00,0.01,0.00,91.56,0.20,0.13,0.23,0.11,0.00,0.00
77,0.00,0.00,0.30,0.24,0.02,0.00,22.70,0.00,0.00,0.00,76.67,0.01,0.03,0.04,0.00,0.00,0.00
78,0.00,0.00,0.24,0.35,0.08,0.00,35.37,0.00,0.00,0.00,63.79,0.13,0.00,0.00,0.03,0.00,0.00
79,0.11,0.00,3.25,1.67,0.68,0.10,8.03,0.00,0.03,0.01,79.97,3.99,1.23,0.76,0.12,0.04,0.00
80,0.00,0.00,0.34,0.08,0.01,0.00,1.14,0.00,0.09,0.00,98.05,0.28,0.00,0.00,0.00,0.00,0.00
81,0.00,0.00,0.00,0.00,0.00,0.00,0.05,0.00,25.89,0.11,72.86,1.07,0.00,0.00,0.00,0.00,0.00
82,0.00,0.00,0.00,0.00,0.00,0.00,0.09,0.21,76.78,1.82,19.84,1.26,0.00,0.00,0.00,0.00,0.00
83,0.00,0.00,0.19,0.19,0.02,0.00,29.14,0.00,0.05,0.00,70.32,0.09,0.00,0.00,0.00,0.00,0.00
84,0.00,0.00,0.12,0.03,0.00,0.00,73.00,0.00,0.00,0.00,26.78,0.05,0.00,0.00,0.02,0.00,0.00
85,0.89,0.00,0.00,0.00,0.00,0.00,11.14,0.00,1.81,0.00,85.19,0.92,0.00,0.00,0.05,0.00,0.00
86,0.49,0.00,0.43,0.26,0.13,0.00,0.04,0.09,78.09,0.00,15.63,3.81,0.42,0.09,0.22,0.30,0.00
87,1.56,0.00,2.78,1.88,0.14,0.01,0.05,0.00,1.91,0.00,11.88,47.07,25.00,7.43,0.16,0.13,0.00
88,20.31,0.00,4.27,2.44,0.60,0.10,0.00,0.28,7.63,0.00,2.75,16.93,23.05,17.94,3.42,0.26,0.00
89,1.37,0.00,2.03,1.80,0.51,0.06,0.00,0.51,17.72,0.01,57.03,7.50,7.41,3.11,0.62,0.35,0.00
90,0.47,0.00,0.44,0.22,0.06,0.00,0.01,0.24,42.37,0.00,6.70,47.84,1.09,0.26,0.27,0.03,0.00
91,0.03,0.00,3.67,0.38,0.03,0.01,0.00,0.49,16.75,0.02,11.68,7.46,0.03,59.12,0.13,0.20,0.00
92,0.42,0.00,0.26,0.20,0.03,0.00,0.00,0.02,37.13,0.00,49.53,11.13,0.13,0.16,0.63,0.31,0.03
93,0.48,0.08,0.00,0.00,0.00,0.00,0.31,0.00,70.29,0.00,21.14,7.65,0.01,0.00,0.00,0.02,0.00
94,0.05,0.00,0.02,0.01,0.01,0.00,0.01,0.01,82.87,0.03,16.39,0.33,0.01,0.01,0.10,0.16,0.00
95,2.66,0.00,2.36,0.51,0.12,0.02,0.15,0.61,43.17,0.07,16.57,23.96,0.03,9.44,0.16,0.19,0.00
96,1.33,0.00,0.30,0.22,0.04,0.00,0.01,0.02,85.63,0.00,10.22,1.22,0.24,0.06,0.15,0.56,0.00
97,1.33,0.00,0.30,0.23,0.07,0.00,0.07,0.15,78.00,0.00,16.37,2.31,0.30,0.09,0.33,0.45,0.00
98,3.05,0.00,2.89,2.04,0.28,0.04,0.02,0.96,40.26,0.00,10.57,6.01,0.08,30.62,1.79,1.39,0.01
99,0.01,0.00,0.87,0.27,0.02,0.00,0.00,0.02,61.03,0.00,29.97,3.66,0.01,3.42,0.35,0.38,0.00
100,0.40,0.00,0.27,0.23,0.18,0.03,0.10,0.07,86.30,0.02,10.56,0.66,0.09,0.00,0.47,0.62,0.00
101,0.32,0.00,0.16,0.07,0.02,0.01,0.03,0.04,72.05,0.02,26.31,0.45,0.01,0.00,0.16,0.35,0.00
102,0.68,0.00,0.39,0.17,0.02,0.00,0.03,0.11,88.18,0.01,8.55,0.87,0.08,0.03,0.47,0.39,0.01
103,3.10,0.00,0.67,0.53,0.12,0.01,0.03,0.35,65.51,0.00,17.58,8.30,1.15,1.33,0.70,0.61,0.01
104,1.89,0.00,5.19,9.31,5.14,0.87,0.02,0.02,38.81,0.00,16.23,10.17,1.29,9.94,0.29,0.83,0.00
105,4.59,0.00,1.75,0.92,0.20,0.02,0.46,2.48,72.57,0.06,6.17,2.16,3.52,1.04,3.11,0.95,0.00
106,14.12,0.00,0.73,0.91,0.21,0.03,0.05,0.22,66.38,0.01,8.32,3.80,0.93,0.88,2.13,1.30,0.00
107,4.19,0.00,1.06,0.68,0.10,0.01,0.01,0.07,64.60,0.01,18.93,3.83,0.08,5.65,0.30,0.49,0.00
108,0.98,0.00,0.15,0.20,0.01,0.00,0.05,0.01,86.57,0.00,9.04,2.38,0.05,0.01,0.14,0.41,0.00
109,0.04,0.00,0.30,0.09,0.01,0.00,0.00,0.13,79.97,0.00,16.46,2.55,0.03,0.01,0.31,0.09,0.03
110,0.57,0.00,0.11,0.07,0.01,0.00,0.01,0.10,90.79,0.00,7.24,0.75,0.05,0.03,0.18,0.09,0.01
111,0.09,0.00,0.10,0.04,0.01,0.00,0.01,0.01,76.74,0.00,9.50,12.85,0.16,0.19,0.27,0.03,0.00
112,0.06,0.00,0.07,0.03,0.01,0.00,0.01,0.00,89.00,0.00,8.24,2.38,0.02,0.00,0.11,0.06,0.00
113,0.24,0.00,0.45,0.05,0.00,0.00,0.00,0.12,82.77,0.35,14.92,1.01,0.00,0.00,0.04,0.03,0.00
114,0.06,0.10,0.20,0.18,0.04,0.01,0.09,0.05,46.55,0.00,37.68,14.17,0.12,0.03,0.26,0.47,0.00
115,0.31,0.02,0.01,0.00,0.00,0.00,0.07,0.00,74.14,0.00,13.95,11.36,0.02,0.00,0.12,0.02,0.00
116,0.48,0.00,0.21,0.14,0.03,0.00,0.23,0.10,8.69,0.00,56.88,31.35,0.80,0.48,0.34,0.27,0.00
117,9.11,0.00,1.83,0.64,0.11,0.01,0.03,0.14,38.95,0.00,22.25,11.47,6.34,2.61,3.48,3.03,0.00
118,0.77,2.07,0.00,0.00,0.00,0.00,1.68,0.00,40.79,0.00,12.24,42.39,0.00,0.00,0.02,0.05,0.00
119,0.03,0.00,0.06,0.02,0.00,0.00,0.01,0.00,87.46,0.00,8.11,3.98,0.04,0.18,0.07,0.04,0.00
120,0.27,0.00,0.09,0.06,0.01,0.00,0.01,0.45,58.92,0.00,27.18,12.81,0.11,0.00,0.07,0.03,0.00
121,0.18,0.01,0.05,0.02,0.00,0.00,0.08,0.28,64.15,0.00,22.26,12.52,0.03,0.01,0.27,0.15,0.00
122,0.18,0.00,0.94,0.60,0.20,0.04,0.14,0.32,27.16,0.00,29.01,38.56,0.67,1.21,0.52,0.44,0.00
123,0.40,0.00,2.07,1.23,0.58,0.03,0.13,0.02,1.35,0.01,39.03,38.16,10.74,5.08,0.76,0.40,0.00
124,0.07,0.00,0.29,0.12,0.02,0.00,0.07,0.08,6.33,0.03,53.67,37.76,0.93,0.13,0.20,0.30,0.00
125,0.12,0.00,1.16,0.17,0.05,0.00,0.04,0.19,8.22,0.00,7.68,76.04,6.05,0.00,0.25,0.03,0.00
126,0.00,0.00,0.00,0.00,0.00,0.00,0.57,0.00,60.63,0.00,14.24,24.55,0.01,0.00,0.00,0.00,0.00
127,0.10,0.00,0.00,0.00,0.00,0.00,0.29,0.00,80.51,0.00,2.86,16.14,0.01,0.00,0.08,0.00,0.00
128,6.49,0.00,0.92,0.03,0.00,0.00,0.07,0.01,0.70,0.04,30.32,40.16,0.19,0.00,0.16,20.90,0.00
129,0.15,0.00,0.12,0.01,0.00,0.00,0.06,0.00,82.70,0.00,4.96,11.38,0.59,0.00,0.03,0.00,0.00
130,0.06,0.00,0.13,0.03,0.00,0.00,0.04,0.00,64.46,0.03,8.72,26.18,0.31,0.00,0.03,0.00,0.00
131,0.12,0.01,0.23,0.09,0.03,0.00,0.09,0.00,80.55,0.07,8.38,10.22,0.14,0.02,0.04,0.01,0.00
132,0.02,0.00,0.32,0.23,0.07,0.00,0.05,0.03,67.71,0.63,14.37,16.17,0.19,0.08,0.13,0.00,0.00
133,0.39,0.00,2.20,1.16,0.37,0.02,0.42,0.01,9.97,0.01,28.29,38.76,10.88,5.36,2.15,0.00,0.00
134,0.01,0.00,0.07,0.03,0.00,0.00,0.02,0.01,68.27,0.18,20.51,10.42,0.35,0.03,0.10,0.00,0.00
135,0.99,0.00,0.19,0.08,0.02,0.00,0.09,0.00,82.44,0.00,12.13,3.74,0.14,0.07,0.11,0.00,0.00
136,0.05,0.00,0.03,0.00,0.00,0.00,2.17,0.29,58.78,0.08,27.82,10.19,0.01,0.00,0.33,0.23,0.00
137,0.06,0.00,0.06,0.00,0.00,0.00,0.26,0.85,54.95,0.35,32.20,10.22,0.02,0.00,0.55,0.47,0.00
138,0.13,0.00,0.70,0.28,0.08,0.01,0.05,0.61,73.91,0.09,8.70,15.02,0.37,0.01,0.02,0.05,0.00
139,0.13,0.00,0.52,0.24,0.05,0.00,0.28,1.18,88.67,0.43,2.46,5.97,0.01,0.00,0.01,0.02,0.00
140,0.43,0.00,0.00,0.00,0.00,0.00,0.14,0.45,62.86,0.04,27.94,7.70,0.06,0.01,0.20,0.18,0.00
141,0.01,0.01,0.01,0.00,0.00,0.00,1.48,0.14,51.48,0.02,21.95,24.74,0.01,0.00,0.06,0.08,0.00
142,0.05,0.01,0.07,0.00,0.00,0.00,3.31,0.02,77.00,0.02,10.76,8.72,0.04,0.00,0.01,0.00,0.00
143,0.18,0.00,0.16,0.02,0.00,0.00,0.02,2.03,57.19,0.33,30.27,7.55,0.10,0.00,1.02,1.12,0.00
144,0.74,0.80,0.01,0.00,0.00,0.00,13.32,0.25,18.78,0.22,29.75,36.03,0.01,0.00,0.05,0.03,0.00
145,0.17,0.00,0.17,0.02,0.00,0.00,0.18,0.23,52.34,0.07,33.84,11.40,0.12,0.01,0.59,0.86,0.00
146,6.29,0.00,0.37,0.05,0.01,0.00,0.06,0.96,54.47,0.05,28.26,6.52,0.03,0.04,1.10,1.79,0.00
147,1.52,0.00,0.18,0.03,0.01,0.00,0.34,2.39,62.24,0.22,23.58,8.90,0.03,0.00,0.36,0.20,0.00
148,0.36,0.00,0.11,0.01,0.00,0.00,0.44,0.46,67.76,0.06,21.45,8.95,0.02,0.01,0.27,0.10,0.00
149,0.11,0.00,0.17,0.05,0.01,0.00,0.16,1.25,49.17,0.03,31.74,16.98,0.04,0.01,0.19,0.11,0.00
150,5.29,0.00,2.01,0.44,0.08,0.01,0.16,1.42,14.83,0.25,42.71,13.86,5.15,2.27,3.10,8.42,0.00
151,0.57,0.00,0.16,0.01,0.00,0.00,0.42,5.70,47.42,0.13,36.02,8.66,0.11,0.24,0.25,0.30,0.00
152,1.17,0.00,1.76,0.45,0.04,0.00,0.00,0.03,24.12,0.19,5.72,42.08,13.53,3.45,7.46,0.01,0.00
153,0.02,0.00,0.21,0.08,0.03,0.00,0.78,0.16,79.27,0.13,4.85,14.20,0.19,0.01,0.06,0.00,0.00
154,0.05,0.00,0.14,0.04,0.02,0.00,0.11,2.65,50.45,0.66,22.31,21.31,0.24,0.00,2.01,0.02,0.00
155,0.65,0.00,4.53,3.77,1.57,0.23,0.03,0.02,17.74,0.01,19.93,22.39,17.61,4.96,2.33,4.21,0.00
156,0.00,0.00,0.18,0.01,0.00,0.00,0.00,6.42,48.12,0.00,23.02,15.41,2.41,0.07,4.34,0.00,0.00
157,1.74,0.00,2.25,0.30,0.02,0.00,0.09,0.25,2.50,0.07,21.20,47.41,14.52,6.68,2.38,0.59,0.00
158,0.08,0.00,0.27,0.12,0.02,0.00,0.20,0.01,69.58,0.14,13.13,16.28,0.07,0.08,0.02,0.00,0.00
159,2.58,0.00,3.80,2.15,0.55,0.06,0.04,0.05,3.97,0.06,12.07,50.28,13.09,9.57,1.62,0.10,0.00
160,0.27,0.00,0.22,0.08,0.01,0.00,0.42,0.05,80.15,0.22,12.44,4.86,0.40,0.21,0.67,0.00,0.00
161,0.13,0.00,0.46,0.12,0.01,0.00,0.01,0.12,23.23,0.02,34.89,40.38,0.44,0.03,0.14,0.02,0.00
162,0.18,0.00,0.00,0.00,0.00,0.00,0.08,0.18,69.50,0.04,22.41,7.47,0.00,0.00,0.11,0.03,0.00
163,0.49,0.00,0.54,0.19,0.04,0.01,0.69,0.08,0.57,0.00,84.27,9.82,1.65,0.19,0.58,0.89,0.00
164,0.46,0.00,0.65,0.23,0.05,0.01,0.24,0.06,0.90,0.00,59.06,32.22,3.23,1.25,0.88,0.75,0.00
165,4.54,0.00,1.63,0.52,0.10,0.01,0.06,0.54,0.98,0.02,51.70,3.76,23.77,0.52,3.55,8.29,0.00
166,0.21,0.00,0.28,0.09,0.02,0.00,0.29,0.60,7.95,0.16,70.32,17.84,0.91,0.02,0.55,0.76,0.00
167,0.24,0.00,0.45,0.20,0.04,0.01,2.59,0.00,0.11,0.00,90.10,5.45,0.28,0.03,0.26,0.25,0.00
168,0.79,0.00,1.03,0.32,0.14,0.02,0.18,0.21,0.32,0.01,75.81,10.88,3.62,0.00,1.10,5.59,0.00
169,0.54,0.00,0.76,0.61,0.10,0.02,1.97,0.02,0.03,0.00,42.98,43.09,3.41,4.01,1.27,1.18,0.00
170,0.86,0.02,0.02,0.00,0.00,0.00,37.45,0.63,20.95,0.07,19.76,20.02,0.00,0.00,0.22,0.00,0.00
171,0.86,0.00,0.16,0.03,0.00,0.00,2.64,0.36,85.50,0.22,6.48,3.15,0.00,0.00,0.60,0.00,0.00
172,0.32,0.00,0.64,0.21,0.01,0.00,0.35,18.75,61.27,3.84,12.49,1.15,0.04,0.00,0.88,0.04,0.00
173,0.23,0.00,0.61,0.04,0.00,0.00,1.16,39.24,31.56,3.58,22.34,1.18,0.01,0.00,0.04,0.00,0.00
174,0.37,0.00,0.74,0.28,0.05,0.00,1.41,12.97,48.71,9.18,24.46,1.70,0.00,0.00,0.13,0.00,0.00
175,0.33,0.00,0.93,0.29,0.07,0.00,0.48,24.23,35.16,0.28,35.97,1.03,0.83,0.16,0.12,0.12,0.00
176,2.87,0.00,3.12,1.46,0.54,0.03,0.59,4.33,6.91,0.04,61.98,0.70,12.76,3.99,0.67,0.00,0.00
177,5.06,0.00,7.62,4.98,2.23,0.61,5.10,1.88,24.51,6.78,6.39,7.62,9.24,1.29,8.21,8.47,0.00
178,1.36,0.00,4.56,0.99,0.21,0.07,2.85,2.28,52.60,11.03,13.07,4.23,1.12,0.11,3.86,1.66,0.00
179,0.76,0.04,0.99,0.19,0.02,0.00,1.25,1.81,83.37,2.65,6.49,1.24,0.16,0.00,0.98,0.03,0.00
180,0.56,0.00,4.68,0.45,0.05,0.01,2.27,3.12,60.40,14.70,8.80,3.26,0.46,0.08,0.88,0.27,0.00
181,1.13,0.00,3.06,0.77,0.08,0.01,3.99,2.80,61.90,3.23,15.21,3.00,1.28,0.05,3.10,0.40,0.00
182,0.56,0.00,4.50,0.93,0.18,0.04,3.44,4.51,47.75,10.85,15.85,4.66,3.07,0.28,2.66,0.71,0.00
183,0.20,0.00,4.63,0.15,0.01,0.00,1.33,1.28,55.73,20.32,10.09,3.97,1.24,0.06,0.68,0.31,0.00
184,0.11,0.00,3.63,0.19,0.03,0.01,0.69,0.42,56.44,19.26,9.75,8.44,0.59,0.01,0.27,0.15,0.00
185,0.83,0.00,2.65,0.14,0.04,0.01,0.55,4.14,69.67,12.45,5.79,3.04,0.18,0.04,0.31,0.16,0.00
186,0.35,0.00,2.37,0.16,0.04,0.00,0.43,4.30,64.43,5.03,12.27,10.17,0.00,0.00,0.24,0.21,0.00
187,0.22,0.00,4.33,0.10,0.02,0.00,0.10,2.22,76.44,4.52,7.91,3.71,0.00,0.01,0.37,0.06,0.00
188,0.89,0.00,13.08,2.47,0.85,0.09,0.46,0.55,51.24,1.83,8.28,13.92,0.21,0.70,3.88,1.56,0.00
189,0.92,0.00,3.52,0.60,0.25,0.03,1.31,4.25,27.08,7.67,19.80,31.25,0.00,0.00,1.10,2.22,0.00
190,0.16,0.00,8.24,1.01,0.44,0.05,0.21,0.04,57.90,20.00,5.78,5.64,0.01,0.29,0.18,0.06,0.00
191,1.19,0.00,7.07,2.95,1.48,0.28,0.56,0.11,5.90,31.55,11.25,29.90,0.23,5.92,1.05,0.56,0.00
192,0.17,0.00,2.89,0.82,0.08,0.01,0.00,0.41,17.88,0.00,41.51,1.54,16.07,17.37,1.22,0.01,0.00
193,0.25,0.00,1.21,1.16,0.41,0.08,7.08,0.12,3.27,0.00,68.46,6.60,7.26,3.03,1.08,0.00,0.00
194,0.17,0.00,0.37,0.13,0.01,0.00,5.59,3.43,29.47,0.02,54.98,4.15,1.16,0.13,0.37,0.00,0.00
195,4.00,0.00,0.45,0.10,0.03,0.00,24.89,0.01,0.63,0.00,51.11,17.59,0.26,0.04,0.89,0.00,0.00
196,0.08,0.00,0.30,0.07,0.00,0.00,8.49,9.38,47.17,0.44,32.10,1.07,0.60,0.01,0.30,0.01,0.00
197,0.73,0.00,1.13,0.68,0.07,0.01,4.42,0.02,0.86,0.00,77.56,0.94,10.33,0.06,3.12,0.06,0.00
198,0.38,0.00,1.33,0.32,0.00,0.00,0.43,2.94,32.24,0.15,47.96,0.09,12.96,0.09,1.11,0.00,0.00
199,0.09,0.00,0.56,0.15,0.04,0.00,15.80,0.00,0.58,0.00,40.76,41.22,0.42,0.03,0.35,0.00,0.00
200,0.00,0.00,0.15,0.06,0.01,0.00,1.56,0.00,0.12,0.00,66.68,30.92,0.18,0.20,0.12,0.00,0.00
201,0.26,5.49,0.07,0.01,0.00,0.00,27.73,1.68,20.76,0.10,0.05,40.86,0.00,0.00,2.67,0.31,0.00
202,0.21,0.33,0.26,0.09,0.02,0.00,1.18,8.82,73.12,1.67,1.42,11.19,0.04,0.00,1.51,0.15,0.00
203,0.14,0.00,0.68,0.24,0.03,0.00,0.09,7.04,58.55,0.54,20.19,10.55,0.47,0.00,1.22,0.26,0.00
204,0.27,0.00,0.77,0.35,0.09,0.01,0.13,2.88,28.60,0.04,44.62,18.79,1.90,0.09,1.01,0.44,0.00
205,0.27,0.07,0.34,0.15,0.05,0.01,0.95,28.15,46.76,5.37,2.91,13.52,0.17,0.00,1.16,0.13,0.00
206,0.32,0.00,0.41,0.12,0.02,0.00,0.09,27.77,41.05,1.75,17.39,8.20,1.55,0.01,1.17,0.15,0.00
207,0.24,0.01,0.16,0.03,0.00,0.00,1.99,16.45,56.13,2.84,0.86,18.51,0.03,0.00,2.24,0.49,0.00
208,0.10,0.00,0.37,0.14,0.02,0.00,0.42,6.76,58.36,0.87,9.36,22.16,0.26,0.00,1.05,0.12,0.00
209,1.72,0.00,0.92,0.36,0.09,0.01,0.09,3.38,4.24,0.04,65.49,10.39,9.42,0.02,2.42,1.42,0.00
210,1.23,0.00,1.50,0.27,0.04,0.00,0.18,1.52,5.87,0.17,5.56,76.26,3.05,0.07,1.67,2.62,0.00
211,0.10,0.00,0.78,0.37,0.02,0.00,0.02,0.12,2.27,0.01,70.15,21.52,2.93,0.32,0.75,0.65,0.00
212,0.00,0.00,0.22,0.05,0.00,0.00,0.71,0.00,29.10,0.00,67.83,2.08,0.00,0.00,0.00,0.00,0.00
213,0.35,0.02,2.58,1.88,0.38,0.03,0.03,0.03,0.65,0.00,34.51,9.20,40.19,1.59,4.24,4.33,0.00
214,0.56,0.00,0.97,1.03,0.14,0.01,0.01,0.01,0.04,0.00,72.21,6.94,11.38,0.15,2.95,3.61,0.00
215,0.00,0.00,0.00,0.00,0.00,0.00,1.22,0.00,62.86,0.02,35.68,0.22,0.00,0.00,0.00,0.00,0.00
216,0.00,0.00,0.11,0.17,0.02,0.00,13.42,0.02,1.28,0.00,76.00,5.42,1.29,0.17,0.94,1.16,0.00
217,0.12,0.00,1.06,0.62,0.07,0.01,0.10,0.02,15.83,0.00,68.07,12.25,0.88,0.26,0.60,0.11,0.00
218,3.85,0.00,8.58,9.16,2.48,0.54,0.79,0.00,0.08,0.00,21.02,9.95,15.09,23.17,5.22,0.07,0.00
219,0.57,0.00,1.82,0.77,0.17,0.03,0.01,0.00,5.82,0.00,53.94,36.09,0.06,0.63,0.08,0.00,0.00
220,0.13,0.00,0.74,0.28,0.14,0.02,1.11,0.00,1.55,0.00,59.81,34.31,0.64,0.97,0.27,0.03,0.00
221,0.06,0.00,0.34,0.17,0.05,0.01,0.50,0.00,14.48,0.00,65.69,18.52,0.07,0.06,0.04,0.02,0.00
222,0.02,0.00,0.57,0.17,0.04,0.00,32.47,0.00,41.20,0.00,20.00,5.52,0.00,0.00,0.00,0.00,0.00
223,0.01,0.00,0.46,0.17,0.02,0.00,0.69,0.00,1.71,0.00,41.54,55.40,0.00,0.01,0.00,0.00,0.00
224,0.09,0.00,2.19,2.04,0.96,0.18,0.98,0.00,0.18,0.00,72.52,20.39,0.13,0.17,0.14,0.03,0.00
225,0.01,0.00,0.34,0.15,0.01,0.00,0.60,0.00,6.47,0.00,77.60,14.60,0.07,0.01,0.14,0.00,0.00
226,0.04,0.00,0.41,0.22,0.02,0.00,0.38,0.00,0.09,0.00,86.56,11.85,0.09,0.10,0.13,0.10,0.00
227,0.10,0.00,0.59,0.42,0.11,0.01,1.32,0.00,0.00,0.00,89.78,5.81,0.07,0.00,1.36,0.44,0.00
228,0.03,0.00,0.30,0.04,0.00,0.00,4.21,0.00,13.93,0.00,62.60,18.80,0.01,0.00,0.06,0.01,0.00
229,0.01,0.00,0.03,0.00,0.00,0.00,2.55,0.00,62.06,0.00,29.76,5.50,0.00,0.00,0.10,0.00,0.00
230,0.00,0.00,0.16,0.07,0.00,0.00,4.34,0.00,12.19,0.00,77.64,5.59,0.00,0.00,0.00,0.00,0.00
231,0.12,0.00,0.69,0.08,0.01,0.00,4.22,0.00,0.17,0.00,73.81,20.41,0.02,0.00,0.21,0.25,0.00
232,0.01,0.00,0.42,0.05,0.01,0.00,4.56,0.00,0.01,0.00,73.58,21.18,0.02,0.00,0.10,0.06,0.00
233,0.05,0.00,0.43,0.08,0.00,0.00,1.67,0.00,0.26,0.00,74.57,22.91,0.00,0.00,0.03,0.00,0.00
234,0.76,0.00,0.01,0.00,0.00,0.00,22.50,0.00,5.79,0.00,66.24,4.59,0.00,0.00,0.11,0.00,0.00
235,0.00,0.00,0.01,0.00,0.00,0.00,1.59,0.00,14.12,0.01,79.83,4.44,0.00,0.00,0.00,0.00,0.00
236,0.03,0.00,0.09,0.00,0.00,0.00,0.33,0.00,94.03,0.00,4.30,1.22,0.00,0.00,0.00,0.00,0.00
237,0.00,0.00,0.93,0.25,0.05,0.01,0.10,0.00,0.42,0.00,84.46,13.66,0.08,0.00,0.01,0.03,0.00
238,0.00,0.00,0.11,0.02,0.00,0.00,0.02,0.04,3.24,0.00,87.23,9.33,0.00,0.01,0.01,0.00,0.00
239,0.01,0.00,0.49,0.21,0.05,0.01,0.45,0.00,42.94,0.00,50.39,5.29,0.02,0.02,0.08,0.05,0.00
240,0.07,0.00,0.63,0.18,0.08,0.02,0.09,0.15,90.48,0.01,4.54,3.70,0.00,0.00,0.01,0.05,0.00
241,0.07,0.00,0.16,0.04,0.00,0.00,0.46,6.05,84.66,0.03,1.05,7.39,0.00,0.00,0.00,0.07,0.00
242,0.08,0.00,0.54,0.15,0.03,0.00,0.08,0.09,40.65,0.00,45.87,12.43,0.01,0.01,0.04,0.02,0.00
243,0.00,0.00,1.21,0.07,0.01,0.00,0.01,0.89,88.05,0.05,5.40,4.29,0.01,0.00,0.00,0.00,0.00
244,0.00,0.00,0.14,0.00,0.00,0.00,0.01,4.32,75.99,1.14,7.97,10.42,0.00,0.00,0.00,0.00,0.00
245,0.02,0.00,0.63,0.33,0.07,0.01,0.39,0.18,7.59,0.01,89.67,0.79,0.08,0.00,0.19,0.04,0.00
246,1.54,0.00,1.04,0.40,0.08,0.02,0.01,0.09,18.57,0.00,8.82,69.12,0.00,0.00,0.00,0.31,0.00
247,0.10,0.00,0.32,0.05,0.01,0.00,1.41,0.00,58.26,0.00,32.05,7.72,0.01,0.00,0.06,0.01,0.00
248,0.05,0.00,0.67,0.10,0.01,0.00,8.65,0.00,55.67,0.00,34.44,0.41,0.00,0.00,0.00,0.00,0.00
249,0.01,0.00,0.34,0.09,0.01,0.00,0.06,0.27,91.75,0.00,6.71,0.73,0.00,0.00,0.02,0.01,0.00
250,0.22,0.00,1.12,0.52,0.21,0.06,2.88,0.00,0.02,0.00,89.16,4.24,0.01,1.24,0.18,0.13,0.01
251,0.03,0.00,0.49,0.09,0.02,0.00,0.55,0.00,0.14,0.00,87.70,10.52,0.02,0.36,0.04,0.03,0.00
252,0.01,0.00,0.24,0.12,0.02,0.00,0.67,0.03,1.03,0.00,94.44,3.10,0.06,0.09,0.16,0.01,0.03
253,0.00,0.00,0.08,0.01,0.00,0.00,0.00,0.23,29.88,0.00,65.31,4.48,0.00,0.00,0.00,0.00,0.00
254,0.01,0.00,0.46,0.10,0.02,0.00,0.10,0.01,0.19,0.00,98.38,0.43,0.00,0.04,0.23,0.02,0.00
255,10.52,0.00,5.87,6.68,2.00,0.66,0.24,0.00,0.01,0.00,29.13,0.55,0.75,39.89,3.58,0.08,0.04
256,0.00,0.00,0.28,0.14,0.01,0.00,63.13,0.00,0.00,0.00,17.65,18.79,0.00,0.00,0.00,0.00,0.00
257,0.05,0.00,0.08,0.03,0.01,0.00,75.16,0.00,0.00,0.00,20.42,4.22,0.00,0.04,0.01,0.00,0.00
258,0.09,0.00,0.78,0.28,0.04,0.01,0.30,0.62,16.67,0.25,0.16,76.54,0.26,2.31,1.02,0.66,0.00
259,0.19,0.00,2.54,0.12,0.02,0.00,0.10,0.05,0.00,0.00,11.00,62.03,0.87,22.67,0.18,0.24,0.00
260,0.26,0.00,2.45,0.39,0.18,0.04,0.19,0.05,0.05,0.00,3.49,71.79,0.81,19.48,0.54,0.27,0.00
261,0.25,0.00,3.48,0.83,0.34,0.14,0.06,0.09,0.01,0.00,0.79,26.50,2.73,64.19,0.33,0.26,0.00
262,0.06,0.00,3.92,0.49,0.07,0.02,0.04,0.00,0.00,0.00,4.65,43.96,0.01,46.66,0.01,0.10,0.00
263,0.06,0.00,1.42,0.19,0.02,0.00,0.44,0.04,5.41,0.00,10.21,72.68,0.26,8.63,0.43,0.21,0.00
264,0.08,0.00,0.80,0.17,0.01,0.00,0.27,0.02,0.16,0.00,7.13,83.86,0.43,6.29,0.30,0.47,0.00
265,2.21,0.00,3.92,0.89,0.22,0.08,0.38,0.19,0.05,0.00,2.55,42.24,1.29,41.39,2.54,2.05,0.00
266,0.12,0.00,5.04,0.84,0.19,0.10,0.08,0.05,0.02,0.00,8.25,35.63,0.00,49.22,0.01,0.46,0.00
267,0.05,0.00,1.74,0.11,0.02,0.01,1.50,0.00,0.00,0.00,58.70,30.47,0.00,7.40,0.00,0.01,0.00
268,0.02,0.00,2.47,0.55,0.21,0.06,0.28,0.00,0.00,0.00,55.64,31.16,0.00,9.20,0.10,0.31,0.00
269,4.86,0.00,8.89,14.10,5.89,1.48,0.29,0.45,0.53,0.01,4.86,22.96,7.36,22.26,4.17,1.90,0.00
270,0.37,0.00,2.39,0.30,0.04,0.02,0.17,0.29,0.01,0.02,17.02,71.15,0.19,7.62,0.37,0.04,0.00
271,0.28,0.00,3.30,0.34,0.06,0.02,0.94,0.25,0.32,0.28,45.11,28.04,0.11,20.84,0.10,0.01,0.00
272,0.43,0.00,1.43,0.12,0.01,0.00,0.51,0.57,3.47,0.20,68.99,20.77,0.01,3.39,0.09,0.01,0.00
273,0.36,0.00,0.78,0.19,0.02,0.00,0.15,0.04,0.44,0.00,49.27,47.03,0.00,1.44,0.04,0.23,0.00
274,0.54,0.00,2.10,0.49,0.18,0.05,0.19,0.01,0.14,0.00,6.12,79.34,0.24,9.47,0.33,0.80,0.00
275,0.02,0.00,0.28,0.01,0.00,0.00,0.01,0.16,17.89,0.00,26.79,53.85,0.00,0.34,0.18,0.45,0.00
276,0.03,0.00,0.27,0.00,0.00,0.00,0.00,0.00,10.57,0.00,42.07,46.19,0.15,0.33,0.24,0.15,0.00
277,0.04,0.00,0.54,0.09,0.02,0.00,0.03,0.07,16.81,0.00,39.92,42.16,0.03,0.11,0.07,0.12,0.00
278,0.03,0.00,5.75,1.62,0.55,0.08,0.15,1.96,22.44,0.00,19.90,45.82,0.01,0.11,0.52,1.07,0.00
279,0.07,0.00,4.05,2.76,1.48,0.37,0.43,0.08,1.70,0.00,3.66,82.37,0.08,1.09,0.37,1.49,0.00
280,1.44,0.00,1.62,0.22,0.03,0.01,0.50,0.00,0.00,0.00,31.17,59.40,0.08,4.94,0.15,0.45,0.00
281,0.30,0.00,0.59,0.13,0.04,0.01,0.03,0.01,3.66,0.00,7.19,86.75,0.03,0.46,0.11,0.68,0.00
282,0.09,0.00,0.06,0.01,0.00,0.00,0.00,0.15,22.67,0.00,47.53,29.40,0.00,0.00,0.04,0.05,0.00
283,0.60,0.00,0.42,0.06,0.01,0.00,0.06,0.01,0.15,0.00,37.71,60.18,0.01,0.38,0.13,0.29,0.00
284,0.00,0.00,0.77,0.06,0.01,0.00,0.09,0.00,0.46,0.00,11.81,86.48,0.00,0.30,0.00,0.01,0.00
285,0.64,0.00,2.67,0.19,0.05,0.01,2.49,0.00,0.00,0.00,23.94,65.44,0.03,4.12,0.00,0.43,0.00
286,0.00,0.00,0.34,0.03,0.00,0.00,0.00,0.00,0.19,0.00,70.57,28.70,0.01,0.15,0.00,0.00,0.00
287,1.12,0.00,3.79,0.86,0.13,0.05,0.01,3.65,0.01,0.06,0.01,46.99,1.11,41.63,0.57,0.02,0.00
288,0.77,0.00,3.11,0.60,0.07,0.02,0.08,0.66,0.02,0.07,0.03,45.38,0.59,47.46,1.11,0.05,0.00
289,1.19,0.00,4.21,1.00,0.20,0.08,0.02,0.96,0.00,0.00,0.04,33.72,0.08,57.30,0.91,0.28,0.00
290,1.27,0.00,4.45,1.77,0.49,0.20,0.05,2.19,0.20,0.02,0.03,29.88,0.95,57.56,0.85,0.10,0.00
291,0.49,0.00,3.26,0.78,0.08,0.02,0.04,1.47,0.08,0.17,0.00,59.65,0.69,31.87,1.03,0.37,0.00
292,0.42,0.00,3.86,0.89,0.15,0.05,0.01,1.86,0.00,0.01,0.00,14.71,0.42,76.89,0.50,0.22,0.00
293,2.43,0.00,4.32,2.20,0.70,0.22,0.08,0.45,0.00,0.00,0.01,16.79,0.96,63.78,6.74,1.31,0.00
294,0.44,0.00,5.69,0.71,0.24,0.12,0.32,0.72,0.38,0.50,36.16,17.30,0.53,36.76,0.12,0.00,0.00
295,1.39,0.00,4.75,0.90,0.36,0.15,0.60,3.54,0.45,0.00,11.81,55.88,1.01,19.11,0.04,0.02,0.00
296,0.73,0.00,4.44,0.29,0.07,0.03,0.01,2.14,2.38,0.00,57.28,24.68,0.51,7.33,0.09,0.00,0.00
297,2.92,0.00,3.23,0.31,0.08,0.03,0.01,8.32,1.85,4.03,16.63,53.21,0.14,9.13,0.07,0.03,0.00
298,0.77,0.00,4.25,0.58,0.10,0.02,0.27,2.33,3.82,1.25,4.47,49.98,0.17,31.25,0.48,0.26,0.00
299,0.70,0.00,4.80,0.69,0.14,0.10,0.07,0.04,0.02,1.44,32.60,4.94,0.00,54.05,0.41,0.00,0.00
300,0.51,0.00,2.67,0.84,0.15,0.01,0.58,0.50,6.52,0.02,0.31,72.84,0.02,15.00,0.02,0.03,0.00
301,1.88,0.00,5.64,2.19,1.27,0.65,0.16,10.85,1.33,0.00,0.09,49.55,3.65,22.41,0.18,0.15,0.00
302,29.45,0.00,1.14,0.65,0.03,0.00,30.22,0.93,0.00,0.00,0.01,26.46,0.00,3.26,3.91,3.92,0.00
303,0.73,0.00,3.91,0.40,0.09,0.04,0.13,0.27,2.27,0.73,12.34,54.11,0.03,24.78,0.11,0.05,0.00
304,1.10,0.00,2.06,0.18,0.03,0.00,0.47,4.75,0.13,0.10,1.03,83.26,0.18,6.70,0.00,0.00,0.00
305,1.82,0.00,3.33,0.96,0.19,0.05,0.05,5.37,0.07,0.09,0.05,65.22,8.45,13.08,1.10,0.16,0.00
306,2.69,0.00,5.59,1.10,0.32,0.13,0.08,38.76,0.24,0.03,0.01,35.12,13.14,2.73,0.05,0.03,0.00
307,7.70,0.00,7.40,4.35,2.06,0.88,0.13,23.06,1.94,0.00,0.03,35.53,11.99,3.39,1.25,0.27,0.00
308,1.40,0.00,5.85,0.76,0.17,0.07,0.15,13.13,6.62,0.00,18.40,42.44,5.55,4.97,0.46,0.01,0.00
309,3.04,0.00,7.09,4.21,1.72,1.00,0.10,7.50,4.43,0.01,0.14,52.78,10.45,6.36,1.15,0.02,0.00
310,0.91,0.00,4.55,0.76,0.28,0.13,0.08,9.07,13.35,0.00,23.92,40.32,1.93,3.40,1.29,0.00,0.00
311,3.76,0.00,3.72,0.29,0.06,0.02,0.00,6.29,29.27,0.00,10.69,42.94,0.12,2.40,0.43,0.00,0.00
312,0.98,0.00,3.60,1.08,0.29,0.14,0.24,25.97,1.36,0.00,0.00,44.77,17.87,3.69,0.00,0.00,0.00
313,1.09,0.00,4.30,0.65,0.23,0.09,0.02,17.96,3.31,0.00,0.02,55.70,2.25,14.38,0.00,0.00,0.00
314,1.19,0.00,1.90,0.50,0.14,0.03,0.67,26.18,10.09,0.00,0.00,54.17,3.19,1.80,0.00,0.13,0.00
315,0.78,0.00,6.76,8.97,3.31,1.56,0.46,11.41,3.02,6.24,2.58,0.82,33.74,10.95,5.96,3.43,0.02
316,2.56,0.00,8.97,11.42,6.19,3.33,0.91,6.06,4.64,9.70,3.19,2.50,23.69,9.48,4.41,2.95,0.00
317,1.35,0.00,5.36,5.78,1.64,0.73,0.78,2.21,55.59,5.55,2.71,4.54,10.10,0.21,1.54,1.92,0.00
318,0.53,0.00,6.06,6.22,2.21,0.64,1.87,5.43,44.29,10.90,7.58,3.32,7.79,0.45,1.39,1.32,0.00
319,2.10,0.00,10.94,9.45,2.21,0.33,0.48,7.96,23.74,25.41,7.73,2.38,3.23,0.10,3.40,0.54,0.00
320,3.27,0.00,10.50,13.32,7.53,3.11,2.33,5.28,31.94,8.81,6.64,2.49,1.00,0.05,2.91,0.82,0.00
321,1.27,0.00,12.24,11.39,4.45,1.55,0.53,3.60,23.16,9.69,6.91,7.16,10.50,1.30,4.29,1.95,0.00
322,2.50,0.00,6.01,3.72,1.91,1.00,2.67,8.36,35.47,9.01,14.62,5.10,3.92,0.25,3.35,2.12,0.00
323,0.87,0.00,5.93,3.35,1.22,0.49,0.56,8.27,20.07,9.82,10.31,4.14,22.22,2.96,7.92,1.88,0.00
324,0.12,0.00,1.70,0.19,0.05,0.02,0.01,4.89,10.98,0.01,76.65,4.54,0.30,0.50,0.03,0.00,0.00
325,2.82,0.00,3.72,0.26,0.07,0.03,0.01,3.34,20.12,0.01,45.20,22.54,1.01,0.86,0.03,0.00,0.00
326,0.94,0.00,4.73,1.40,0.62,0.16,0.13,8.57,36.93,0.01,33.92,12.01,0.18,0.16,0.22,0.00,0.00
327,0.03,0.00,1.71,0.33,0.07,0.01,0.02,1.15,1.19,0.00,94.43,0.67,0.00,0.20,0.14,0.04,0.00
328,0.13,0.00,5.70,0.87,0.15,0.04,0.09,2.22,3.65,0.21,57.05,11.26,2.56,13.83,2.16,0.07,0.00
329,0.06,0.00,1.19,0.61,0.15,0.06,0.41,0.91,0.84,0.01,85.87,9.51,0.02,0.07,0.29,0.04,0.00
330,0.30,0.00,2.43,1.64,0.39,0.05,0.25,0.22,0.29,0.05,63.15,15.74,9.35,3.25,2.47,0.41,0.00
331,5.50,0.00,3.47,5.23,5.02,1.82,0.45,0.95,0.09,0.53,29.25,11.33,6.15,18.66,6.68,4.14,0.74
332,2.15,0.00,8.31,4.44,2.71,1.49,0.07,8.40,1.41,0.13,4.59,28.37,18.40,17.56,1.83,0.15,0.00
333,0.52,0.00,5.28,1.14,0.25,0.09,0.05,9.59,2.79,1.39,13.58,3.37,53.92,3.47,4.39,0.17,0.00
334,5.11,0.00,3.88,0.72,0.38,0.17,0.36,7.65,1.40,0.24,2.49,11.43,27.71,29.34,7.98,1.13,0.00
335,5.10,0.00,2.96,3.51,0.37,0.14,0.09,20.33,1.15,1.24,4.45,6.59,42.33,3.75,7.91,0.08,0.00
336,0.88,0.00,4.31,1.47,0.31,0.07,0.51,14.56,3.59,5.04,22.60,4.23,34.12,3.28,4.77,0.26,0.00
337,0.69,0.00,5.09,1.09,0.24,0.07,0.09,9.91,1.19,4.95,13.16,3.46,52.07,3.94,3.74,0.33,0.00
338,0.82,0.00,1.73,5.79,0.76,0.33,0.07,10.66,0.49,0.04,5.92,0.62,60.72,7.05,4.98,0.04,0.00
339,1.79,0.00,5.69,1.97,0.26,0.04,0.01,6.24,50.03,10.12,11.11,0.64,9.39,0.42,2.10,0.16,0.00
340,3.85,0.00,2.45,0.96,0.19,0.05,0.28,9.55,0.77,0.91,6.83,2.68,27.98,20.87,21.44,1.19,0.00
341,1.08,0.00,6.09,5.67,3.44,1.66,0.22,2.08,2.61,1.02,4.16,2.32,29.03,30.65,7.07,2.90,0.00
342,0.18,0.00,3.94,1.45,1.14,0.39,0.30,2.42,0.19,0.05,21.79,4.03,19.51,40.41,2.79,1.41,0.00
343,3.43,0.00,4.15,1.86,1.14,0.34,0.47,8.65,2.89,2.99,5.19,1.91,28.71,9.89,24.27,4.11,0.00
344,0.03,0.00,3.25,0.43,0.04,0.00,1.42,2.94,2.69,0.04,28.05,47.60,8.62,1.95,1.86,1.08,0.00
345,0.72,0.00,6.43,5.83,2.72,0.71,0.78,0.24,0.07,0.05,9.76,3.92,13.17,53.60,0.99,1.01,0.00
346,2.20,0.00,5.98,8.33,5.56,1.35,1.18,1.40,0.09,0.21,10.12,5.53,7.57,43.54,4.91,1.84,0.21
347,25.09,0.00,0.39,1.12,0.42,0.20,0.47,0.03,0.05,0.07,0.18,0.69,1.89,2.04,2.09,65.26,0.00
348,9.05,0.00,3.51,2.65,1.50,0.74,4.34,2.58,0.39,0.04,3.26,9.91,5.01,1.68,7.35,47.99,0.00
349,2.42,0.00,2.62,1.76,1.17,0.44,14.60,1.02,0.26,0.03,16.47,27.06,0.35,1.20,7.56,23.01,0.03
350,0.72,0.00,5.44,9.43,0.95,0.53,0.04,0.78,0.17,0.54,0.96,0.46,20.64,52.32,6.42,0.61,0.00
351,2.07,0.00,3.44,3.40,0.53,0.20,0.07,11.38,31.94,9.18,12.05,1.02,13.06,0.74,10.73,0.20,0.00
352,7.84,0.00,1.51,1.21,0.16,0.07,0.26,4.12,13.95,3.53,3.76,0.93,5.79,0.88,54.23,1.76,0.00
353,2.26,0.00,2.93,3.03,0.40,0.12,0.07,8.44,38.77,6.00,14.01,0.70,8.39,2.26,12.32,0.32,0.00
354,1.01,0.00,3.97,0.96,0.19,0.06,0.08,29.45,15.98,5.52,1.13,9.93,29.14,0.29,2.03,0.28,0.00
355,3.35,0.00,4.17,1.93,0.26,0.09,0.16,2.51,42.46,8.50,12.95,5.73,6.73,0.15,10.54,0.46,0.00
356,0.65,0.00,4.29,3.47,0.62,0.20,0.17,1.44,27.16,10.85,12.11,8.72,6.61,1.15,21.77,0.80,0.00
357,6.60,0.00,2.66,3.33,0.70,0.25,0.71,4.89,1.90,0.94,5.84,2.22,25.59,27.28,15.74,1.35,0.00
358,0.46,0.00,3.88,1.32,0.26,0.08,0.19,22.99,21.69,8.47,2.25,3.56,31.72,0.84,2.25,0.05,0.00
359,2.08,0.00,4.45,0.77,0.08,0.02,0.03,27.81,33.83,15.78,1.30,4.50,9.08,0.03,0.24,0.01,0.00
360,2.77,0.00,4.14,1.25,0.38,0.15,0.12,42.83,23.33,15.91,0.75,2.67,5.46,0.04,0.18,0.02,0.00
361,5.19,0.00,4.53,1.05,0.12,0.03,0.06,37.69,21.81,13.66,0.88,2.91,11.35,0.06,0.61,0.04,0.00
362,1.22,0.00,3.39,1.42,0.38,0.15,0.03,40.73,29.52,10.55,1.13,3.13,7.39,0.24,0.70,0.02,0.00
363,0.86,0.00,3.05,0.20,0.01,0.00,0.00,29.58,42.58,8.29,2.48,10.59,2.05,0.01,0.27,0.03,0.00
364,3.93,0.00,4.01,0.45,0.09,0.01,0.02,24.14,14.78,8.25,0.93,8.09,32.80,0.17,2.28,0.05,0.00
365,0.40,0.00,2.23,0.41,0.02,0.00,0.07,42.91,28.84,11.83,1.37,4.83,6.73,0.21,0.14,0.00,0.00
366,13.13,0.00,2.72,1.71,0.46,0.21,0.67,9.87,2.82,2.15,0.50,1.78,30.85,23.25,8.02,1.88,0.00
367,1.83,0.00,3.69,1.51,0.21,0.07,0.04,27.98,16.78,8.57,0.55,1.42,35.43,1.03,0.85,0.04,0.00
368,3.90,0.00,4.52,2.52,0.64,0.23,0.19,19.80,8.52,5.69,1.44,6.06,42.85,0.86,2.65,0.14,0.00
369,4.38,0.00,4.02,0.53,0.14,0.07,0.16,43.79,1.08,1.22,0.34,21.97,20.89,0.81,0.54,0.05,0.00
370,0.03,0.00,2.66,0.19,0.02,0.00,0.02,79.47,2.87,0.68,0.03,1.88,11.97,0.01,0.16,0.00,0.00
371,1.21,0.00,3.18,0.61,0.12,0.03,0.04,61.87,9.07,4.57,0.53,2.99,15.36,0.05,0.33,0.01,0.00
372,1.41,0.00,5.20,2.59,0.84,0.33,0.19,26.87,0.85,1.03,0.45,1.01,55.11,3.50,0.63,0.01,0.00
373,1.91,0.00,4.05,0.53,0.11,0.02,0.06,60.70,2.81,1.66,0.28,3.12,24.25,0.07,0.42,0.01,0.00
374,4.13,0.00,3.48,0.79,0.15,0.03,0.19,56.23,7.74,4.65,0.38,1.60,20.30,0.10,0.23,0.00,0.00
375,0.25,0.00,4.06,1.06,0.21,0.06,0.04,48.24,2.31,3.91,0.28,1.75,36.95,0.51,0.37,0.00,0.00
376,3.59,0.00,4.06,0.80,0.19,0.05,0.12,63.51,3.14,1.38,0.51,1.92,18.30,1.54,0.73,0.15,0.00
377,0.46,0.00,3.43,1.14,0.22,0.05,0.33,64.79,3.35,6.71,0.22,1.72,16.58,0.31,0.69,0.02,0.00
378,0.45,0.00,3.85,0.37,0.05,0.01,0.12,71.99,4.36,4.24,0.89,2.09,10.69,0.41,0.47,0.01,0.00
379,0.33,0.00,3.01,0.15,0.02,0.00,0.17,74.48,5.39,7.16,0.56,1.16,6.91,0.03,0.57,0.04,0.00
380,0.70,0.00,4.99,3.49,1.03,0.37,0.22,59.30,3.00,3.07,0.09,2.05,18.29,2.85,0.54,0.01,0.00
381,1.55,0.00,3.36,0.60,0.09,0.01,0.11,69.39,3.69,4.88,0.08,1.59,11.40,1.78,1.24,0.23,0.00
382,0.22,0.00,4.16,1.18,0.17,0.05,0.05,24.32,0.90,0.84,1.12,0.34,47.21,18.43,0.99,0.01,0.00
383,8.66,0.00,9.25,17.84,14.94,6.39,1.35,2.63,2.73,2.25,2.29,1.74,15.23,5.59,5.37,3.74,0.00
384,3.32,0.00,4.79,7.47,3.92,1.60,0.52,0.45,3.04,1.45,1.29,1.65,28.39,32.84,8.22,1.05,0.00
385,0.70,0.00,4.46,8.65,4.65,1.64,0.27,0.68,3.55,1.93,0.84,1.52,40.74,26.70,2.91,0.75,0.00
386,0.67,0.00,4.90,3.03,0.84,0.15,0.64,2.38,32.94,12.03,9.99,8.20,16.75,6.18,1.12,0.18,0.00
387,1.00,0.00,3.59,1.32,0.12,0.03,0.05,18.65,0.09,0.58,0.98,2.26,42.00,27.39,1.81,0.13,0.00
388,2.29,0.00,5.71,2.89,0.92,0.43,0.09,12.59,0.06,0.26,0.09,19.07,40.48,14.35,0.66,0.10,0.00
389,1.06,0.00,5.70,3.45,0.83,0.30,0.10,14.39,0.07,0.26,0.36,2.27,43.88,25.07,2.14,0.14,0.00
390,1.66,0.00,4.32,1.33,0.26,0.09,0.23,13.29,0.14,0.09,0.26,1.04,40.83,30.77,5.08,0.64,0.00
391,0.51,0.00,3.96,1.56,0.36,0.10,0.06,15.49,0.13,0.25,0.58,0.84,31.73,42.33,2.01,0.09,0.00
392,3.31,0.01,0.71,0.22,0.05,0.00,1.14,17.97,55.49,1.99,12.14,6.37,0.38,0.00,0.11,0.03,0.06
393,0.44,1.30,0.01,0.00,0.00,0.00,21.00,0.25,43.86,1.38,25.54,6.18,0.02,0.00,0.01,0.00,0.01
394,1.98,0.00,0.24,0.06,0.01,0.00,0.56,1.48,84.99,0.37,8.16,1.75,0.25,0.00,0.13,0.01,0.01
395,0.17,0.00,0.00,0.00,0.00,0.00,4.04,1.46,68.94,1.32,13.85,9.76,0.29,0.00,0.17,0.00,0.00
396,0.23,0.00,0.00,0.00,0.00,0.00,1.54,0.02,90.06,0.04,5.89,1.89,0.05,0.00,0.28,0.00,0.00
397,7.48,0.00,3.14,0.21,0.02,0.00,0.03,0.21,0.00,0.00,0.51,49.15,6.73,28.60,0.06,3.87,0.00
398,12.58,0.00,3.40,0.49,0.15,0.06,0.12,0.08,0.01,0.01,0.25,48.14,10.77,17.96,0.34,5.63,0.00
399,2.94,0.00,3.67,0.43,0.06,0.01,0.09,0.31,0.00,0.00,0.41,38.15,4.61,47.40,0.58,1.31,0.00
400,5.14,0.00,3.17,0.44,0.01,0.00,0.08,0.31,0.00,0.00,0.73,41.79,1.69,43.52,0.19,2.91,0.00
401,1.82,0.00,3.13,0.17,0.03,0.01,0.02,0.35,0.00,0.00,0.01,21.92,35.66,35.00,0.00,1.86,0.00
402,1.20,0.00,3.17,0.43,0.08,0.02,0.06,0.29,0.02,0.00,0.19,38.22,11.95,43.57,0.00,0.80,0.00
403,0.31,0.00,4.05,0.38,0.04,0.01,0.01,1.28,0.04,0.00,0.00,51.59,4.88,34.63,1.42,1.36,0.00
404,8.79,0.00,2.28,0.18,0.02,0.01,0.04,8.29,1.83,0.00,0.82,63.03,2.94,7.75,1.82,2.20,0.00
405,0.55,0.00,3.04,0.27,0.02,0.00,0.14,0.15,0.02,0.01,1.03,39.02,0.38,53.15,0.98,1.20,0.00
406,0.37,0.00,1.04,0.22,0.02,0.00,0.33,0.03,0.08,0.00,7.60,66.00,0.89,21.21,1.62,0.59,0.00
407,0.91,0.00,3.04,0.17,0.00,0.00,0.05,0.03,0.00,0.00,0.69,39.94,0.00,54.75,0.05,0.31,0.05
408,0.13,0.00,0.77,0.02,0.00,0.00,0.06,0.00,0.01,0.00,11.08,74.16,0.38,12.55,0.55,0.14,0.14
409,0.07,0.00,0.52,0.07,0.00,0.00,0.26,0.00,0.02,0.00,6.52,73.46,0.10,18.56,0.26,0.14,0.01
410,0.05,0.00,3.26,0.06,0.01,0.00,0.37,0.00,0.03,0.00,0.62,45.81,0.03,49.58,0.05,0.04,0.09
411,0.64,0.00,2.98,0.55,0.10,0.02,0.34,0.00,0.01,0.00,2.23,27.84,0.70,63.63,0.69,0.26,0.00
412,0.20,0.00,3.80,0.33,0.06,0.02,0.03,2.66,0.29,0.00,0.00,53.46,2.16,35.26,1.28,0.46,0.00
413,1.14,0.00,0.55,0.23,0.04,0.00,0.30,2.19,1.55,0.05,14.42,74.13,1.50,1.87,1.54,0.45,0.03
414,0.28,0.00,1.06,0.14,0.01,0.00,0.22,0.48,2.43,0.20,17.27,55.30,2.07,17.92,2.20,0.40,0.00
415,0.50,0.00,2.36,0.32,0.03,0.00,0.19,0.85,0.16,0.03,1.58,55.15,7.32,30.37,0.90,0.22,0.00
416,1.02,0.00,0.23,0.07,0.01,0.00,3.63,9.11,2.65,1.18,14.15,64.08,0.33,1.74,1.16,0.64,0.00
417,9.32,0.00,1.16,0.31,0.07,0.02,0.63,1.50,1.57,0.19,6.49,68.44,1.11,6.25,1.70,1.24,0.00
418,0.06,0.00,0.25,0.06,0.00,0.00,0.68,1.63,22.76,0.04,20.66,51.50,0.45,1.23,0.49,0.18,0.00
419,0.19,0.00,0.35,0.13,0.01,0.00,0.32,0.03,0.62,0.00,18.22,75.55,0.66,2.81,0.75,0.38,0.00
420,0.67,0.00,1.81,0.34,0.03,0.01,0.17,0.21,0.02,0.04,0.03,74.91,1.60,19.29,0.65,0.24,0.00
421,0.73,0.00,1.32,0.41,0.12,0.04,0.50,0.09,0.86,0.02,13.91,72.40,1.36,5.77,1.61,0.85,0.00
422,0.44,0.00,0.51,0.19,0.03,0.00,24.07,0.26,0.47,0.06,0.08,70.13,0.13,2.91,0.40,0.32,0.00
423,0.38,0.00,1.99,0.44,0.03,0.00,0.28,0.74,0.40,0.70,0.00,77.83,1.61,11.18,1.32,3.08,0.00
424,0.56,0.00,0.42,0.10,0.01,0.00,0.17,0.27,0.03,0.00,0.50,88.64,2.91,5.50,0.76,0.14,0.00
425,0.58,0.00,0.33,0.13,0.00,0.00,1.73,0.01,0.00,0.00,7.54,85.89,2.60,1.02,0.12,0.03,0.00
426,2.37,0.00,0.07,0.01,0.00,0.00,0.47,0.00,16.86,0.00,26.23,49.13,0.14,2.86,1.52,0.34,0.00
427,0.05,0.00,1.24,0.27,0.02,0.00,0.11,0.03,0.55,0.00,6.01,49.08,4.24,35.80,1.98,0.61,0.00
428,0.16,0.00,0.70,0.25,0.10,0.03,0.19,0.04,2.10,0.00,18.79,65.42,0.96,9.08,1.67,0.52,0.00
429,0.27,0.00,0.69,0.19,0.03,0.00,0.41,0.00,1.52,0.00,12.73,58.93,2.46,20.34,2.23,0.20,0.00
430,0.05,0.00,0.20,0.05,0.01,0.00,0.22,0.22,28.29,0.00,33.76,34.76,0.32,0.90,1.02,0.21,0.00
431,0.31,0.00,0.83,0.34,0.12,0.03,0.53,0.16,2.56,0.00,39.15,49.21,2.10,1.25,2.69,0.71,0.00
432,2.73,0.00,2.44,0.16,0.02,0.00,0.02,9.34,9.92,4.88,0.00,61.82,0.60,4.60,2.96,0.48,0.00
433,0.14,0.00,0.49,0.07,0.01,0.00,0.01,0.60,10.59,0.08,35.09,44.71,3.41,1.68,2.93,0.18,0.00
434,0.22,0.00,1.89,0.45,0.10,0.01,0.00,0.16,6.40,0.02,30.02,47.77,10.15,1.99,0.80,0.03,0.00
435,0.08,0.00,0.33,0.06,0.00,0.00,0.01,0.16,18.73,0.81,17.31,60.51,1.15,0.35,0.43,0.06,0.00
436,0.39,0.00,0.40,0.09,0.01,0.00,0.14,0.83,4.84,0.00,45.57,37.86,1.44,5.51,2.44,0.48,0.00
