uniqid_huc10,NLCD01_11_huc10,NLCD01_12_huc10,NLCD01_21_huc10,NLCD01_22_huc10,NLCD01_23_huc10,NLCD01_24_huc10,NLCD01_31_huc10,NLCD01_41_huc10,NLCD01_42_huc10,NLCD01_43_huc10,NLCD01_52_huc10,NLCD01_71_huc10,NLCD01_81_huc10,NLCD01_82_huc10,NLCD01_90_huc10,NLCD01_95_huc10,NLCD01_9999_huc10
1,0.05,0.00,3.89,9.92,50.44,34.30,0.06,0.00,0.00,0.00,0.01,1.11,0.20,0.00,0.01,0.01,0.00
2,0.00,0.00,0.95,0.41,0.05,0.00,0.00,0.31,1.58,0.00,96.44,0.01,0.00,0.00,0.23,0.00,0.00
3,0.02,0.00,6.56,0.21,0.01,0.01,0.08,0.01,0.00,0.00,0.18,20.96,0.00,71.84,0.00,0.12,0.00
4,0.00,0.00,0.37,0.24,0.00,0.00,2.59,0.00,1.76,0.01,94.98,0.04,0.00,0.00,0.00,0.00,0.00
5,0.00,0.00,2.77,0.03,0.00,0.00,0.03,0.07,0.00,0.00,2.57,14.91,12.92,66.63,0.02,0.05,0.00
6,0.00,0.00,0.39,0.06,0.01,0.00,0.61,0.00,0.10,0.00,97.26,1.56,0.00,0.01,0.00,0.00,0.00
7,0.18,0.00,4.13,0.14,0.02,0.00,0.17,0.10,0.02,0.00,20.29,21.53,0.00,53.18,0.00,0.23,0.00
8,0.02,0.00,1.36,0.02,0.00,0.00,0.04,0.00,0.00,0.00,2.66,82.37,0.00,13.53,0.00,0.00,0.00
9,0.00,0.00,0.00,0.00,0.00,0.00,0.09,0.00,25.46,0.00,55.95,18.50,0.00,0.00,0.00,0.00,0.00
10,0.01,0.00,0.12,0.03,0.00,0.00,6.80,0.00,0.00,0.00,91.56,1.47,0.00,0.00,0.01,0.00,0.00
11,0.00,0.00,0.00,0.00,0.00,0.00,0.01,0.00,0.00,0.00,74.54,25.45,0.00,0.00,0.00,0.00,0.00
12,0.00,0.00,0.31,0.08,0.01,0.00,18.23,0.00,4.18,0.06,75.97,1.12,0.00,0.00,0.04,0.00,0.00
13,0.17,0.00,8.23,13.17,3.88,0.61,2.14,0.04,0.01,0.03,66.33,3.66,0.30,0.61,0.78,0.04,0.00
14,0.03,0.00,0.73,0.61,0.09,0.00,8.25,0.00,0.00,0.00,88.48,0.00,0.03,1.77,0.00,0.00,0.00
15,0.00,0.00,0.29,0.07,0.01,0.00,0.23,0.00,0.61,0.00,97.37,0.71,0.00,0.00,0.70,0.00,0.00
16,1.11,0.00,5.15,2.38,0.70,0.27,0.05,1.17,0.00,0.00,0.35,19.66,8.55,56.55,3.74,0.32,0.00
17,0.34,0.00,0.11,0.02,0.00,0.00,25.24,7.37,38.70,0.77,0.49,25.06,0.00,0.00,1.87,0.02,0.00
18,0.02,0.00,3.41,0.03,0.00,0.00,0.00,0.00,0.00,0.00,0.52,51.93,0.00,43.87,0.00,0.21,0.00
19,0.01,0.00,0.14,0.11,0.01,0.00,0.27,0.00,0.20,0.00,54.64,44.24,0.00,0.00,0.03,0.35,0.00
20,1.49,0.00,7.72,2.00,0.58,0.20,0.09,13.61,11.77,8.04,16.32,2.96,26.74,3.86,4.40,0.22,0.00
21,0.11,0.00,0.22,0.01,0.00,0.00,0.08,0.01,0.31,0.00,98.82,0.00,0.00,0.00,0.46,0.00,0.00
22,0.00,0.00,0.00,0.00,0.00,0.00,0.00,0.00,0.15,0.00,58.33,41.52,0.00,0.00,0.00,0.00,0.00
23,0.61,0.00,3.46,1.02,0.36,0.14,0.04,0.25,0.00,0.00,0.00,19.19,3.64,71.14,0.04,0.12,0.00
24,0.22,0.00,5.56,1.71,0.33,0.08,0.03,0.00,0.00,0.00,68.31,0.88,1.04,16.33,5.50,0.00,0.00
25,0.03,0.00,0.47,0.37,0.08,0.00,1.13,0.00,26.72,0.00,60.45,10.75,0.00,0.00,0.00,0.00,0.00
26,0.06,0.00,0.66,0.01,0.00,0.00,0.02,0.02,0.19,0.00,25.98,70.11,0.63,1.70,0.14,0.47,0.00
27,0.00,0.00,0.12,0.05,0.06,0.00,88.62,0.00,0.00,0.00,10.90,0.03,0.00,0.00,0.21,0.00,0.00
28,0.00,0.00,0.32,0.05,0.00,0.00,0.33,3.85,5.57,0.00,87.05,2.73,0.00,0.09,0.01,0.00,0.00
29,0.01,0.00,3.58,0.06,0.00,0.00,0.00,0.00,0.00,0.00,0.02,68.62,0.00,27.60,0.00,0.11,0.00
30,0.82,0.00,3.39,0.81,0.10,0.01,0.21,1.00,7.99,0.85,0.07,66.09,0.04,18.62,0.00,0.00,0.00
31,0.46,0.00,1.36,0.51,0.03,0.00,35.20,0.00,0.01,0.00,58.12,0.25,0.00,0.00,2.06,0.19,1.80
32,0.00,0.00,3.95,0.39,0.20,0.00,8.38,0.11,3.62,0.01,66.40,14.49,0.77,1.67,0.00,0.00,0.00
33,0.00,0.00,4.29,0.09,0.00,0.00,0.38,0.00,29.74,0.00,10.78,49.68,0.00,4.93,0.00,0.12,0.00
34,0.04,0.00,1.83,0.80,0.23,0.08,5.28,0.00,0.00,0.00,91.74,0.00,0.00,0.00,0.00,0.00,0.00
35,0.07,0.00,3.58,0.86,0.07,0.00,0.16,0.53,0.01,0.01,69.48,17.87,0.13,0.54,5.79,0.90,0.00
36,0.39,0.00,5.97,0.48,0.11,0.05,0.01,6.30,10.68,0.00,24.19,46.00,1.82,2.91,1.08,0.00,0.00
37,0.06,0.00,0.18,0.05,0.00,0.00,1.81,7.39,39.03,2.40,15.79,30.42,1.10,0.06,1.04,0.65,0.00
38,0.96,0.00,5.19,1.06,0.18,0.07,0.16,5.06,2.35,0.01,0.00,40.05,0.17,44.73,0.00,0.00,0.00
39,3.68,0.00,5.88,1.80,0.30,0.10,0.00,30.37,2.04,0.00,0.00,43.72,10.58,1.53,0.00,0.00,0.00
40,0.00,0.00,0.00,0.00,0.00,0.00,0.09,0.00,0.01,0.00,99.46,0.00,0.00,0.00,0.00,0.00,0.44
41,0.47,0.00,4.52,0.74,0.21,0.08,0.01,3.61,0.06,0.10,2.54,50.47,0.06,37.14,0.00,0.00,0.00
42,0.67,0.00,4.54,0.02,0.00,0.00,0.00,1.08,0.64,0.00,12.44,44.62,0.32,35.64,0.00,0.00,0.00
43,0.32,0.00,0.39,0.58,0.11,0.01,0.02,0.00,0.00,0.00,90.89,4.27,0.22,0.00,2.27,0.92,0.00
44,0.00,0.00,0.00,0.00,0.00,0.00,17.03,0.00,0.94,0.00,48.91,33.12,0.00,0.00,0.00,0.00,0.00
45,0.02,0.00,0.31,0.11,0.01,0.00,10.41,0.00,0.00,0.00,88.58,0.07,0.00,0.50,0.00,0.00,0.00
46,1.79,0.00,3.15,0.95,0.28,0.07,0.06,1.26,0.00,0.02,0.01,55.46,0.02,36.36,0.56,0.01,0.00
47,5.02,0.00,12.61,12.54,4.16,3.17,0.22,19.46,0.83,0.00,0.07,38.52,2.62,0.28,0.27,0.22,0.00
48,0.01,0.00,0.16,0.09,0.00,0.00,0.00,0.01,23.53,0.00,67.47,8.58,0.00,0.10,0.03,0.02,0.00
49,0.09,0.00,4.65,3.38,0.83,0.11,1.15,7.09,0.56,0.72,29.24,5.99,32.03,11.45,2.63,0.08,0.00
50,0.15,0.00,2.09,3.51,1.88,0.42,13.58,0.00,0.00,0.00,78.24,0.07,0.00,0.06,0.00,0.00,0.00
51,0.35,0.00,2.21,0.38,0.16,0.08,0.10,0.00,0.00,0.00,85.32,6.11,1.10,3.73,0.44,0.00,0.00
52,0.44,0.00,3.79,0.58,0.04,0.01,0.00,1.67,0.00,0.00,0.05,43.55,0.01,48.97,0.81,0.08,0.00
53,0.02,0.00,0.03,0.03,0.00,0.00,1.65,0.00,6.24,0.00,77.21,14.59,0.08,0.00,0.15,0.00,0.00
54,0.00,0.00,0.96,0.13,0.05,0.00,0.29,2.19,13.31,0.19,40.52,41.33,0.15,0.84,0.04,0.00,0.00
55,0.00,0.00,0.57,0.03,0.01,0.00,0.19,1.98,18.39,0.28,42.25,35.83,0.31,0.08,0.00,0.07,0.00
56,0.00,0.00,0.00,0.00,0.00,0.00,0.00,0.00,9.55,0.00,53.32,37.05,0.00,0.07,0.00,0.00,0.00
57,0.00,0.00,0.30,0.12,0.01,0.00,0.35,0.01,17.58,0.00,74.81,5.77,0.79,0.06,0.04,0.15,0.00
58,0.17,0.00,5.45,0.31,0.04,0.01,0.29,0.65,2.54,0.01,78.56,8.98,0.07,2.48,0.43,0.00,0.00
59,0.01,0.00,5.19,1.02,0.13,0.02,0.32,0.00,0.00,0.00,32.19,31.37,0.00,29.74,0.00,0.00,0.00
60,0.00,0.00,0.39,0.04,0.00,0.00,23.40,0.00,0.00,0.00,76.17,0.00,0.00,0.00,0.00,0.00,0.00
61,0.02,0.00,2.16,0.29,0.15,0.02,0.01,0.04,0.00,0.04,46.83,23.03,10.08,14.53,2.79,0.01,0.00
62,0.01,0.00,0.10,0.02,0.00,0.00,0.08,0.01,24.76,0.00,73.30,1.45,0.07,0.01,0.19,0.00,0.00
63,0.00,0.00,1.03,0.12,0.01,0.00,0.12,0.00,1.56,0.00,83.49,13.12,0.02,0.52,0.00,0.00,0.00
64,0.00,0.00,0.00,0.00,0.00,0.00,0.57,0.00,1.23,0.00,84.77,13.20,0.00,0.00,0.21,0.00,0.01
65,2.86,0.00,3.86,0.46,0.12,0.04,0.25,19.66,3.79,0.48,25.39,3.86,35.85,0.46,2.32,0.61,0.00
66,0.00,0.00,2.90,0.23,0.03,0.00,0.14,0.19,0.08,0.01,30.07,29.67,31.08,4.86,0.69,0.05,0.00
67,0.00,0.00,0.44,0.02,0.00,0.00,0.44,0.00,25.43,0.00,69.77,3.65,0.17,0.00,0.05,0.02,0.00
68,0.00,0.00,0.66,0.00,0.00,0.00,0.01,0.00,4.74,0.00,24.80,69.74,0.00,0.03,0.01,0.01,0.00
69,1.18,0.00,0.26,0.13,0.01,0.00,0.55,0.06,0.00,0.00,95.85,0.15,0.34,0.01,1.35,0.10,0.00
70,0.08,0.00,3.58,0.39,0.02,0.00,0.23,0.09,0.01,0.00,10.23,67.34,0.00,17.86,0.16,0.00,0.00
71,0.00,0.00,0.20,0.12,0.01,0.00,3.14,0.00,0.00,0.00,87.91,8.62,0.00,0.00,0.00,0.00,0.00
72,0.00,0.00,1.15,0.35,0.02,0.00,34.74,0.00,5.91,0.00,48.12,8.03,0.04,1.62,0.02,0.00,0.00
73,0.01,0.00,4.83,2.12,0.81,0.20,0.15,3.20,0.12,0.02,30.89,2.03,30.97,22.14,2.48,0.03,0.00
74,0.01,0.00,0.22,0.17,0.01,0.00,0.01,0.42,1.29,0.00,95.56,0.22,0.00,0.10,1.87,0.02,0.09
75,0.73,0.00,4.30,0.86,0.09,0.02,0.21,2.17,2.46,0.03,0.01,31.42,0.14,57.50,0.00,0.04,0.00
76,0.75,0.00,2.66,1.90,0.32,0.03,0.01,1.16,19.91,0.01,44.84,1.85,22.83,2.01,1.71,0.03,0.00
77,0.03,0.00,9.16,4.92,3.48,0.23,1.48,0.00,2.03,5.88,52.75,15.94,1.71,1.86,0.35,0.18,0.00
78,0.22,0.00,3.14,0.32,0.00,0.00,0.06,0.03,0.01,0.00,11.05,31.34,0.19,51.68,0.71,1.23,0.00
79,0.00,0.00,1.50,0.36,0.01,0.00,0.27,0.00,0.00,0.00,96.92,0.04,0.00,0.89,0.00,0.00,0.00
80,0.00,0.00,0.00,0.00,0.00,0.00,12.24,0.00,0.57,0.00,81.44,5.74,0.00,0.00,0.00,0.00,0.00
81,7.04,0.00,3.49,0.51,0.03,0.00,0.15,7.44,0.00,0.04,0.00,44.07,4.35,24.03,7.43,1.39,0.00
82,2.49,0.00,4.75,3.36,0.60,0.11,0.10,5.64,0.00,0.01,0.01,25.78,3.10,50.93,3.07,0.06,0.00
83,0.00,0.00,0.71,0.11,0.01,0.00,0.00,0.00,0.00,0.00,99.11,0.05,0.00,0.00,0.00,0.00,0.00
84,0.74,0.00,18.98,16.09,11.62,1.29,0.21,0.00,0.23,0.68,39.48,5.77,1.13,2.59,0.58,0.62,0.00
85,0.00,0.00,0.00,0.00,0.00,0.00,49.41,0.00,0.00,0.00,50.59,0.00,0.00,0.00,0.00,0.00,0.00
86,0.94,0.00,5.47,0.39,0.09,0.01,0.00,0.24,0.41,0.00,65.62,4.49,0.21,22.13,0.01,0.00,0.00
87,0.29,0.00,4.94,0.16,0.02,0.00,0.02,2.71,1.95,0.00,9.99,52.87,0.82,26.00,0.25,0.00,0.00
88,0.30,0.00,6.42,0.12,0.02,0.00,0.00,3.50,1.00,0.00,11.52,68.50,0.00,8.31,0.31,0.00,0.00
89,0.25,0.00,0.80,0.33,0.02,0.00,0.02,0.51,24.54,0.10,57.91,12.41,0.11,2.93,0.06,0.00,0.00
90,0.00,0.00,0.00,0.00,0.00,0.00,2.83,0.00,0.26,0.00,96.12,0.79,0.00,0.00,0.00,0.00,0.00
91,0.00,0.00,0.30,0.06,0.00,0.00,0.60,0.00,4.83,0.00,93.11,1.11,0.00,0.00,0.00,0.00,0.00
92,0.01,0.00,4.10,0.24,0.00,0.00,0.91,0.00,0.00,0.08,10.87,76.32,0.00,7.44,0.02,0.00,0.00
93,0.57,0.00,9.18,3.45,3.25,0.05,0.64,0.00,2.50,5.99,52.86,16.50,3.22,0.79,0.33,0.68,0.00
94,0.02,0.00,2.60,0.03,0.00,0.00,0.30,0.25,2.49,0.00,21.49,39.03,0.00,32.22,0.01,1.55,0.00
95,0.00,0.00,0.05,0.00,0.00,0.00,0.01,0.00,0.00,0.00,99.37,0.00,0.00,0.00,0.51,0.05,0.00
96,1.84,0.00,3.99,0.67,0.11,0.02,0.99,18.53,0.03,0.00,0.40,54.76,7.51,11.13,0.00,0.02,0.00
97,0.00,0.00,0.50,0.20,0.01,0.00,3.34,0.00,6.81,0.00,83.31,5.83,0.00,0.00,0.00,0.00,0.00
98,0.17,0.00,0.97,0.38,0.01,0.00,0.38,0.01,10.83,0.00,82.26,1.64,0.15,3.07,0.09,0.03,0.00
99,3.88,0.00,4.89,1.06,0.17,0.03,0.02,13.33,0.99,0.00,0.12,35.16,19.66,20.17,0.42,0.08,0.00
100,0.00,0.00,0.14,0.03,0.00,0.00,0.24,0.00,0.65,0.01,98.04,0.89,0.00,0.00,0.00,0.00,0.00
101,0.17,0.00,0.04,0.01,0.00,0.00,0.04,1.18,57.26,0.17,40.27,0.63,0.00,0.00,0.09,0.13,0.00
102,0.22,0.00,11.22,19.03,14.08,2.18,0.03,0.00,0.00,0.00,48.07,1.13,0.43,3.55,0.06,0.00,0.00
103,0.01,0.00,0.38,0.25,0.01,0.00,0.02,0.00,20.73,0.00,78.38,0.22,0.00,0.00,0.00,0.00,0.00
104,0.02,0.00,5.15,0.64,0.07,0.00,9.54,0.01,25.57,2.31,46.07,8.31,0.03,1.37,0.89,0.01,0.00
105,0.04,0.00,1.42,0.26,0.04,0.01,0.00,4.61,3.50,0.00,88.79,1.33,0.00,0.00,0.00,0.00,0.00
106,0.07,0.00,3.00,0.34,0.04,0.02,2.53,0.28,0.37,1.30,42.65,17.52,0.00,31.53,0.35,0.00,0.00
107,0.02,0.00,0.80,0.01,0.00,0.00,1.47,4.84,8.46,0.14,61.47,18.67,0.00,3.57,0.15,0.40,0.00
108,0.06,0.00,0.63,0.01,0.00,0.00,17.36,0.00,41.56,0.00,35.91,4.45,0.00,0.00,0.01,0.00,0.00
109,0.06,0.00,0.26,0.13,0.00,0.00,0.34,0.00,0.61,0.00,96.50,0.64,0.01,0.01,1.30,0.14,0.00
110,0.00,0.00,1.02,0.01,0.00,0.00,0.07,0.00,0.00,0.00,2.52,96.37,0.00,0.00,0.00,0.00,0.00
111,0.15,0.00,6.21,1.01,0.21,0.02,8.54,0.00,0.00,0.09,5.31,36.13,1.85,39.78,0.00,0.69,0.00
112,0.02,0.00,1.37,0.72,0.12,0.02,0.80,3.47,57.36,1.61,21.98,10.45,1.22,0.17,0.68,0.02,0.00
113,0.02,0.00,0.91,0.31,0.02,0.00,1.77,1.70,4.39,0.02,75.25,13.24,1.27,0.23,0.85,0.01,0.00
114,0.00,0.00,1.40,0.22,0.03,0.00,0.37,0.07,11.32,0.00,81.77,2.25,0.00,2.24,0.10,0.21,0.00
115,0.23,0.00,1.22,0.12,0.01,0.00,0.04,0.00,1.25,0.00,95.12,0.18,0.00,1.11,0.38,0.34,0.00
116,0.13,0.00,1.59,0.05,0.00,0.00,0.15,0.04,0.00,0.01,89.14,2.36,0.00,5.86,0.15,0.51,0.00
117,0.76,0.00,3.30,0.98,0.19,0.04,0.02,34.13,0.05,0.00,0.00,45.33,11.77,3.39,0.00,0.03,0.00
118,0.12,0.00,0.29,0.02,0.00,0.00,7.55,0.36,16.23,0.00,57.58,17.53,0.05,0.00,0.05,0.23,0.00
119,0.36,0.00,0.19,0.01,0.00,0.00,0.09,0.00,0.01,0.00,81.76,16.43,0.00,0.12,0.39,0.64,0.00
120,0.30,0.00,4.10,0.60,0.01,0.00,2.35,5.17,1.36,0.02,36.24,24.73,16.29,2.80,5.23,0.80,0.00
121,0.43,0.00,0.57,0.01,0.00,0.00,0.07,1.29,58.59,0.08,5.44,31.27,0.55,0.02,0.24,1.44,0.00
122,0.00,0.00,0.17,0.12,0.01,0.00,0.11,0.01,4.22,0.03,95.31,0.02,0.00,0.00,0.00,0.00,0.00
123,0.01,0.00,0.00,0.00,0.00,0.00,0.22,0.00,20.22,0.00,76.14,3.37,0.03,0.00,0.01,0.00,0.00
124,0.25,0.00,6.58,0.31,0.06,0.03,0.00,2.37,3.06,0.00,62.66,14.97,0.57,9.11,0.02,0.00,0.00
125,0.00,0.00,0.47,0.04,0.00,0.00,0.01,0.00,0.00,0.00,98.90,0.10,0.00,0.34,0.04,0.09,0.00
126,0.00,0.00,1.07,0.85,0.27,0.05,0.10,0.12,14.49,0.01,52.41,30.22,0.15,0.25,0.00,0.00,0.00
127,0.06,0.00,4.76,0.49,0.09,0.02,0.03,0.10,0.01,0.00,5.94,17.37,0.00,71.04,0.01,0.09,0.00
128,0.64,0.00,5.04,0.79,0.16,0.00,0.00,0.03,9.99,4.46,69.58,7.81,0.01,0.08,0.35,1.05,0.00
129,0.01,0.00,0.34,0.07,0.00,0.00,0.04,0.06,7.12,0.00,88.24,4.01,0.00,0.11,0.00,0.00,0.00
130,0.00,0.00,1.49,0.24,0.08,0.00,0.02,0.34,0.50,0.00,96.68,0.65,0.00,0.00,0.00,0.00,0.00
131,0.02,0.00,0.19,0.03,0.00,0.00,1.44,0.00,2.71,0.00,87.37,7.95,0.00,0.00,0.04,0.24,0.00
132,0.01,0.00,0.99,0.41,0.04,0.00,0.17,0.00,8.87,0.00,54.73,34.59,0.01,0.17,0.01,0.00,0.00
133,0.35,0.00,4.44,1.69,0.36,0.04,13.93,0.00,0.00,0.01,2.73,30.07,2.40,43.98,0.00,0.01,0.00
134,0.02,0.00,5.59,1.63,0.53,0.07,0.35,0.00,0.00,0.00,0.28,12.75,1.47,77.15,0.10,0.05,0.00
135,0.09,0.00,0.68,0.53,0.18,0.01,1.45,0.00,50.50,0.00,36.72,9.80,0.00,0.00,0.04,0.00,0.00
136,0.58,0.00,4.32,0.93,0.22,0.02,0.00,3.67,0.00,0.07,0.00,49.77,3.78,35.44,1.19,0.01,0.00
137,0.69,0.00,4.57,0.74,0.26,0.06,0.03,3.04,0.00,0.00,12.36,68.37,0.43,9.42,0.00,0.02,0.00
138,0.00,0.00,0.31,0.07,0.00,0.00,0.13,0.02,30.82,0.00,66.10,2.16,0.00,0.00,0.38,0.01,0.00
139,0.01,0.00,0.46,0.44,0.09,0.00,0.70,0.00,34.24,0.00,47.51,16.53,0.00,0.02,0.01,0.00,0.00
140,0.13,0.00,1.74,1.03,0.40,0.04,9.64,0.00,16.23,0.00,70.58,0.02,0.00,0.00,0.17,0.01,0.00
141,0.57,0.00,2.23,4.64,1.33,0.19,4.60,0.01,0.06,0.05,19.77,0.01,31.60,34.44,0.31,0.19,0.01
142,0.01,0.00,0.66,1.01,0.69,0.06,2.24,0.00,0.00,0.00,95.29,0.03,0.00,0.00,0.00,0.00,0.00
143,0.42,0.00,0.15,0.01,0.00,0.00,0.10,0.00,0.00,0.00,58.51,40.41,0.00,0.00,0.07,0.32,0.00
144,0.03,0.00,0.12,0.04,0.00,0.00,0.01,0.00,0.04,0.00,90.45,9.28,0.01,0.00,0.01,0.00,0.00
145,0.71,0.00,6.56,4.06,0.87,0.24,0.08,0.00,0.05,0.00,86.67,0.43,0.03,0.20,0.00,0.00,0.10
146,0.00,0.00,3.60,0.02,0.00,0.00,0.00,0.00,0.00,0.00,0.00,69.57,0.00,26.80,0.00,0.01,0.00
147,0.02,0.00,1.95,0.00,0.00,0.00,0.40,0.00,8.17,20.76,49.74,16.12,1.37,0.14,0.65,0.67,0.00
148,0.04,0.00,0.72,0.13,0.02,0.00,1.02,0.00,13.62,0.00,75.15,9.01,0.26,0.00,0.00,0.03,0.00
149,0.19,0.00,1.74,2.27,0.78,0.01,49.25,0.00,0.34,0.00,37.83,0.04,1.20,6.26,0.07,0.02,0.00
150,0.36,0.00,4.58,0.85,0.23,0.09,0.05,0.00,0.00,1.85,22.05,21.32,0.00,48.55,0.07,0.00,0.00
151,6.72,0.00,10.08,3.48,1.25,0.47,0.18,2.94,3.65,0.00,0.00,34.97,4.89,27.22,4.16,0.00,0.00
152,0.02,0.00,0.03,0.00,0.00,0.00,0.05,0.00,2.80,0.00,16.12,80.42,0.00,0.19,0.12,0.25,0.00
153,0.05,0.00,2.12,1.37,0.14,0.00,0.01,0.02,0.45,0.09,57.04,22.04,12.41,0.06,3.35,0.84,0.00
154,0.60,0.00,5.45,0.46,0.05,0.01,0.08,8.88,2.35,1.39,4.23,16.15,40.14,17.58,2.46,0.20,0.00
155,1.32,0.00,3.87,0.31,0.03,0.00,0.00,0.08,0.00,0.00,0.03,29.88,0.00,63.97,0.49,0.00,0.00
156,0.16,0.00,2.37,0.46,0.01,0.00,0.36,7.66,0.15,0.22,33.11,2.60,40.66,8.63,3.38,0.22,0.00
157,1.23,0.00,1.76,0.18,0.03,0.00,0.45,0.03,7.17,13.14,59.69,15.50,0.12,0.13,0.28,0.29,0.00
158,1.04,0.00,2.76,1.64,0.32,0.07,1.65,0.15,5.36,0.00,58.10,19.41,2.31,5.82,1.36,0.00,0.00
159,0.15,0.00,1.83,0.49,0.10,0.01,0.00,9.15,10.35,0.00,75.78,1.63,0.16,0.31,0.03,0.00,0.00
160,0.02,0.00,3.09,1.28,0.31,0.15,0.92,0.00,0.00,0.00,93.33,0.89,0.00,0.00,0.00,0.00,0.00
161,0.09,0.00,1.01,0.06,0.00,0.00,0.01,9.34,13.72,0.00,36.49,37.55,0.69,0.52,0.52,0.00,0.00
162,0.06,0.00,3.95,0.16,0.00,0.00,0.20,0.01,0.00,0.00,5.97,77.61,0.00,11.57,0.46,0.00,0.00
163,0.17,0.00,3.81,0.60,0.07,0.02,0.00,0.21,0.00,0.00,0.01,26.44,0.00,66.81,1.73,0.12,0.00
164,0.03,0.00,0.80,0.28,0.03,0.00,0.32,4.40,39.53,2.11,13.76,30.72,4.08,0.23,2.57,1.13,0.00
165,0.05,0.00,4.48,0.47,0.16,0.05,0.07,6.55,6.69,1.17,13.73,5.05,46.98,11.48,2.74,0.35,0.00
166,0.00,0.00,0.28,0.04,0.00,0.00,0.01,0.09,0.22,0.00,40.95,58.23,0.00,0.00,0.11,0.06,0.00
167,0.02,0.00,0.00,0.00,0.00,0.00,4.98,0.03,15.41,0.14,78.95,0.21,0.00,0.00,0.26,0.00,0.00
168,0.34,0.00,11.11,16.40,31.47,9.34,0.23,0.01,0.14,0.71,20.57,9.08,0.03,0.00,0.49,0.08,0.00
169,1.40,0.00,4.21,1.26,0.42,0.12,3.31,1.85,0.00,0.00,0.59,36.07,0.02,50.73,0.00,0.00,0.00
170,0.26,0.00,10.48,9.47,8.02,0.82,0.83,0.00,2.24,0.82,59.32,6.36,0.15,0.26,0.84,0.13,0.00
171,0.81,0.00,4.82,0.52,0.12,0.02,1.08,0.97,0.00,0.00,22.49,61.15,0.65,7.33,0.00,0.03,0.00
172,0.12,0.00,0.77,0.11,0.01,0.00,0.00,0.00,18.41,0.35,79.77,0.32,0.02,0.02,0.09,0.00,0.00
173,0.02,0.00,8.23,5.65,6.79,0.64,0.15,0.00,10.21,11.56,44.31,7.59,0.21,4.47,0.16,0.02,0.00
174,0.04,0.00,1.25,0.10,0.00,0.00,0.14,0.03,2.27,0.21,41.54,46.85,0.00,7.53,0.04,0.00,0.00
175,0.00,0.00,0.36,0.07,0.00,0.00,6.85,0.01,2.87,0.01,89.23,0.61,0.00,0.00,0.00,0.00,0.00
176,0.00,0.00,2.52,0.45,0.02,0.00,1.25,0.00,0.00,0.00,85.33,0.50,0.91,9.00,0.01,0.00,0.00
177,0.04,0.00,0.31,0.27,0.05,0.01,5.26,0.00,0.07,0.00,85.59,7.73,0.00,0.00,0.68,0.00,0.00
178,0.00,0.00,0.21,0.02,0.00,0.00,2.20,0.01,2.66,0.00,60.39,34.26,0.15,0.00,0.09,0.00,0.00
179,0.01,0.00,3.13,0.22,0.00,0.00,2.80,0.00,0.00,2.08,75.26,1.21,0.00,15.17,0.10,0.00,0.00
180,0.00,0.00,3.73,0.13,0.02,0.00,0.01,0.64,12.79,0.00,52.63,10.62,0.99,18.38,0.06,0.00,0.00
181,0.00,0.00,1.50,0.51,0.05,0.04,0.30,0.00,1.13,0.00,95.49,0.97,0.00,0.00,0.00,0.00,0.00
182,0.02,0.00,0.19,0.00,0.00,0.00,0.00,0.00,4.77,0.00,8.67,86.28,0.00,0.00,0.00,0.08,0.00
183,0.48,0.00,1.27,0.38,0.01,0.00,0.90,0.00,0.14,0.00,83.05,7.77,0.78,3.61,1.51,0.10,0.00
184,0.00,0.00,6.60,4.69,0.74,0.20,0.10,0.02,1.29,0.02,80.72,5.63,0.00,0.00,0.00,0.00,0.00
185,0.01,0.00,1.23,0.04,0.01,0.00,0.00,0.47,0.44,0.00,97.69,0.10,0.00,0.00,0.02,0.00,0.00
186,0.00,0.00,0.18,0.01,0.00,0.00,0.04,0.23,94.13,0.00,4.48,0.83,0.00,0.00,0.06,0.03,0.00
187,2.37,0.00,13.31,6.06,3.12,2.36,0.04,4.67,3.88,0.00,0.00,19.37,25.40,15.70,3.70,0.00,0.00
188,0.41,0.00,2.88,0.11,0.01,0.00,0.00,0.14,0.00,0.00,0.01,52.31,2.90,40.79,0.40,0.03,0.00
189,0.03,0.00,0.09,0.05,0.00,0.00,1.24,0.00,1.59,0.00,90.71,6.16,0.02,0.00,0.10,0.00,0.00
190,0.10,0.00,2.39,0.08,0.00,0.00,0.32,0.05,1.38,0.52,62.80,18.98,0.00,13.36,0.03,0.00,0.00
191,0.04,0.00,0.53,2.63,0.66,0.00,0.02,0.09,0.03,0.18,66.01,3.53,17.80,5.47,2.76,0.25,0.00
192,0.00,0.00,0.80,0.07,0.00,0.00,0.38,0.00,0.00,0.00,98.02,0.02,0.00,0.57,0.10,0.04,0.00
193,0.01,0.00,0.35,0.09,0.00,0.00,0.22,1.98,57.05,1.46,31.10,6.12,0.37,0.01,1.16,0.09,0.00
194,1.54,0.00,2.29,3.06,0.92,0.12,0.35,0.01,0.02,0.00,32.73,43.20,3.87,0.00,6.32,5.57,0.01
195,2.68,0.00,2.91,0.57,0.07,0.01,1.18,3.69,2.02,0.14,3.90,3.19,12.82,15.43,15.16,36.24,0.00
196,0.28,0.00,3.95,0.91,0.15,0.01,6.39,0.00,15.53,1.73,50.65,19.29,0.13,0.26,0.70,0.01,0.00
197,0.00,0.00,0.19,0.00,0.00,0.00,0.00,0.00,16.08,0.00,40.86,42.86,0.00,0.01,0.00,0.00,0.00
198,0.02,0.00,0.31,0.14,0.02,0.00,1.53,0.00,3.84,0.00,77.23,16.90,0.01,0.00,0.01,0.00,0.00
199,0.95,0.00,0.37,0.04,0.01,0.00,2.59,13.03,46.52,1.49,0.06,28.12,0.01,0.00,5.20,1.61,0.00
200,0.11,0.00,0.45,0.02,0.00,0.00,0.03,0.00,1.47,0.00,2.92,94.92,0.00,0.00,0.01,0.09,0.00
201,0.02,0.00,0.54,0.02,0.00,0.00,0.01,0.00,20.73,0.00,20.12,58.37,0.00,0.03,0.06,0.09,0.00
202,0.00,0.00,0.62,0.04,0.00,0.00,1.33,0.00,0.00,0.00,98.00,0.00,0.00,0.00,0.00,0.00,0.00
203,0.26,0.00,2.40,0.98,0.16,0.05,0.03,0.00,0.00,0.00,84.41,0.11,0.39,11.01,0.18,0.00,0.00
204,0.09,0.00,4.05,0.25,0.04,0.01,0.83,0.01,0.00,2.90,32.56,46.74,0.00,12.16,0.35,0.00,0.00
205,0.08,0.00,0.78,0.37,0.06,0.00,9.98,0.00,5.92,0.00,82.07,0.72,0.00,0.00,0.03,0.00,0.00
206,0.00,0.00,0.10,0.05,0.00,0.00,1.09,0.00,0.00,0.00,97.67,0.60,0.45,0.01,0.04,0.00,0.00
207,1.47,0.00,1.09,0.01,0.00,0.00,0.11,0.04,0.03,0.06,55.16,31.98,0.00,9.93,0.13,0.01,0.00
208,0.01,0.00,1.77,1.82,0.32,0.00,0.60,0.00,0.03,0.01,55.99,33.04,4.96,0.01,1.33,0.11,0.00
209,0.02,0.00,4.52,0.18,0.01,0.00,0.05,0.21,0.00,0.00,0.00,5.44,4.86,84.70,0.00,0.00,0.00
210,0.00,0.00,0.15,0.09,0.01,0.00,0.23,0.00,47.81,0.00,49.61,2.00,0.09,0.00,0.01,0.00,0.00
211,0.03,0.00,1.39,0.18,0.03,0.00,0.07,0.36,0.04,0.00,95.26,0.72,0.00,1.87,0.04,0.00,0.00
212,0.00,0.00,0.72,0.07,0.03,0.00,0.06,0.00,1.63,0.00,14.75,82.74,0.00,0.00,0.00,0.00,0.00
213,0.01,0.00,2.62,0.00,0.00,0.00,4.06,0.01,0.15,3.79,41.71,46.63,0.34,0.64,0.02,0.02,0.00
214,8.67,0.00,0.00,0.00,0.00,0.00,24.92,0.09,8.76,0.00,52.85,4.49,0.05,0.00,0.17,0.00,0.00
215,2.25,0.00,3.82,1.04,0.58,0.04,0.38,0.02,4.92,13.68,60.76,11.60,0.43,0.14,0.17,0.16,0.00
216,0.00,0.00,0.21,0.08,0.00,0.00,0.08,0.21,0.51,0.00,97.26,1.20,0.04,0.00,0.40,0.00,0.00
217,0.00,0.00,0.17,0.04,0.00,0.00,24.96,0.00,0.00,0.00,49.49,24.70,0.03,0.60,0.00,0.00,0.00
218,0.18,0.00,2.38,0.19,0.00,0.00,0.16,0.12,0.03,0.00,51.78,35.77,0.00,9.31,0.04,0.03,0.00
219,8.91,0.00,6.45,0.35,0.06,0.03,0.00,1.45,0.72,0.00,10.77,67.56,0.28,3.31,0.11,0.00,0.00
220,0.12,0.00,7.76,0.15,0.02,0.00,0.02,0.50,0.23,0.12,12.65,4.93,0.59,72.86,0.07,0.00,0.00
221,0.11,0.00,17.17,10.29,6.92,3.15,0.25,7.09,29.19,0.08,12.31,6.85,1.43,3.60,1.57,0.00,0.00
222,0.86,0.00,3.90,0.38,0.03,0.01,0.04,0.78,0.00,0.00,0.04,25.15,0.15,68.32,0.30,0.05,0.00
223,0.02,0.00,0.90,0.14,0.00,0.00,1.78,0.00,26.60,0.00,60.57,9.81,0.00,0.00,0.17,0.00,0.00
224,1.97,0.00,3.49,3.04,3.32,1.01,5.93,3.68,0.00,0.06,7.59,3.43,4.70,43.90,1.78,16.11,0.00
225,0.28,0.00,2.58,0.02,0.00,0.00,0.00,8.65,11.10,0.01,66.96,8.05,1.13,1.21,0.00,0.00,0.00
226,0.02,0.00,3.24,0.09,0.00,0.00,0.05,0.04,0.04,0.00,2.62,39.56,4.35,49.71,0.11,0.19,0.00
227,0.01,0.00,0.83,0.29,0.11,0.02,1.42,0.00,5.24,0.00,87.74,4.33,0.00,0.01,0.00,0.00,0.00
228,0.09,0.00,0.37,0.28,0.06,0.03,10.48,0.00,0.00,0.00,82.81,3.39,0.00,2.46,0.01,0.00,0.02
229,0.00,0.00,0.00,0.00,0.00,0.00,0.00,0.00,9.68,0.00,49.62,40.69,0.01,0.00,0.00,0.00,0.00
230,0.00,0.00,0.06,0.04,0.01,0.00,16.17,0.00,1.38,0.00,82.33,0.00,0.00,0.00,0.00,0.00,0.00
231,0.08,0.00,1.90,0.63,0.04,0.01,1.51,0.09,0.62,0.02,63.11,29.19,0.00,2.75,0.04,0.01,0.00
232,0.02,0.00,0.36,0.13,0.00,0.00,0.35,1.74,13.15,0.29,67.21,14.07,0.70,0.98,0.55,0.46,0.00
233,0.00,0.00,0.28,0.06,0.01,0.00,0.03,0.00,0.00,0.00,1.59,98.01,0.00,0.03,0.00,0.00,0.00
234,0.28,0.00,0.26,0.07,0.04,0.00,0.06,0.03,17.71,0.00,6.49,74.96,0.00,0.05,0.00,0.06,0.00
235,0.00,0.00,0.31,0.02,0.00,0.00,0.00,0.06,57.50,0.01,24.65,17.44,0.00,0.00,0.00,0.00,0.00
236,0.00,0.00,0.41,0.00,0.00,0.00,0.00,0.00,0.44,0.00,99.02,0.07,0.00,0.01,0.03,0.03,0.00
237,1.03,0.00,6.01,1.70,0.90,0.03,0.49,0.00,15.80,19.05,30.60,16.38,2.00,5.01,0.73,0.28,0.00
238,0.81,0.00,0.40,0.07,0.00,0.00,0.04,0.01,0.01,0.00,20.34,77.22,0.00,0.16,0.37,0.55,0.00
239,0.03,0.00,1.91,0.42,0.09,0.04,0.00,5.29,4.80,0.00,85.19,1.74,0.24,0.24,0.01,0.00,0.00
240,0.36,0.00,0.00,0.00,0.00,0.00,3.97,13.32,48.42,6.77,3.16,17.27,2.75,0.04,3.60,0.34,0.00
241,0.00,0.00,1.06,0.29,0.03,0.01,4.81,0.00,0.00,0.00,93.06,0.64,0.08,0.01,0.01,0.00,0.00
242,0.00,0.00,0.67,0.18,0.00,0.00,0.01,0.01,24.25,0.00,62.65,12.00,0.20,0.00,0.01,0.00,0.00
243,0.00,0.00,1.24,0.20,0.01,0.00,0.12,0.00,2.07,0.00,87.24,8.13,0.03,0.75,0.02,0.19,0.00
244,0.03,0.00,0.01,0.00,0.00,0.00,1.62,0.00,37.57,0.00,45.70,15.04,0.00,0.00,0.03,0.00,0.00
245,0.80,0.00,0.04,0.01,0.00,0.00,37.13,0.01,1.31,0.00,48.73,11.41,0.14,0.01,0.42,0.00,0.00
246,0.66,0.00,4.18,0.45,0.07,0.01,0.03,1.15,11.48,2.42,0.06,53.41,0.00,26.07,0.00,0.00,0.00
247,0.00,0.00,0.57,0.36,0.77,0.00,89.07,0.00,0.00,0.00,8.12,0.00,0.36,0.75,0.00,0.00,0.00
248,0.45,0.00,0.52,0.01,0.00,0.00,12.77,0.00,4.48,0.00,68.86,12.71,0.02,0.00,0.18,0.00,0.00
249,1.92,0.00,3.50,2.47,2.44,0.56,0.26,1.72,3.35,0.06,10.98,61.64,0.78,9.70,0.58,0.05,0.00
250,0.01,0.00,3.62,6.45,8.51,1.51,8.12,0.00,0.07,0.05,70.68,0.40,0.11,0.45,0.02,0.00,0.00
251,0.00,0.00,0.26,0.07,0.00,0.00,2.68,0.00,0.13,0.00,96.74,0.12,0.00,0.00,0.00,0.00,0.00
252,0.01,0.00,1.10,0.12,0.01,0.00,0.92,0.13,17.23,0.00,73.47,4.94,0.19,0.40,1.50,0.00,0.00
253,0.00,0.00,0.82,0.36,0.07,0.00,8.52,0.00,0.00,0.00,89.56,0.00,0.00,0.58,0.04,0.05,0.00
254,0.04,0.00,5.19,0.56,0.06,0.01,0.14,0.00,0.00,0.00,9.15,29.52,0.00,55.24,0.00,0.10,0.00
255,1.15,0.00,0.15,0.26,0.02,0.00,0.02,0.84,63.05,0.01,30.74,1.40,0.32,0.03,2.00,0.00,0.00
256,0.10,0.00,6.68,0.50,0.10,0.04,0.03,0.00,0.00,0.00,0.45,38.51,0.00,53.59,0.00,0.01,0.00
257,0.00,0.00,0.00,0.00,0.00,0.00,2.60,0.00,0.51,0.00,53.07,43.80,0.00,0.01,0.01,0.00,0.00
258,0.00,0.00,0.59,0.00,0.00,0.00,0.00,0.00,13.13,0.00,53.88,32.40,0.00,0.00,0.00,0.00,0.00
259,0.01,0.00,0.40,0.25,0.02,0.00,0.60,0.00,0.02,0.00,98.35,0.33,0.02,0.01,0.00,0.00,0.00
260,6.71,0.00,0.75,0.34,0.07,0.00,7.28,0.00,0.00,0.00,84.75,0.02,0.00,0.00,0.08,0.00,0.00
261,0.97,0.00,4.70,0.75,0.09,0.02,0.46,11.59,0.00,0.00,11.86,57.90,2.03,9.59,0.00,0.04,0.00
262,5.80,0.00,10.87,2.30,0.51,0.26,0.22,9.22,2.37,1.56,32.50,3.02,25.36,3.27,2.65,0.08,0.00
263,0.00,0.00,0.00,0.00,0.00,0.00,40.25,0.00,0.00,0.00,59.74,0.00,0.00,0.00,0.00,0.00,0.00
264,0.00,0.00,0.17,0.02,0.00,0.00,0.01,0.00,0.35,0.00,98.38,0.97,0.00,0.00,0.09,0.01,0.00
265,0.03,0.00,0.23,0.06,0.01,0.00,0.53,0.00,24.89,0.00,34.36,39.24,0.00,0.00,0.00,0.66,0.00
266,0.46,0.00,6.39,0.27,0.05,0.03,0.00,5.45,8.01,0.01,23.38,31.21,10.77,12.71,1.26,0.00,0.00
267,0.03,0.00,0.32,0.20,0.02,0.00,0.08,0.00,0.70,0.00,73.21,25.14,0.10,0.12,0.07,0.00,0.00
268,0.00,0.00,0.20,0.14,0.00,0.00,1.16,0.00,0.00,0.00,98.46,0.01,0.00,0.00,0.03,0.00,0.00
269,0.00,0.00,0.52,0.01,0.00,0.00,0.00,0.06,0.48,0.00,59.94,38.99,0.00,0.00,0.00,0.00,0.00
270,0.00,0.00,0.16,0.00,0.00,0.00,0.00,0.00,0.00,0.00,28.93,70.91,0.00,0.00,0.00,0.00,0.00
271,0.84,0.00,5.95,1.24,0.37,0.14,0.01,15.92,0.04,0.00,0.00,54.98,4.92,15.57,0.00,0.00,0.00
272,0.00,0.00,0.30,0.00,0.00,0.00,0.11,0.00,0.00,0.00,98.81,0.68,0.00,0.02,0.04,0.04,0.00
273,0.00,0.00,0.00,0.00,0.00,0.00,0.00,0.00,0.00,0.00,71.88,27.55,0.00,0.00,0.00,0.00,0.58
274,0.00,0.00,0.13,0.20,0.03,0.00,11.94,0.00,1.63,0.00,85.99,0.06,0.00,0.00,0.02,0.00,0.00
275,0.06,0.00,1.60,3.88,2.14,0.27,2.56,0.02,3.79,0.16,66.20,0.29,7.05,11.86,0.12,0.03,0.00
276,0.00,0.00,0.51,0.42,0.01,0.00,0.47,0.00,0.00,0.00,98.58,0.00,0.00,0.00,0.01,0.00,0.00
277,0.00,0.00,0.22,0.32,0.04,0.00,9.59,0.00,0.53,0.00,89.21,0.05,0.00,0.00,0.05,0.00,0.00
278,2.79,0.00,3.59,0.21,0.01,0.00,0.05,0.00,0.00,0.00,0.76,57.97,0.00,34.17,0.41,0.04,0.00
279,0.96,0.00,6.41,3.55,3.06,0.19,0.19,0.00,2.42,0.73,77.12,4.35,0.01,0.00,0.92,0.10,0.00
280,0.44,0.00,3.02,0.10,0.00,0.00,0.01,0.25,0.00,0.00,0.00,12.00,0.64,83.54,0.00,0.00,0.00
281,0.00,0.00,1.53,0.31,0.10,0.00,5.45,0.00,0.22,0.00,90.85,0.13,0.00,1.39,0.02,0.01,0.00
282,0.00,0.00,0.47,0.18,0.00,0.00,5.44,0.00,0.00,0.00,93.91,0.00,0.00,0.00,0.00,0.00,0.00
283,0.37,0.00,2.03,2.19,1.49,0.28,0.13,0.26,17.98,0.00,47.10,21.27,3.95,1.00,1.95,0.00,0.00
284,1.46,0.00,3.96,0.55,0.10,0.02,0.01,1.56,0.00,0.00,0.02,43.11,0.12,48.73,0.35,0.01,0.00
285,0.00,0.00,0.98,0.15,0.01,0.00,0.13,0.00,0.00,0.00,33.32,61.38,0.00,3.26,0.76,0.01,0.00
286,0.00,0.00,0.00,0.00,0.00,0.00,35.31,0.00,0.00,0.00,64.67,0.02,0.00,0.00,0.00,0.00,0.00
287,0.47,0.00,4.60,1.91,1.11,0.15,0.26,0.00,1.61,0.00,49.92,18.98,5.68,13.62,1.69,0.00,0.00
288,0.01,0.00,0.63,0.01,0.00,0.00,0.00,0.33,43.50,0.00,19.30,34.23,0.00,0.73,0.13,1.12,0.00
289,0.53,0.00,4.51,0.70,0.13,0.04,0.00,5.11,0.01,0.00,0.00,46.56,0.33,42.08,0.00,0.00,0.00
290,0.00,0.00,0.00,0.00,0.00,0.00,1.72,0.00,30.73,0.00,66.74,0.81,0.00,0.00,0.00,0.00,0.00
291,0.03,0.00,5.41,0.53,0.17,0.00,0.06,0.00,10.51,4.74,34.31,29.74,2.91,9.90,0.41,1.27,0.00
292,0.01,0.00,0.33,0.01,0.00,0.00,0.38,2.18,32.66,0.00,51.90,12.17,0.08,0.01,0.26,0.00,0.00
293,0.02,0.00,0.37,0.07,0.00,0.00,0.01,3.80,36.50,0.37,44.30,11.95,1.33,0.05,1.01,0.22,0.00
294,1.78,0.00,8.25,6.63,3.21,1.80,0.50,0.35,0.02,0.00,17.59,42.61,0.32,16.77,0.00,0.18,0.00
295,0.05,0.00,2.37,0.43,0.08,0.01,0.25,0.01,0.15,0.01,83.13,9.92,0.03,0.03,3.45,0.10,0.00
296,0.00,0.00,0.41,0.11,0.01,0.00,10.92,0.00,0.01,0.00,83.58,3.52,0.00,1.43,0.00,0.00,0.00
297,0.00,0.00,0.17,0.10,0.00,0.00,8.42,0.00,0.00,0.00,91.30,0.00,0.00,0.00,0.00,0.00,0.00
298,0.00,0.00,2.37,0.20,0.00,0.00,0.04,0.00,0.28,0.00,95.73,0.09,0.25,0.74,0.31,0.00,0.00
299,0.33,0.00,7.30,0.34,0.05,0.02,0.02,0.15,0.03,0.01,27.62,4.63,1.09,58.37,0.04,0.00,0.00
300,0.00,0.00,2.10,0.11,0.00,0.00,0.03,0.00,0.00,0.00,17.91,72.07,0.00,7.79,0.00,0.00,0.00
301,0.03,0.00,1.34,0.26,0.16,0.01,0.01,12.66,15.84,0.01,68.95,0.66,0.02,0.05,0.00,0.00,0.00
302,0.00,0.00,0.62,0.02,0.00,0.00,0.01,0.00,0.00,0.00,94.67,4.41,0.00,0.00,0.26,0.00,0.00
303,0.46,0.00,0.29,0.71,0.09,0.00,16.81,0.00,0.01,0.00,74.56,0.04,1.51,5.19,0.27,0.05,0.00
304,0.36,0.00,9.74,5.97,3.58,0.19,3.55,0.00,4.48,12.83,19.28,25.66,2.32,10.58,0.67,0.80,0.00
305,0.08,0.00,1.34,2.64,0.56,0.07,1.52,0.01,0.00,0.01,61.91,0.05,17.63,13.91,0.18,0.08,0.00
306,0.00,0.00,0.00,0.00,0.00,0.00,0.29,0.00,0.03,0.00,86.71,12.98,0.00,0.00,0.00,0.00,0.00
307,0.16,0.00,1.48,0.19,0.04,0.00,0.01,0.00,1.47,0.00,7.15,69.34,0.00,19.20,0.12,0.82,0.00
308,0.00,0.00,3.52,0.03,0.00,0.00,0.01,0.00,0.00,0.00,0.10,71.88,0.00,24.43,0.00,0.02,0.00
309,0.74,0.00,4.09,0.93,0.19,0.07,0.02,3.15,1.37,0.03,0.00,28.66,0.27,60.50,0.00,0.00,0.00
310,0.32,0.00,1.18,0.07,0.01,0.01,1.15,0.00,0.00,0.00,92.72,4.46,0.00,0.00,0.07,0.01,0.00
311,0.00,0.00,6.73,0.82,0.12,0.01,0.21,0.00,0.00,0.00,33.93,11.80,0.00,46.38,0.00,0.00,0.00
312,3.54,0.00,5.49,7.81,5.63,1.41,11.21,1.28,0.05,0.12,10.70,7.76,5.92,16.05,9.05,13.99,0.00
313,0.00,0.00,2.05,0.98,0.02,0.00,0.09,0.02,3.70,0.00,90.80,2.34,0.00,0.00,0.00,0.00,0.00
314,0.00,0.00,0.92,0.14,0.00,0.00,0.29,0.00,0.00,0.00,97.45,0.17,0.03,0.05,0.94,0.00,0.00
315,0.00,0.00,0.18,0.09,0.02,0.00,40.68,0.00,0.00,0.00,59.02,0.00,0.00,0.00,0.00,0.00,0.00
316,0.24,0.00,0.00,0.00,0.00,0.00,2.51,0.00,0.98,0.00,77.06,19.13,0.01,0.00,0.06,0.00,0.00
317,0.00,0.00,0.00,0.00,0.00,0.00,0.58,0.00,1.58,0.00,92.25,5.60,0.00,0.00,0.00,0.00,0.00
318,0.00,0.00,0.46,0.64,0.11,0.00,0.05,0.00,0.68,0.00,95.77,0.00,1.22,0.76,0.23,0.09,0.00
319,0.17,0.00,0.46,0.27,0.00,0.00,0.11,0.00,7.85,0.00,88.96,0.04,0.03,1.10,0.99,0.00,0.00
320,0.54,0.00,0.12,0.07,0.00,0.00,0.00,4.49,61.85,0.01,22.13,9.34,0.16,0.01,1.28,0.02,0.00
321,0.00,0.00,0.00,0.00,0.00,0.00,0.99,0.00,0.90,0.01,94.20,3.07,0.00,0.00,0.74,0.00,0.09
322,0.40,0.00,4.02,0.48,0.05,0.01,0.02,0.78,0.15,0.00,0.00,39.32,0.10,54.35,0.23,0.08,0.00
323,0.02,0.00,2.11,2.55,0.33,0.01,0.54,0.00,0.10,0.00,69.44,13.37,9.68,0.00,1.70,0.16,0.00
324,0.00,0.00,0.11,0.06,0.00,0.00,0.05,0.00,1.21,0.00,94.05,4.43,0.00,0.00,0.08,0.00,0.00
325,0.02,0.00,0.67,0.04,0.00,0.00,1.00,0.00,0.27,0.00,32.52,61.99,0.00,3.39,0.02,0.06,0.00
326,0.15,0.00,5.86,0.72,0.20,0.07,0.03,6.69,1.68,0.72,14.03,2.46,57.89,6.83,2.57,0.10,0.00
327,0.00,0.00,0.70,0.12,0.03,0.00,0.60,0.00,0.00,0.00,93.61,4.91,0.00,0.00,0.01,0.02,0.00
328,0.33,0.00,5.14,0.53,0.11,0.04,0.09,14.25,2.84,7.15,26.60,2.06,34.17,2.03,4.55,0.12,0.00
329,0.14,0.00,4.29,1.26,0.66,0.09,0.17,0.00,0.80,0.78,82.39,7.84,0.03,0.76,0.55,0.24,0.00
330,0.03,0.00,1.16,0.44,0.02,0.01,0.07,0.00,0.71,0.00,94.33,0.00,0.00,2.84,0.39,0.00,0.00
331,0.25,0.00,5.64,0.57,0.08,0.03,0.00,4.05,32.71,0.00,39.24,16.58,0.41,0.35,0.07,0.00,0.00
332,0.31,0.00,4.66,0.07,0.01,0.00,0.29,0.00,1.29,0.06,65.27,21.53,3.84,0.82,0.64,1.20,0.00
333,0.03,0.00,0.69,0.06,0.00,0.00,0.09,0.00,0.00,0.00,12.01,77.31,0.35,9.27,0.07,0.11,0.00
334,0.86,0.00,0.43,0.02,0.00,0.00,0.02,0.20,41.97,0.00,16.12,39.06,0.05,0.34,0.65,0.27,0.00
335,0.14,0.00,0.96,0.46,0.18,0.02,2.59,0.00,4.26,0.00,89.86,0.00,0.11,0.07,1.36,0.01,0.00
336,0.00,0.00,0.27,0.21,0.00,0.00,1.59,0.00,0.01,0.00,97.92,0.00,0.00,0.00,0.00,0.00,0.00
337,0.60,0.00,7.77,12.99,3.94,2.55,0.09,0.27,0.03,0.00,1.56,18.30,0.00,51.85,0.02,0.05,0.00
338,0.00,0.00,0.26,0.06,0.00,0.00,0.08,2.19,16.53,0.00,79.87,0.87,0.00,0.00,0.13,0.00,0.00
339,0.00,0.00,0.00,0.00,0.00,0.00,0.00,0.00,0.09,0.00,63.49,36.41,0.00,0.00,0.00,0.00,0.00
340,0.53,0.00,5.63,0.26,0.04,0.01,0.00,2.88,1.94,0.00,67.84,16.62,0.17,3.93,0.16,0.00,0.00
341,0.04,0.00,0.50,0.31,0.07,0.01,1.97,0.00,9.91,0.03,86.95,0.00,0.00,0.00,0.19,0.02,0.00
342,1.00,0.00,5.34,0.63,0.27,0.13,0.02,15.53,0.97,0.00,10.55,63.83,0.08,1.57,0.07,0.00,0.00
343,0.09,0.00,3.45,0.13,0.03,0.01,0.00,6.31,9.10,0.00,45.69,29.89,2.31,2.62,0.36,0.00,0.00
344,0.12,0.00,2.94,1.53,0.34,0.06,1.55,0.08,0.76,0.01,12.06,12.04,4.28,55.35,2.73,6.14,0.00
345,0.11,0.00,1.83,3.00,0.59,0.05,0.00,0.96,0.03,0.03,49.93,3.19,30.33,9.12,0.74,0.09,0.00
346,3.50,0.00,0.38,0.25,0.01,0.00,0.05,0.00,3.88,0.00,90.27,0.00,0.38,0.00,1.24,0.02,0.00
347,0.02,0.00,0.15,0.00,0.00,0.00,0.11,0.00,63.71,0.00,20.56,15.45,0.00,0.00,0.00,0.00,0.00
348,0.00,0.00,0.00,0.00,0.00,0.00,0.00,0.10,17.10,0.05,62.67,19.85,0.02,0.18,0.02,0.01,0.00
349,0.01,0.00,0.92,0.29,0.03,0.00,0.22,0.00,0.00,0.00,89.90,6.15,0.38,1.62,0.22,0.26,0.00
350,0.09,0.00,0.18,0.18,0.01,0.00,0.14,0.00,68.70,0.00,14.38,16.33,0.00,0.00,0.00,0.00,0.00
351,0.00,0.00,1.94,0.21,0.03,0.00,0.23,0.00,0.44,0.00,82.64,6.23,5.95,2.24,0.09,0.00,0.00
352,0.33,0.00,10.62,5.03,4.80,0.22,6.13,0.00,0.45,0.74,21.45,29.88,16.99,3.17,0.05,0.15,0.00
353,0.09,0.00,0.73,0.05,0.00,0.00,0.48,0.89,23.33,0.00,59.68,12.34,2.06,0.07,0.29,0.00,0.00
354,0.01,0.00,0.03,0.03,0.00,0.00,0.03,0.00,0.00,0.00,75.53,24.24,0.00,0.06,0.06,0.00,0.00
355,0.03,0.00,4.11,1.15,0.22,0.03,0.02,0.08,0.00,0.00,2.76,46.86,0.00,43.89,0.00,0.85,0.00
356,0.00,0.00,0.22,0.01,0.00,0.00,0.14,0.00,2.68,0.00,96.16,0.67,0.03,0.00,0.07,0.00,0.00
357,0.20,0.00,7.40,1.32,0.46,0.18,0.21,14.04,29.04,0.00,17.53,29.02,0.00,0.11,0.48,0.00,0.00
358,1.37,0.00,4.59,0.66,0.14,0.06,0.18,11.77,17.41,0.02,0.63,50.65,5.03,4.22,3.25,0.00,0.00
359,0.00,0.00,4.05,0.03,0.01,0.00,10.93,0.00,0.00,0.04,14.16,66.07,0.14,4.46,0.00,0.11,0.00
360,0.12,0.01,0.98,0.56,0.07,0.00,0.02,5.74,13.08,1.44,31.29,27.99,13.86,0.00,2.40,2.43,0.00
361,1.48,0.00,0.02,0.02,0.00,0.00,0.40,0.12,0.00,0.00,95.34,0.08,0.31,0.00,1.82,0.41,0.00
362,0.00,0.00,0.42,0.07,0.00,0.00,0.21,0.02,13.31,0.16,85.68,0.12,0.00,0.00,0.00,0.00,0.00
363,2.22,0.00,2.94,1.99,0.89,0.67,0.44,10.46,15.22,0.01,23.78,39.93,0.11,0.04,1.32,0.00,0.00
364,0.03,0.00,0.10,0.02,0.00,0.00,0.09,0.00,33.92,0.00,65.77,0.02,0.00,0.00,0.03,0.02,0.00
365,0.00,0.00,0.38,0.01,0.00,0.00,0.01,0.01,15.49,0.00,26.34,57.69,0.00,0.00,0.02,0.04,0.00
366,0.02,0.00,4.80,0.08,0.01,0.00,0.36,0.45,0.81,0.01,15.45,28.40,0.00,48.37,0.01,1.23,0.00
367,0.00,0.00,0.27,0.01,0.00,0.00,0.24,0.00,0.13,0.00,93.75,5.46,0.00,0.11,0.00,0.02,0.00
368,0.19,0.00,7.26,1.29,0.45,0.10,8.62,0.00,0.00,0.00,0.50,32.90,0.11,48.58,0.00,0.00,0.00
369,0.10,0.00,1.88,2.16,0.48,0.03,0.00,0.59,0.03,0.09,35.78,5.66,35.35,16.20,1.59,0.08,0.00
370,5.37,0.00,3.45,0.73,0.06,0.01,5.41,1.11,0.01,0.00,0.29,34.26,0.18,47.04,1.14,0.92,0.00
371,0.00,0.00,0.59,0.11,0.04,0.00,0.02,0.07,1.20,0.00,97.60,0.00,0.00,0.00,0.37,0.00,0.00
372,0.60,0.00,5.94,0.18,0.04,0.02,0.00,1.85,6.17,0.01,49.11,29.08,1.94,5.05,0.02,0.00,0.00
373,0.16,0.00,0.90,0.02,0.00,0.00,0.08,0.00,0.08,0.00,5.95,89.45,0.72,2.10,0.17,0.37,0.00
374,0.08,0.00,0.46,0.35,0.06,0.00,0.04,0.00,19.37,0.00,78.79,0.00,0.15,0.00,0.65,0.04,0.00
375,1.63,0.00,3.60,0.75,0.09,0.03,0.02,2.33,0.00,0.01,0.00,47.67,0.14,43.15,0.53,0.03,0.00
376,0.01,0.00,0.13,0.01,0.00,0.00,0.01,4.65,70.75,0.25,5.26,17.50,0.59,0.02,0.67,0.15,0.00
377,0.29,0.00,4.89,0.83,0.18,0.05,0.02,1.84,0.05,0.00,0.00,23.86,0.13,67.86,0.00,0.00,0.00
378,0.00,0.00,0.72,0.12,0.01,0.00,0.09,0.00,7.67,0.14,89.85,1.22,0.01,0.05,0.12,0.00,0.00
379,0.00,0.00,0.07,0.01,0.00,0.00,0.17,0.69,89.99,0.00,7.45,1.46,0.00,0.00,0.12,0.03,0.00
380,5.72,0.00,4.03,0.71,0.09,0.01,0.01,2.38,0.00,0.01,0.00,41.73,0.31,44.47,0.51,0.01,0.00
381,0.18,0.00,3.90,0.65,0.06,0.01,0.10,0.01,0.00,0.00,7.43,33.77,0.00,53.76,0.00,0.14,0.00
382,0.02,0.00,0.00,0.00,0.00,0.00,0.01,0.00,28.29,0.00,71.50,0.18,0.00,0.00,0.00,0.00,0.00
383,0.00,0.00,3.55,0.09,0.01,0.00,0.03,0.02,0.00,0.00,4.64,65.51,3.95,22.20,0.00,0.00,0.00
384,0.00,0.00,0.34,0.01,0.00,0.00,2.03,0.00,0.00,0.00,97.60,0.01,0.00,0.00,0.00,0.00,0.00
385,0.06,0.00,0.20,0.00,0.00,0.00,0.25,14.07,35.86,1.06,4.83,38.82,0.60,0.00,2.86,1.39,0.00
386,0.00,0.00,2.83,0.59,0.08,0.00,0.14,0.03,0.00,0.00,90.24,0.51,0.00,5.07,0.01,0.51,0.00
387,0.21,0.00,5.20,1.24,0.21,0.11,0.12,0.04,0.01,2.63,26.02,2.84,0.00,59.68,1.69,0.00,0.00
388,0.00,0.00,0.31,0.01,0.00,0.00,0.03,0.00,72.01,0.00,27.39,0.20,0.00,0.00,0.03,0.02,0.00
389,0.10,0.00,1.03,0.24,0.01,0.00,9.40,15.97,42.13,3.11,0.45,26.14,0.01,0.00,1.42,0.00,0.00
390,0.01,0.00,0.05,0.00,0.00,0.00,0.00,0.00,26.57,0.00,72.07,1.30,0.00,0.00,0.00,0.00,0.00
391,0.03,0.00,5.11,0.60,0.15,0.05,0.02,0.01,0.00,0.00,0.07,55.47,0.00,37.77,0.00,0.72,0.00
392,0.00,0.00,0.00,0.00,0.00,0.00,1.03,0.00,0.00,0.00,98.96,0.01,0.00,0.00,0.00,0.00,0.00
393,0.00,0.00,2.01,0.02,0.00,0.00,0.08,0.00,0.00,0.00,55.71,37.05,0.00,5.12,0.00,0.00,0.00
394,0.02,0.00,0.58,0.13,0.00,0.00,0.24,3.83,66.08,0.91,5.13,21.80,0.52,0.00,0.42,0.33,0.00
395,3.18,0.00,4.68,0.58,0.08,0.01,0.08,6.73,48.27,0.01,22.46,10.92,0.02,2.85,0.12,0.00,0.00
396,99.77,0.00,0.03,0.01,0.02,0.00,0.03,0.00,0.00,0.00,0.12,0.00,0.00,0.00,0.01,0.01,0.00
397,0.04,0.00,0.00,0.00,0.00,0.00,5.15,11.50,62.92,7.49,0.51,9.27,0.20,0.00,2.68,0.23,0.00
398,0.00,0.00,0.61,0.16,0.02,0.00,0.20,0.00,0.00,0.00,97.00,1.41,0.12,0.47,0.02,0.00,0.00
399,0.00,0.00,0.75,0.10,0.01,0.00,4.94,0.00,0.00,0.00,93.44,0.63,0.00,0.13,0.00,0.00,0.00
400,0.00,0.00,0.27,0.00,0.00,0.00,0.12,0.00,18.55,24.71,52.15,3.95,0.01,0.01,0.16,0.06,0.00
401,0.15,0.00,4.13,0.55,0.14,0.05,0.00,2.74,1.17,0.00,42.51,47.15,0.00,1.41,0.00,0.00,0.00
402,0.06,0.00,0.58,0.07,0.01,0.00,0.28,2.35,57.29,0.24,7.05,28.38,2.22,0.10,0.42,0.96,0.00
403,0.00,0.00,1.27,0.09,0.03,0.00,0.06,0.00,0.00,0.00,5.63,87.21,0.00,5.70,0.00,0.00,0.00
404,0.39,0.00,0.71,0.30,0.01,0.00,0.18,0.00,0.02,0.00,85.63,10.44,0.09,2.15,0.06,0.01,0.00
405,0.03,0.00,3.57,2.27,1.20,0.35,0.51,0.01,0.00,0.00,80.41,6.37,0.00,3.87,0.76,0.64,0.00
406,0.38,0.00,4.51,2.46,0.29,0.02,0.57,0.33,0.05,0.25,29.96,3.78,21.78,33.46,1.68,0.41,0.07
407,0.00,0.00,0.14,0.02,0.00,0.00,0.00,0.02,5.38,0.00,89.29,4.94,0.00,0.12,0.09,0.00,0.00
408,0.07,0.00,5.35,1.25,0.42,0.12,0.31,1.49,0.01,0.00,32.82,3.23,30.70,20.73,2.88,0.61,0.00
409,0.00,0.00,3.96,4.55,4.46,2.17,12.81,0.00,0.23,0.00,71.72,0.11,0.00,0.00,0.00,0.00,0.00
410,0.04,0.00,0.13,0.31,0.03,0.00,0.09,0.15,0.05,0.00,95.57,0.01,0.00,0.18,3.15,0.06,0.22
411,1.18,0.00,3.92,1.36,0.23,0.05,0.06,4.22,0.00,0.03,0.03,45.94,2.20,38.89,1.86,0.02,0.00
412,1.61,0.00,0.46,0.03,0.00,0.00,2.18,0.00,0.04,1.05,36.05,58.44,0.13,0.00,0.00,0.01,0.00
413,0.01,0.00,0.03,0.06,0.02,0.00,0.42,0.00,0.15,0.00,63.52,35.60,0.00,0.00,0.01,0.18,0.00
414,0.63,0.00,3.11,0.80,0.11,0.01,3.38,1.17,3.34,0.05,28.84,19.61,20.10,10.18,5.53,3.13,0.00
415,0.00,0.00,0.39,0.02,0.00,0.00,7.96,0.00,1.82,0.00,70.95,18.78,0.01,0.00,0.06,0.00,0.00
416,0.41,0.00,5.82,0.31,0.07,0.03,0.02,5.11,1.87,0.00,1.54,30.74,27.45,24.66,1.97,0.02,0.00
417,0.03,0.00,4.54,0.36,0.05,0.01,0.27,0.02,0.00,0.00,21.44,45.76,2.95,22.84,0.77,0.95,0.00
418,1.06,0.00,4.75,0.94,0.37,0.16,0.02,6.36,1.50,0.00,0.11,55.94,0.32,28.47,0.00,0.00,0.00
419,0.01,0.00,1.97,0.14,0.00,0.00,0.02,0.00,0.00,0.00,0.51,83.29,0.00,14.03,0.00,0.02,0.00
420,0.64,0.00,4.14,1.59,0.32,0.11,0.00,1.59,0.00,0.00,0.00,23.97,0.72,65.62,1.22,0.08,0.00
421,0.21,0.00,2.03,2.62,0.84,0.09,0.21,0.04,0.03,0.00,78.07,12.60,0.29,0.74,1.72,0.52,0.00
422,10.39,0.00,1.61,2.27,0.65,0.06,1.04,0.38,0.01,0.05,54.99,5.45,13.22,2.21,3.72,3.95,0.00
423,0.00,0.00,0.37,0.00,0.00,0.00,48.56,0.00,0.02,0.00,32.53,16.43,0.01,0.00,2.08,0.00,0.00
424,0.00,0.00,0.63,0.04,0.00,0.00,6.25,0.00,0.61,0.00,91.38,0.80,0.00,0.28,0.00,0.00,0.00
425,0.00,0.00,0.41,0.20,0.03,0.00,0.03,0.00,32.56,0.00,33.44,33.29,0.00,0.02,0.00,0.00,0.00
426,0.01,0.00,0.68,0.02,0.00,0.00,0.06,0.00,0.00,0.00,20.09,69.21,0.00,9.91,0.00,0.03,0.00
427,0.10,0.00,4.71,0.37,0.06,0.01,0.00,0.04,0.00,0.00,0.13,62.45,0.00,31.18,0.00,0.97,0.00
428,0.00,0.00,0.30,0.00,0.00,0.00,0.07,0.00,0.90,0.00,62.96,35.75,0.01,0.00,0.00,0.00,0.00
429,0.03,0.00,2.22,1.03,0.16,0.01,0.07,0.02,49.29,0.00,45.16,2.02,0.00,0.00,0.00,0.00,0.00
430,0.15,0.00,0.00,0.00,0.00,0.00,3.46,16.25,50.78,1.30,0.29,24.53,0.13,0.00,2.81,0.30,0.00
431,0.07,0.00,1.79,1.77,0.47,0.20,0.14,0.04,0.00,0.00,44.15,49.84,0.00,1.47,0.01,0.07,0.00
432,0.03,0.00,3.05,0.14,0.01,0.00,0.20,0.21,0.01,0.17,56.36,24.09,0.00,15.47,0.02,0.25,0.00
433,1.19,0.00,5.87,3.09,6.24,2.06,0.94,0.00,0.71,0.03,58.93,19.41,0.13,0.04,1.24,0.13,0.00
434,0.04,0.00,0.72,0.57,0.10,0.04,7.59,0.00,0.00,0.00,80.69,2.30,0.04,7.89,0.00,0.00,0.01
435,0.61,0.00,3.57,4.49,6.02,2.38,0.96,0.03,0.07,0.02,62.34,10.57,5.30,0.29,2.97,0.27,0.08
436,0.07,0.00,1.14,0.37,0.02,0.00,0.01,0.00,0.00,0.00,47.17,44.81,0.00,6.32,0.00,0.09,0.00
437,1.27,0.00,1.96,1.52,0.50,0.04,3.15,0.00,0.00,0.00,0.00,27.99,2.69,60.55,0.02,0.32,0.00
