uniqid_county,NWALT82_11_county,NWALT82_12_county,NWALT82_21_county,NWALT82_22_county,NWALT82_23_county,NWALT82_24_county,NWALT82_25_county,NWALT82_26_county,NWALT82_27_county,NWALT82_31_county,NWALT82_32_county,NWALT82_33_county,NWALT82_41_county,NWALT82_43_county,NWALT82_44_county,NWALT82_45_county,NWALT82_46_county,NWALT82_50_county,NWALT82_60_county,NWALT82_9999_county
1,0.03,0.01,0.21,0.30,0.13,0.11,0.44,0.54,0.27,0.97,1.27,0.02,0.49,0.49,0.02,0.00,1.74,85.39,7.54,0.03
2,0.05,0.01,0.17,0.04,0.01,0.02,0.00,0.11,0.08,0.00,0.47,0.02,0.03,0.07,0.09,0.01,10.76,87.61,0.44,0.00
3,0.28,0.03,0.22,0.03,0.00,0.01,0.00,0.05,0.08,0.00,0.16,0.00,0.00,0.62,4.04,0.10,3.41,90.96,0.01,0.00
4,0.64,0.01,0.16,0.03,0.01,0.01,0.01,0.14,0.08,0.00,0.42,0.00,0.27,0.00,0.03,0.00,0.01,93.26,4.91,0.00
5,0.15,0.02,0.19,0.12,0.09,0.02,0.09,0.12,0.14,0.09,0.21,0.01,0.01,4.42,1.12,0.04,0.36,92.73,0.01,0.06
6,0.03,0.00,0.23,0.07,0.01,0.02,0.01,0.30,0.11,0.00,1.19,0.01,0.11,0.01,0.07,0.01,3.37,91.42,3.01,0.00
7,0.08,0.25,0.29,0.10,0.04,0.03,0.04,0.20,0.52,0.15,0.70,0.03,0.22,10.36,0.59,0.01,0.24,83.75,2.41,0.00
8,0.01,0.01,0.27,0.03,0.04,0.01,0.01,0.05,0.09,0.00,0.17,0.01,0.68,0.08,0.22,0.03,0.22,82.86,15.21,0.00
9,0.04,0.00,0.25,0.09,0.03,0.07,0.03,0.16,0.32,0.02,1.02,0.02,0.00,0.17,0.70,0.01,0.96,95.32,0.67,0.11
10,0.15,0.02,0.16,0.03,0.01,0.01,0.01,0.04,0.04,0.00,0.18,0.00,0.01,0.01,0.01,0.00,5.93,87.11,6.26,0.00
11,0.02,0.08,0.12,0.02,0.00,0.01,0.01,0.05,0.08,0.00,0.18,0.00,0.01,1.52,0.25,0.00,1.70,93.13,2.81,0.00
12,0.25,0.19,0.49,0.95,0.30,0.34,1.32,1.00,0.72,1.42,1.22,0.03,0.01,7.49,0.66,0.01,5.62,76.01,1.97,0.00
13,0.02,0.02,0.21,0.06,0.09,0.02,0.04,0.13,0.16,0.02,0.49,0.07,0.03,2.90,0.15,0.02,3.02,89.83,2.69,0.05
14,0.75,0.07,0.13,0.04,0.01,0.02,0.01,0.11,0.11,0.00,0.47,0.00,0.02,0.11,0.09,0.01,4.67,87.62,5.76,0.00
15,0.11,0.01,0.19,0.02,0.01,0.00,0.00,0.03,0.04,0.00,0.19,0.02,0.01,0.05,0.04,0.02,13.11,83.59,2.56,0.00
16,0.46,0.04,3.61,11.11,5.02,4.67,17.92,7.30,1.72,6.34,2.83,0.13,0.07,1.93,0.91,0.04,1.37,34.53,0.00,0.00
17,0.34,0.02,0.50,0.56,0.49,0.23,0.70,1.00,0.32,0.97,0.86,0.20,0.10,4.50,1.95,0.38,3.43,68.21,15.25,0.00
18,6.68,0.02,0.38,0.15,0.07,0.02,0.11,0.21,0.21,0.01,0.23,0.01,0.04,9.12,8.13,0.11,0.01,74.07,0.33,0.09
19,0.30,0.01,0.47,0.33,0.25,0.08,0.33,0.49,0.36,0.11,0.84,0.05,0.33,18.25,1.94,1.09,13.45,60.09,1.23,0.00
20,0.38,0.07,1.03,1.99,1.16,1.00,2.80,3.87,1.04,3.28,2.49,0.05,0.02,1.99,0.36,0.15,2.84,74.47,0.97,0.03
21,0.14,0.00,0.33,0.35,0.18,0.07,0.32,0.77,0.27,0.69,0.55,0.01,0.07,0.26,0.12,0.01,0.27,92.98,2.59,0.00
22,1.22,0.06,0.58,0.82,0.26,0.44,0.59,2.02,0.82,1.14,1.72,0.06,0.03,3.92,2.19,0.20,2.31,68.81,12.81,0.00
23,0.46,0.02,0.86,1.42,0.89,0.51,1.87,2.36,0.71,1.75,1.17,0.03,0.05,7.56,1.08,0.47,1.81,76.13,0.83,0.00
24,0.46,0.00,2.40,5.31,2.93,1.88,11.72,4.24,1.00,4.41,1.50,0.03,0.06,0.93,2.41,0.78,3.62,54.76,1.54,0.00
25,0.05,0.00,0.16,0.01,0.00,0.00,0.01,0.03,0.03,0.00,0.04,0.01,0.00,0.53,0.13,0.15,56.04,42.80,0.00,0.00
26,0.22,0.49,0.14,0.03,0.00,0.00,0.00,0.13,0.15,0.00,0.04,0.00,0.01,0.77,10.89,0.99,15.64,59.22,11.28,0.00
27,0.43,0.00,0.23,0.10,0.01,0.05,0.05,0.10,0.21,0.02,0.21,0.05,0.03,0.39,7.02,0.20,1.06,81.79,8.04,0.00
28,0.97,0.04,0.08,0.01,0.00,0.01,0.02,0.02,0.08,0.01,0.04,0.00,0.00,6.65,0.26,0.13,79.61,12.06,0.00,0.00
29,0.26,0.00,0.19,0.01,0.00,0.00,0.00,0.04,0.06,0.00,0.03,0.00,0.00,1.55,3.08,0.35,8.80,85.62,0.00,0.00
30,0.17,0.13,0.15,0.06,0.01,0.01,0.06,0.07,0.15,0.01,0.10,0.01,0.01,30.32,1.98,0.09,52.21,14.46,0.00,0.00
31,0.12,0.00,0.22,0.05,0.00,0.01,0.02,0.09,0.13,0.00,0.18,0.00,0.01,4.62,4.02,0.11,4.34,81.98,4.10,0.00
32,0.19,0.00,0.18,0.00,0.00,0.00,0.00,0.01,0.01,0.00,0.04,0.00,0.01,0.02,0.06,0.08,7.44,60.56,31.40,0.00
33,0.57,0.55,0.27,0.12,0.01,0.02,0.08,0.15,0.25,0.01,0.46,0.02,0.00,0.88,17.77,0.50,4.92,70.82,2.59,0.00
34,0.12,0.26,0.27,0.08,0.01,0.03,0.01,0.20,0.18,0.00,0.41,0.05,0.04,1.20,16.55,0.81,7.58,71.13,1.08,0.00
35,0.01,0.00,0.14,0.01,0.00,0.00,0.00,0.04,0.14,0.00,0.01,0.00,0.00,33.09,5.77,0.01,49.79,10.97,0.00,0.00
36,0.35,0.00,0.21,0.03,0.00,0.01,0.00,0.02,0.05,0.00,0.24,0.00,0.00,0.08,1.31,0.14,4.34,85.48,7.71,0.00
37,0.13,0.00,0.27,0.01,0.00,0.01,0.00,0.07,0.02,0.00,0.08,0.00,0.01,0.01,0.35,0.63,44.28,54.13,0.00,0.00
38,0.75,0.06,0.20,0.07,0.03,0.01,0.03,0.15,0.22,0.00,0.04,0.00,0.00,72.31,1.02,0.29,22.06,2.72,0.00,0.00
39,0.32,0.08,0.43,0.22,0.04,0.06,0.28,0.16,0.24,0.05,0.13,0.15,0.01,54.13,2.17,0.08,36.53,4.93,0.00,0.00
40,0.78,0.12,0.54,0.18,0.05,0.05,0.09,0.29,0.22,0.00,0.29,0.01,0.00,67.05,2.74,0.34,23.52,3.72,0.00,0.00
41,0.31,0.01,0.28,0.15,0.02,0.02,0.14,0.15,0.22,0.00,0.17,0.02,0.01,68.60,4.45,0.15,15.94,9.35,0.00,0.00
42,0.01,0.00,0.14,0.03,0.00,0.01,0.00,0.07,0.18,0.00,0.03,0.00,0.00,69.27,11.53,0.00,13.61,5.13,0.00,0.00
43,1.94,0.11,0.41,0.35,0.17,0.10,0.34,0.71,0.44,0.00,1.19,0.04,0.00,55.33,2.19,0.92,31.31,4.44,0.00,0.00
44,0.39,0.09,0.16,0.03,0.01,0.01,0.00,0.08,0.12,0.00,0.15,0.00,0.00,22.32,0.10,0.32,74.49,1.74,0.00,0.00
45,0.56,0.02,0.28,0.07,0.01,0.02,0.00,0.20,0.20,0.00,0.12,0.00,0.00,57.64,0.62,1.47,35.47,3.29,0.00,0.00
46,0.14,0.00,0.09,0.02,0.00,0.00,0.00,0.06,0.14,0.00,0.02,0.00,0.00,54.48,7.46,0.03,20.83,16.72,0.00,0.00
47,0.51,0.09,0.16,0.01,0.00,0.00,0.00,0.04,0.15,0.00,0.07,0.00,0.00,49.85,0.80,0.49,44.59,3.23,0.00,0.00
48,0.27,0.05,0.29,0.06,0.02,0.01,0.00,0.10,0.16,0.00,0.12,0.00,0.00,38.58,0.63,0.16,57.79,1.76,0.00,0.00
49,0.36,0.00,0.36,0.04,0.00,0.00,0.00,0.07,0.21,0.00,0.03,0.00,0.01,83.70,1.83,0.05,8.25,5.10,0.00,0.00
50,0.02,0.00,0.17,0.04,0.01,0.01,0.00,0.09,0.20,0.00,0.06,0.00,0.00,49.82,4.93,0.00,31.77,12.87,0.00,0.00
51,0.09,0.00,0.23,0.11,0.03,0.02,0.06,0.11,0.27,0.00,0.06,0.02,0.01,74.81,6.26,0.04,15.62,2.26,0.00,0.00
52,1.13,0.10,0.25,0.05,0.01,0.01,0.00,0.14,0.19,0.00,0.05,0.00,0.00,64.51,1.44,0.28,29.45,2.38,0.00,0.00
53,1.23,0.09,0.25,0.05,0.01,0.01,0.00,0.12,0.18,0.00,0.05,0.01,0.00,24.69,0.30,0.40,69.44,3.17,0.00,0.00
54,0.43,0.01,0.25,0.04,0.00,0.00,0.00,0.06,0.18,0.00,0.04,0.00,0.00,82.26,5.15,0.07,6.72,4.78,0.00,0.00
55,0.56,0.06,0.30,0.02,0.00,0.00,0.00,0.06,0.14,0.00,0.11,0.00,0.00,22.17,1.90,0.18,72.48,1.69,0.29,0.00
56,1.08,0.07,0.21,0.05,0.02,0.01,0.00,0.17,0.22,0.00,0.27,0.00,0.00,43.93,0.25,1.53,47.37,4.81,0.00,0.00
57,0.66,0.02,0.57,0.39,0.20,0.12,0.24,0.80,0.40,0.01,0.40,0.01,0.00,65.93,1.59,1.42,21.56,5.67,0.00,0.00
58,0.03,0.00,0.16,0.05,0.00,0.00,0.00,0.12,0.24,0.00,0.01,0.00,0.00,67.48,1.36,0.01,24.05,6.48,0.00,0.00
59,0.31,0.00,0.10,0.02,0.00,0.01,0.00,0.05,0.15,0.00,0.02,0.00,0.00,60.19,9.72,0.03,9.38,20.02,0.00,0.00
60,1.36,0.52,0.15,0.05,0.01,0.01,0.00,0.18,0.20,0.00,0.08,0.00,0.00,62.73,1.52,0.42,29.41,3.36,0.00,0.00
61,2.01,0.03,1.38,2.00,1.31,0.60,3.07,3.11,1.13,2.36,1.66,0.01,0.00,54.72,2.99,1.13,16.76,5.71,0.00,0.00
62,0.48,0.05,0.21,0.03,0.00,0.01,0.00,0.10,0.21,0.00,0.02,0.00,0.00,46.34,3.62,0.10,46.01,2.81,0.00,0.00
63,1.03,0.08,0.45,0.10,0.05,0.02,0.02,0.33,0.33,0.00,0.19,0.00,0.00,71.16,2.19,1.35,17.38,5.30,0.00,0.00
64,0.37,0.10,0.46,0.08,0.03,0.03,0.14,0.12,0.21,0.01,0.12,0.01,0.00,62.12,0.71,0.70,31.77,3.03,0.00,0.00
65,1.65,0.02,0.36,0.48,0.16,0.12,0.45,0.57,0.23,0.45,0.57,0.02,0.12,0.06,0.07,0.01,0.45,94.08,0.15,0.00
66,0.11,0.00,0.08,0.00,0.00,0.00,0.00,0.01,0.01,0.00,0.11,0.00,0.00,0.15,0.00,0.11,71.34,28.08,0.00,0.00
67,0.45,0.00,0.10,0.02,0.01,0.01,0.00,0.06,0.03,0.00,0.08,0.00,0.02,0.19,0.02,0.00,5.65,88.37,4.97,0.00
68,0.07,0.00,0.28,0.09,0.09,0.02,0.09,0.14,0.10,0.01,0.37,0.02,0.15,1.77,0.04,0.01,46.24,50.52,0.00,0.00
69,0.05,0.00,0.31,0.01,0.00,0.00,0.00,0.02,0.02,0.00,0.08,0.00,0.02,0.04,0.01,0.00,65.65,33.80,0.00,0.00
70,0.12,0.00,0.29,0.02,0.00,0.00,0.00,0.04,0.10,0.00,0.15,0.01,0.02,0.69,0.05,0.03,56.79,40.25,1.42,0.00
71,0.01,0.00,0.17,0.04,0.01,0.00,0.02,0.08,0.08,0.00,0.17,0.01,0.57,0.00,0.03,0.02,4.30,82.82,11.66,0.00
72,0.01,0.00,0.14,0.03,0.06,0.01,0.04,0.03,0.04,0.01,0.32,0.01,0.01,0.13,0.01,0.00,7.61,91.52,0.02,0.00
73,0.38,0.00,0.20,0.10,0.03,0.01,0.03,0.20,0.15,0.00,0.41,0.01,0.21,0.84,0.95,0.24,23.59,72.52,0.14,0.00
74,0.17,0.00,0.19,0.05,0.01,0.01,0.03,0.06,0.16,0.00,0.12,0.01,0.02,15.64,0.13,0.01,68.03,15.36,0.00,0.00
75,0.06,0.00,0.28,0.15,0.23,0.08,0.20,0.31,0.30,0.02,0.52,0.04,0.03,34.37,0.02,0.01,59.86,3.54,0.00,0.00
76,0.08,0.00,0.31,0.06,0.01,0.00,0.00,0.13,0.05,0.00,0.76,0.00,0.20,0.13,0.51,0.22,8.01,83.99,5.54,0.00
77,0.00,0.00,0.13,0.01,0.01,0.00,0.00,0.01,0.02,0.00,0.06,0.00,0.02,0.34,0.08,0.00,12.83,85.86,0.59,0.05
78,0.30,0.54,0.23,0.07,0.08,0.02,0.07,0.10,0.09,0.01,0.28,0.05,0.20,1.29,0.03,0.03,3.56,91.10,1.95,0.00
79,0.14,0.00,0.22,0.00,0.00,0.00,0.00,0.02,0.01,0.00,0.03,0.03,0.01,0.53,0.05,0.05,77.74,21.16,0.00,0.00
80,0.12,0.00,0.13,0.03,0.00,0.01,0.01,0.05,0.04,0.00,0.28,0.00,0.08,0.02,0.00,0.06,5.98,93.18,0.00,0.00
81,0.42,0.00,0.29,0.03,0.00,0.00,0.02,0.06,0.10,0.00,0.28,0.02,0.01,5.38,0.05,0.00,52.66,40.67,0.00,0.00
82,0.27,0.00,0.27,0.02,0.00,0.01,0.01,0.05,0.02,0.00,0.73,0.01,0.01,0.50,0.05,0.15,45.59,52.29,0.00,0.00
83,0.16,0.00,0.22,0.88,0.01,0.37,0.40,1.90,0.25,0.11,12.30,0.04,0.06,0.00,0.04,0.00,0.01,78.10,5.16,0.00
84,0.17,0.21,0.97,2.13,0.72,0.60,2.59,2.22,0.63,4.15,1.25,0.03,0.08,0.28,1.68,0.03,21.88,57.05,3.35,0.00
85,0.11,0.00,0.24,0.17,0.05,0.05,0.11,0.27,0.25,0.53,0.58,0.06,0.02,3.96,0.07,0.01,6.49,86.79,0.19,0.03
86,0.07,0.00,0.22,0.05,0.01,0.01,0.07,0.09,0.08,0.01,0.15,0.06,0.02,1.03,0.03,0.01,29.47,68.35,0.27,0.00
87,0.21,0.00,0.33,0.17,0.03,0.02,0.00,0.75,0.28,0.00,1.66,0.02,0.02,3.51,1.80,0.02,21.45,68.80,0.94,0.00
88,0.54,0.00,0.19,0.02,0.00,0.00,0.00,0.07,0.05,0.00,0.35,0.01,0.01,0.42,0.31,0.13,6.60,87.72,3.56,0.00
89,0.27,0.00,0.16,0.02,0.00,0.00,0.01,0.03,0.03,0.00,0.15,0.00,0.01,0.03,0.08,0.05,35.96,61.24,1.95,0.00
90,0.04,0.00,0.11,0.00,0.00,0.00,0.00,0.00,0.01,0.00,0.00,0.00,0.00,0.00,0.00,0.01,13.22,78.46,8.15,0.00
91,0.14,0.03,0.20,0.05,0.02,0.02,0.01,0.15,0.16,0.33,0.32,0.01,0.03,0.43,0.37,0.04,10.83,81.52,5.35,0.00
92,0.05,0.00,0.46,0.22,0.02,0.04,0.13,0.28,0.23,1.16,1.26,0.03,0.03,0.66,0.13,0.02,17.43,72.56,5.29,0.00
93,0.09,0.02,0.15,0.01,0.00,0.01,0.00,0.02,0.04,0.00,0.07,0.01,0.01,0.56,0.10,0.01,15.86,80.81,2.20,0.00
94,0.00,0.00,0.16,0.02,0.00,0.02,0.00,0.08,0.04,0.00,0.31,0.01,0.01,0.06,0.01,0.00,47.72,50.01,1.55,0.00
95,0.10,0.00,0.16,0.03,0.02,0.00,0.01,0.05,0.03,0.01,0.33,0.00,0.14,0.00,0.00,0.01,19.88,79.22,0.01,0.00
96,0.01,0.00,0.26,0.05,0.01,0.01,0.02,0.06,0.16,0.00,0.14,0.00,0.01,1.10,0.05,0.01,13.50,84.55,0.00,0.05
97,0.33,0.00,0.22,0.01,0.00,0.00,0.00,0.01,0.03,0.00,0.03,0.00,0.01,0.07,0.17,0.24,51.00,42.65,5.23,0.00
98,0.08,0.00,0.14,0.01,0.00,0.00,0.00,0.02,0.02,0.00,0.08,0.00,0.01,2.54,0.05,0.02,77.84,19.19,0.00,0.00
99,2.03,0.00,0.67,0.52,0.28,0.17,0.33,1.12,0.73,0.01,1.93,0.15,0.00,7.86,3.13,6.64,42.08,32.36,0.00,0.00
100,1.17,0.00,0.35,0.09,0.03,0.08,0.04,0.29,0.43,0.00,0.39,0.00,0.01,37.97,0.51,4.49,38.36,15.78,0.00,0.00
101,13.68,0.16,0.48,0.09,0.03,0.12,0.00,0.43,0.90,0.00,0.38,0.00,0.00,3.90,6.17,8.90,26.13,38.64,0.00,0.00
102,0.37,0.01,0.18,0.07,0.00,0.03,0.09,0.11,0.24,0.03,0.15,0.00,0.00,29.52,0.44,0.20,12.00,56.55,0.00,0.00
103,1.96,0.00,0.57,0.18,0.04,0.08,0.03,0.58,0.63,0.00,0.39,0.06,0.27,3.47,5.87,3.94,24.27,57.67,0.00,0.00
104,2.03,0.00,0.26,0.05,0.01,0.00,0.03,0.24,0.18,0.00,0.24,0.00,0.00,18.27,2.30,6.23,56.91,13.25,0.00,0.00
105,1.11,0.00,0.30,0.10,0.00,0.03,0.10,0.20,0.25,0.00,0.05,0.02,0.00,61.18,1.36,5.38,23.82,6.11,0.00,0.00
106,1.21,0.01,0.35,0.05,0.02,0.01,0.02,0.06,0.16,0.00,0.02,0.00,0.00,19.56,2.50,0.69,64.40,10.93,0.00,0.00
107,0.62,0.07,0.24,0.05,0.01,0.00,0.00,0.14,0.23,0.00,0.06,0.00,0.00,64.08,1.31,3.63,21.81,7.75,0.00,0.00
108,0.58,0.00,0.31,0.03,0.00,0.00,0.00,0.12,0.24,0.00,0.06,0.00,0.00,21.33,0.21,1.13,58.91,17.07,0.00,0.00
109,1.43,0.00,2.71,5.64,2.20,1.65,7.54,6.84,1.66,13.69,8.76,0.01,0.01,9.18,4.08,2.99,13.62,17.99,0.00,0.00
110,0.06,0.00,0.25,0.07,0.03,0.02,0.04,0.10,0.22,0.00,0.09,0.01,0.02,34.65,0.07,0.14,55.10,9.13,0.00,0.00
111,0.29,0.00,0.15,0.02,0.02,0.00,0.00,0.05,0.17,0.00,0.10,0.01,0.00,6.14,0.15,0.61,72.13,20.15,0.00,0.00
112,1.31,0.01,0.31,0.08,0.01,0.02,0.05,0.23,0.24,0.00,0.14,0.00,0.01,50.19,0.95,1.62,18.56,26.27,0.00,0.00
113,0.18,0.02,0.54,0.17,0.11,0.03,0.07,0.38,0.21,0.00,0.66,0.02,0.00,14.17,0.11,0.99,44.58,37.76,0.00,0.00
114,1.77,0.01,0.76,0.07,0.04,0.03,0.07,0.26,0.34,0.00,0.12,0.01,0.00,32.52,1.16,6.10,47.00,9.75,0.00,0.00
115,0.09,0.00,0.12,0.05,0.00,0.00,0.00,0.13,0.24,0.00,0.04,0.00,0.00,30.97,0.84,0.16,15.37,51.98,0.00,0.00
116,0.67,0.00,0.38,0.05,0.08,0.01,0.02,0.14,0.21,0.00,0.13,0.00,0.00,36.91,0.32,2.59,45.26,13.21,0.00,0.00
117,2.67,0.44,0.19,0.06,0.08,0.02,0.00,0.19,0.21,0.00,0.07,0.00,0.00,59.68,0.71,2.46,18.11,15.10,0.00,0.00
118,3.13,0.05,0.49,0.10,0.01,0.06,0.00,0.18,0.38,0.00,0.28,0.00,0.00,7.32,9.67,10.34,28.26,39.74,0.00,0.00
119,0.41,0.05,0.25,0.02,0.01,0.00,0.00,0.04,0.19,0.00,0.03,0.00,0.00,20.32,0.25,0.14,47.02,31.25,0.00,0.00
120,1.97,0.00,0.29,0.26,0.11,0.08,0.19,0.76,0.48,0.00,2.69,0.00,0.00,12.67,1.31,5.98,49.46,23.75,0.00,0.00
121,3.48,0.11,0.62,0.32,0.24,0.11,0.33,0.74,0.49,0.00,0.49,0.05,0.03,48.48,7.71,2.53,26.07,8.22,0.00,0.00
122,0.42,0.01,0.36,0.22,0.36,0.05,0.23,0.31,0.30,0.03,0.50,0.00,0.04,54.64,0.27,0.28,5.77,36.21,0.00,0.00
123,0.01,0.00,0.26,0.02,0.00,0.00,0.00,0.04,0.11,0.00,0.02,0.00,0.00,19.46,0.54,0.05,71.12,8.36,0.00,0.00
124,0.14,0.00,0.31,0.03,0.04,0.00,0.00,0.09,0.17,0.00,0.06,0.01,0.00,10.25,1.04,1.59,62.05,23.72,0.47,0.00
125,1.38,0.00,0.63,0.20,0.06,0.06,0.04,0.37,1.04,0.01,0.80,0.10,0.00,14.35,8.33,5.47,47.41,19.76,0.00,0.00
126,0.93,0.00,0.53,0.19,0.07,0.05,0.10,0.54,0.67,0.00,1.15,0.00,0.00,21.40,0.63,5.00,55.31,13.44,0.00,0.00
127,1.48,0.00,0.22,0.08,0.00,0.01,0.04,0.23,0.29,0.00,0.09,0.00,0.09,45.27,0.68,3.85,35.26,12.39,0.00,0.00
128,0.64,0.00,0.30,0.12,0.10,0.02,0.05,0.26,0.26,0.01,0.47,0.02,0.00,19.42,0.32,0.79,64.58,12.62,0.00,0.00
129,1.04,0.01,0.18,0.11,0.01,0.01,0.00,0.27,0.38,0.00,0.19,0.00,0.00,57.22,0.63,5.35,28.08,6.54,0.00,0.00
130,1.41,0.00,0.52,0.50,0.79,0.17,0.68,0.82,0.54,1.22,1.57,0.03,0.08,14.67,0.60,5.65,45.41,23.58,1.75,0.00
131,0.81,0.00,0.44,0.05,0.00,0.01,0.10,0.21,0.27,0.00,0.12,0.00,0.02,45.54,0.61,9.29,35.78,6.73,0.00,0.00
132,1.27,0.00,0.42,0.19,0.07,0.06,0.14,0.34,0.31,0.01,0.21,0.01,0.00,37.06,0.17,1.58,47.62,10.55,0.00,0.00
133,0.45,0.00,0.38,0.43,0.32,0.11,0.37,0.77,0.46,0.02,0.39,0.03,0.00,62.09,0.74,8.40,20.95,4.08,0.00,0.00
134,0.41,0.00,0.38,0.06,0.01,0.04,0.04,0.20,0.27,0.02,0.15,0.00,0.00,60.25,0.53,0.99,23.64,13.00,0.00,0.00
135,1.43,0.00,0.37,0.18,0.03,0.07,0.04,0.59,0.90,0.06,1.53,0.00,0.00,20.00,0.95,7.04,43.66,23.13,0.00,0.00
136,1.21,0.00,0.60,0.20,0.12,0.04,0.10,0.48,0.55,0.01,0.28,0.02,0.00,11.39,6.98,7.59,42.59,27.85,0.00,0.00
137,0.88,0.00,0.60,0.12,0.06,0.03,0.00,0.47,0.52,0.00,1.20,0.03,0.00,3.45,5.18,5.99,47.70,33.77,0.00,0.00
138,2.72,0.00,0.76,1.47,0.33,0.44,1.25,1.96,1.98,3.64,2.06,0.00,0.00,6.56,7.17,4.00,23.41,42.24,0.00,0.00
139,1.39,0.00,0.79,0.50,0.18,0.11,0.25,0.68,0.95,0.96,0.80,0.02,0.00,46.50,1.25,5.56,29.43,10.62,0.00,0.00
140,1.41,0.05,0.23,0.07,0.03,0.02,0.09,0.06,0.16,0.00,0.05,0.01,0.00,27.16,0.55,0.56,64.83,4.72,0.00,0.00
141,1.61,0.00,0.69,0.41,0.28,0.15,0.21,0.82,0.66,0.00,2.83,0.06,0.03,3.76,7.13,5.99,24.31,51.03,0.00,0.00
142,1.44,0.00,0.53,0.44,0.08,0.13,0.35,0.88,0.97,0.01,3.78,0.00,0.00,5.61,6.74,5.10,37.64,36.29,0.00,0.00
143,0.37,0.00,0.72,0.28,0.24,0.08,0.16,0.52,0.38,0.01,0.69,0.14,0.28,26.46,1.03,0.10,15.46,53.09,0.00,0.00
144,0.13,0.00,0.22,0.02,0.00,0.00,0.02,0.04,0.11,0.00,0.08,0.00,0.00,20.05,0.54,0.03,4.09,74.66,0.00,0.00
145,0.62,0.01,0.22,0.07,0.00,0.01,0.05,0.11,0.24,0.01,0.04,0.01,0.01,58.76,0.85,0.24,27.60,11.14,0.00,0.00
146,0.01,0.00,0.12,0.01,0.00,0.00,0.00,0.02,0.01,0.00,0.08,0.01,0.00,0.05,0.01,0.00,8.26,91.37,0.02,0.02
147,0.21,0.01,0.16,0.15,0.02,0.02,0.02,0.31,0.56,0.01,0.99,0.00,0.00,10.05,11.62,0.53,6.95,68.33,0.00,0.05
148,0.07,0.00,0.18,0.03,0.00,0.02,0.00,0.04,0.16,0.00,0.13,0.00,0.00,0.11,0.02,0.03,19.49,79.69,0.00,0.02
149,0.03,0.00,0.12,0.04,0.00,0.01,0.08,0.02,0.15,0.01,0.02,0.01,0.00,17.50,0.25,0.26,33.94,47.55,0.00,0.00
150,0.47,0.00,0.56,0.67,0.30,0.11,0.45,0.92,0.74,0.83,0.52,0.01,0.01,11.40,0.50,0.00,2.97,79.55,0.00,0.00
151,0.41,0.00,0.33,0.08,0.01,0.05,0.03,0.17,0.30,0.00,0.18,0.01,0.00,7.34,1.19,0.12,16.22,73.55,0.00,0.00
152,0.01,0.00,0.17,0.05,0.05,0.00,0.01,0.12,0.16,0.00,0.15,0.00,0.03,5.07,8.98,0.52,8.75,75.87,0.06,0.00
153,0.21,0.00,0.40,0.12,0.01,0.01,0.05,0.25,0.36,0.00,0.17,0.02,0.03,58.02,0.27,0.08,36.70,3.30,0.00,0.00
154,0.49,0.00,0.39,0.13,0.02,0.04,0.00,0.34,0.69,0.00,0.39,0.01,0.01,9.04,2.19,1.65,14.60,70.02,0.00,0.00
155,0.08,0.01,0.38,0.05,0.07,0.01,0.00,0.14,0.11,0.00,0.18,0.01,0.01,6.52,1.16,0.39,55.94,34.95,0.00,0.00
156,0.04,0.00,0.28,0.04,0.01,0.00,0.02,0.06,0.16,0.00,0.08,0.00,0.00,34.02,0.08,0.07,61.27,3.87,0.00,0.00
157,0.15,0.00,0.44,0.09,0.07,0.03,0.00,0.33,0.40,0.00,0.40,0.00,0.02,3.85,1.40,0.57,13.76,78.49,0.00,0.00
158,0.16,0.00,0.26,0.21,0.61,0.09,0.17,0.49,0.30,0.41,0.79,0.03,0.01,3.15,1.39,3.48,37.81,50.65,0.00,0.00
159,0.41,0.00,0.25,0.07,0.10,0.01,0.04,0.10,0.25,0.00,0.04,0.01,0.03,53.70,0.61,0.03,19.75,24.61,0.00,0.00
160,0.15,0.00,0.38,0.19,0.02,0.04,0.00,0.28,0.50,0.00,0.56,0.00,0.00,0.55,0.32,0.32,2.14,94.54,0.02,0.00
161,0.76,0.01,0.44,0.11,0.04,0.01,0.00,0.46,0.48,0.00,0.30,0.00,0.08,15.11,22.28,4.40,7.54,47.97,0.00,0.00
162,0.43,0.00,0.40,0.60,0.17,0.12,0.13,0.96,1.73,0.02,3.42,0.01,0.09,2.22,1.48,1.09,5.11,82.02,0.00,0.00
163,0.70,1.25,0.29,0.17,0.01,0.03,0.14,0.43,0.36,0.00,0.75,0.00,0.00,49.76,5.98,2.24,8.76,29.13,0.00,0.00
164,0.85,0.01,0.62,0.59,0.36,0.11,0.29,1.28,1.72,0.01,4.04,0.02,0.14,7.79,8.78,17.60,39.10,16.68,0.00,0.00
165,0.00,0.00,0.11,0.03,0.14,0.00,0.03,0.02,0.14,0.00,0.02,0.00,0.00,4.40,0.10,0.00,0.85,94.14,0.00,0.00
166,0.17,0.01,0.33,0.19,0.18,0.02,0.15,0.20,0.27,0.24,0.31,0.01,0.03,0.39,2.77,0.32,10.15,84.20,0.00,0.05
167,0.13,0.00,0.30,0.06,0.04,0.02,0.00,0.14,0.20,0.00,0.03,0.00,0.00,3.54,0.18,1.69,49.65,44.03,0.00,0.00
168,0.25,0.00,0.46,0.16,0.18,0.03,0.05,0.27,0.30,0.01,0.30,0.03,0.06,17.04,0.16,0.30,40.55,39.85,0.00,0.00
169,0.21,1.51,0.14,0.00,0.03,0.00,0.00,0.00,0.15,0.00,0.00,0.00,0.01,0.48,2.44,4.80,29.53,60.70,0.00,0.00
170,2.80,0.01,0.48,0.26,0.38,0.26,0.00,0.51,0.78,0.00,0.50,0.28,0.07,0.42,1.81,1.36,47.02,43.05,0.00,0.00
171,0.28,0.01,0.29,0.02,0.00,0.00,0.00,0.04,0.05,0.00,0.14,0.00,0.08,6.61,0.16,0.00,50.39,41.93,0.00,0.00
172,0.18,0.00,0.92,1.08,0.93,0.22,1.03,1.20,0.85,3.62,0.43,0.05,0.04,9.73,0.62,0.54,10.43,68.13,0.00,0.00
173,0.05,0.00,0.27,0.00,0.00,0.00,0.00,0.00,0.04,0.00,0.00,0.00,0.00,2.38,0.03,0.07,15.87,81.29,0.00,0.00
174,0.14,0.00,0.13,0.00,0.02,0.00,0.00,0.00,0.10,0.00,0.00,0.00,0.06,8.47,0.30,0.07,37.05,53.66,0.00,0.00
175,2.08,0.00,0.29,0.06,0.06,0.02,0.03,0.23,0.41,0.00,0.12,0.01,0.00,2.12,0.33,3.94,35.63,54.67,0.00,0.00
176,0.10,0.01,0.18,0.08,0.02,0.03,0.14,0.07,0.24,0.00,0.06,0.01,0.01,44.88,0.48,0.12,48.88,4.67,0.00,0.00
177,0.03,0.07,0.13,0.00,0.01,0.00,0.00,0.02,0.06,0.00,0.05,0.00,0.00,3.25,0.03,0.15,73.48,22.71,0.00,0.00
178,1.72,0.01,0.20,0.05,0.09,0.01,0.05,0.11,0.07,0.01,0.16,0.00,0.01,0.03,0.00,0.00,0.76,96.65,0.00,0.06
179,1.18,0.00,0.48,0.28,0.18,0.06,0.18,0.67,0.78,0.01,0.88,0.01,0.00,5.21,3.91,0.31,17.00,68.85,0.00,0.00
180,0.91,0.00,0.67,0.38,0.18,0.08,0.03,0.76,1.64,0.05,2.73,0.02,0.05,2.11,6.60,18.25,43.54,22.02,0.00,0.00
181,2.71,0.03,0.21,0.05,0.10,0.02,0.00,0.28,0.23,0.00,0.46,0.00,0.01,0.64,6.38,0.18,6.02,82.59,0.00,0.08
182,0.32,0.22,0.32,0.16,0.02,0.02,0.00,0.40,0.34,0.00,0.18,0.00,0.16,6.18,35.60,2.20,4.44,49.44,0.00,0.00
183,3.37,0.00,0.46,0.19,0.08,0.03,0.12,0.60,0.69,0.01,1.87,0.01,0.00,2.11,0.90,8.51,32.25,48.80,0.00,0.00
184,0.01,0.00,0.12,0.01,0.10,0.00,0.00,0.00,0.27,0.00,0.00,0.00,0.01,15.49,0.24,0.00,12.60,71.16,0.00,0.00
185,0.44,0.06,0.18,0.06,0.03,0.00,0.00,0.16,0.20,0.00,0.03,0.00,0.01,53.27,0.32,0.52,23.56,21.15,0.00,0.00
186,0.58,6.83,0.33,0.08,0.06,0.01,0.03,0.21,0.25,0.00,0.08,0.00,0.00,20.07,23.50,0.76,2.10,45.09,0.00,0.00
187,2.31,0.00,0.32,0.20,0.04,0.08,0.00,0.52,0.81,0.00,0.67,0.00,0.06,0.10,0.03,0.40,18.02,76.43,0.00,0.00
188,0.01,0.00,0.26,0.03,0.12,0.00,0.00,0.07,0.15,0.00,0.01,0.00,0.00,0.03,0.00,0.00,5.65,93.68,0.00,0.00
189,1.51,2.27,1.04,2.01,1.70,0.52,2.21,2.22,0.92,2.69,1.14,0.02,0.19,63.16,4.84,0.47,1.21,11.86,0.01,0.00
190,0.54,0.00,0.34,0.06,0.02,0.03,0.00,0.18,0.41,0.00,0.18,0.00,0.01,1.28,0.42,6.13,54.36,36.06,0.00,0.00
191,0.50,0.00,0.30,0.08,0.00,0.00,0.10,0.11,0.33,0.01,0.10,0.01,0.01,48.95,0.28,0.09,44.54,4.60,0.00,0.00
192,0.03,0.00,0.33,0.03,0.05,0.01,0.01,0.04,0.05,0.00,0.12,0.01,0.02,0.48,0.01,0.00,4.59,94.07,0.13,0.00
193,0.01,0.00,0.07,0.02,0.05,0.11,0.00,0.04,0.23,0.00,0.01,0.01,0.00,41.59,0.39,0.00,15.70,41.76,0.00,0.00
194,0.19,0.00,0.32,0.08,0.01,0.02,0.10,0.06,0.34,0.00,0.02,0.00,0.01,74.79,0.80,0.10,19.93,3.22,0.00,0.00
195,0.00,0.00,0.17,0.08,0.04,0.01,0.15,0.05,0.06,0.02,0.12,0.12,0.03,0.09,0.00,0.00,25.37,73.68,0.00,0.00
196,1.18,0.00,0.89,1.34,1.19,0.32,1.18,2.58,0.58,2.32,0.93,0.04,0.02,28.37,0.95,7.99,24.66,25.47,0.00,0.00
197,0.07,0.00,0.36,0.18,0.15,0.07,0.35,0.19,0.24,0.05,0.30,0.05,0.01,13.85,0.14,0.96,66.60,16.45,0.00,0.00
198,0.01,0.00,0.21,0.03,0.02,0.00,0.00,0.05,0.07,0.00,0.02,0.00,0.00,0.05,0.12,0.00,2.13,97.30,0.00,0.00
199,0.22,0.00,0.25,0.07,0.01,0.01,0.04,0.17,0.22,0.01,0.20,0.02,0.04,26.95,1.11,0.02,3.32,67.33,0.00,0.00
200,3.30,0.00,1.35,3.31,0.68,0.66,2.84,3.82,2.50,7.86,4.61,0.06,0.06,6.91,5.31,1.41,6.81,48.29,0.23,0.00
201,0.06,0.00,0.37,0.11,0.03,0.04,0.00,0.26,0.33,0.00,0.37,0.00,0.02,2.28,0.58,0.21,6.15,89.18,0.00,0.00
202,0.01,0.00,0.23,0.09,0.08,0.02,0.04,0.13,0.23,0.01,0.17,0.01,0.05,44.65,0.83,0.00,8.43,44.88,0.13,0.00
203,1.12,0.04,0.56,0.18,0.02,0.02,0.01,0.33,0.55,0.00,0.29,0.00,0.07,4.05,38.07,4.13,1.93,48.60,0.00,0.00
204,0.11,0.00,0.34,0.10,0.01,0.02,0.06,0.24,0.33,0.00,0.23,0.00,0.05,5.44,0.42,0.26,8.91,83.49,0.00,0.00
205,0.34,0.01,0.28,0.02,0.00,0.01,0.00,0.11,0.20,0.00,0.09,0.01,0.00,10.67,0.23,3.66,45.73,38.67,0.00,0.00
206,0.65,0.00,0.38,0.10,0.01,0.03,0.03,0.40,0.55,0.00,0.55,0.00,0.01,28.74,31.67,3.08,15.78,18.02,0.01,0.00
207,0.10,0.00,0.25,0.05,0.00,0.01,0.06,0.09,0.12,0.01,0.12,0.00,0.00,23.28,0.11,0.07,21.62,54.10,0.00,0.00
208,0.07,0.00,0.21,0.02,0.00,0.00,0.00,0.07,0.11,0.00,0.10,0.02,0.00,7.25,0.85,0.62,38.13,52.55,0.00,0.00
209,0.17,0.00,0.42,0.05,0.01,0.01,0.03,0.05,0.06,0.00,0.08,0.01,0.02,0.62,0.02,0.03,0.11,98.31,0.02,0.00
210,0.02,0.00,0.15,0.00,0.01,0.00,0.00,0.01,0.01,0.00,0.09,0.03,0.00,0.00,0.00,0.00,0.45,99.11,0.09,0.03
211,0.66,0.01,0.29,0.07,0.01,0.00,0.05,0.12,0.30,0.00,0.02,0.00,0.02,72.54,0.14,0.03,17.46,8.28,0.00,0.00
212,0.08,0.23,0.22,0.03,0.00,0.00,0.00,0.09,0.22,0.00,0.10,0.00,0.00,3.26,5.42,1.84,12.01,76.48,0.00,0.00
213,0.60,0.04,0.38,0.17,0.12,0.03,0.04,0.43,0.46,0.26,0.41,0.15,0.01,46.49,2.50,1.28,15.35,31.29,0.00,0.00
214,0.22,0.02,0.17,0.07,0.01,0.00,0.10,0.05,0.33,0.01,0.03,0.01,0.00,65.09,0.68,0.19,29.06,3.95,0.00,0.00
215,0.95,5.06,0.87,0.54,0.25,0.07,0.43,0.76,0.74,0.68,0.25,0.00,0.05,15.66,39.97,1.26,2.38,30.06,0.00,0.00
216,0.44,3.32,0.18,0.19,0.40,0.06,0.22,0.27,0.35,0.01,0.24,0.04,0.05,17.48,12.93,4.05,5.03,54.75,0.00,0.00
217,0.32,0.02,0.16,0.03,0.00,0.00,0.00,0.06,0.14,0.00,0.06,0.00,0.00,18.03,0.09,0.14,35.68,45.27,0.00,0.00
218,2.28,0.00,0.23,0.04,0.01,0.01,0.00,0.20,0.37,0.00,0.34,0.00,0.00,10.46,0.35,5.66,49.02,31.03,0.00,0.00
219,0.13,0.01,0.20,0.06,0.00,0.01,0.01,0.12,0.29,0.00,0.21,0.01,0.01,0.83,8.83,1.53,43.49,44.26,0.00,0.00
220,0.12,0.00,0.37,0.11,0.04,0.01,0.03,0.25,0.40,0.00,0.09,0.00,0.00,16.19,1.26,0.07,15.08,65.99,0.00,0.00
221,0.53,0.00,0.51,0.05,0.09,0.00,0.00,0.18,0.21,0.00,0.22,0.47,0.00,26.99,0.09,0.36,56.18,14.12,0.00,0.00
222,0.59,0.12,0.38,0.19,0.04,0.00,0.00,0.28,0.51,0.00,0.21,0.00,0.07,2.27,32.96,6.26,1.54,54.56,0.00,0.00
223,0.47,0.00,0.40,0.27,0.04,0.04,0.24,0.36,0.38,0.02,0.23,0.09,0.01,71.48,1.11,0.09,22.09,2.70,0.00,0.00
224,0.94,0.01,2.18,4.24,2.55,1.01,5.89,5.20,2.58,7.43,6.51,0.02,0.43,6.39,10.58,1.24,2.29,40.52,0.00,0.00
225,0.12,0.01,0.34,0.03,0.01,0.00,0.00,0.10,0.10,0.00,0.20,0.01,0.01,10.08,0.02,0.16,44.96,43.86,0.00,0.00
226,1.14,0.00,0.51,0.11,0.04,0.04,0.02,0.40,0.61,0.00,0.30,0.01,0.01,3.05,3.47,10.08,36.03,44.16,0.00,0.00
227,0.00,0.00,0.15,0.02,0.09,0.01,0.01,0.06,0.11,0.00,0.08,0.01,0.00,2.23,0.10,0.00,0.88,96.24,0.00,0.00
228,0.20,0.00,0.32,0.09,0.01,0.02,0.00,0.22,0.29,0.00,0.15,0.02,0.00,1.78,1.23,1.93,52.18,41.55,0.00,0.00
229,0.05,0.00,0.20,0.05,0.03,0.01,0.00,0.11,0.34,0.00,0.04,0.00,0.00,30.63,2.11,0.60,23.11,42.71,0.00,0.00
230,0.07,0.03,0.40,0.11,0.06,0.03,0.15,0.10,0.34,0.01,0.04,0.00,0.01,65.29,1.14,0.04,16.82,15.37,0.00,0.00
231,0.11,0.12,0.22,0.06,0.00,0.01,0.01,0.15,0.24,0.00,0.12,0.00,0.00,1.64,0.65,2.02,16.86,77.79,0.00,0.00
232,0.61,0.02,0.19,0.16,0.22,0.09,0.16,0.51,0.22,0.04,1.15,0.07,0.07,16.48,0.27,0.09,48.53,31.12,0.00,0.00
233,2.68,0.00,0.19,0.08,0.04,0.10,0.00,0.80,0.33,0.00,2.06,0.01,0.01,0.05,0.06,0.25,8.78,84.56,0.00,0.00
234,0.02,0.00,0.20,0.01,0.00,0.00,0.00,0.04,0.02,0.00,0.04,0.06,0.00,0.07,0.00,0.00,19.23,78.75,1.51,0.05
235,0.59,0.00,0.58,0.22,0.09,0.05,0.01,0.61,0.54,0.00,0.78,0.00,0.00,5.29,4.78,1.21,27.04,58.21,0.00,0.00
236,4.18,0.13,4.05,6.19,3.97,2.66,7.80,9.26,2.77,10.03,6.70,0.12,0.03,4.71,12.71,8.32,8.44,7.92,0.00,0.00
237,0.15,0.51,0.37,0.09,0.03,0.03,0.02,0.31,0.40,0.00,0.13,0.00,0.00,3.42,34.84,1.98,2.80,54.92,0.00,0.00
238,0.12,0.00,0.50,0.07,0.01,0.01,0.00,0.20,0.18,0.00,0.12,0.00,0.00,24.86,0.17,0.03,3.69,70.03,0.00,0.00
239,0.81,0.04,0.59,1.32,0.28,0.17,0.61,2.91,1.58,1.08,1.74,0.00,0.16,40.25,17.02,0.74,4.48,26.11,0.04,0.08
240,0.31,0.00,0.26,0.12,0.09,0.02,0.17,0.15,0.22,0.01,0.22,0.08,0.01,34.86,0.70,0.05,50.88,11.85,0.00,0.00
241,0.05,0.00,0.24,0.03,0.00,0.00,0.00,0.09,0.07,0.00,0.09,0.00,0.00,0.60,0.34,0.04,1.81,96.62,0.00,0.00
242,0.01,0.00,0.20,0.01,0.02,0.00,0.00,0.02,0.04,0.00,0.02,0.00,0.00,0.01,0.02,0.01,0.85,98.65,0.14,0.00
243,1.69,5.18,0.68,0.45,0.26,0.09,0.26,1.20,0.54,0.11,2.04,0.12,0.13,57.66,6.94,1.22,1.50,19.95,0.00,0.00
244,0.31,0.00,0.40,0.11,0.07,0.00,0.05,0.24,0.28,0.00,0.10,0.03,0.01,68.78,0.34,0.00,7.91,21.20,0.17,0.00
245,0.00,0.00,0.19,0.03,0.03,0.01,0.00,0.05,0.03,0.00,0.08,0.00,0.00,0.01,0.01,0.00,0.54,99.02,0.00,0.00
246,0.57,0.00,0.22,0.05,0.06,0.02,0.00,0.15,0.28,0.00,0.04,0.00,0.00,1.02,0.29,0.08,15.66,81.57,0.00,0.00
247,0.05,0.00,0.47,0.15,0.07,0.02,0.12,0.14,0.17,0.00,0.35,0.03,0.06,0.05,0.07,0.00,7.80,90.45,0.00,0.00
248,0.24,0.00,0.48,0.11,0.02,0.04,0.00,0.42,0.41,0.01,0.55,0.00,0.01,1.65,0.37,0.59,27.76,67.35,0.00,0.00
249,0.63,0.00,0.33,0.07,0.01,0.02,0.00,0.26,0.31,0.00,0.11,0.00,0.00,50.34,1.96,1.42,21.69,22.86,0.00,0.00
250,0.15,0.00,0.19,0.04,0.15,0.02,0.00,0.08,0.14,0.00,0.03,0.01,0.02,34.44,1.06,0.01,14.08,49.59,0.00,0.00
251,0.17,0.13,0.39,0.18,0.02,0.01,0.00,0.52,0.66,0.00,0.44,0.00,0.19,10.23,16.93,2.39,4.58,63.18,0.00,0.00
252,0.07,0.07,0.33,0.04,0.08,0.00,0.02,0.06,0.11,0.00,0.02,0.01,0.01,2.08,0.33,0.21,75.16,21.39,0.00,0.00
253,0.03,0.00,0.36,0.01,0.03,0.00,0.02,0.03,0.11,0.00,0.04,0.02,0.00,25.17,0.41,0.06,65.12,8.59,0.00,0.00
254,1.21,0.00,0.25,0.14,0.07,0.03,0.07,0.37,0.49,0.00,0.27,0.01,0.00,10.72,0.39,8.53,46.19,31.22,0.00,0.00
255,0.50,0.04,0.46,0.12,0.02,0.02,0.04,0.21,0.45,0.00,0.13,0.00,0.02,3.95,25.17,4.68,1.44,62.75,0.00,0.00
256,1.00,0.21,0.11,0.01,0.02,0.00,0.00,0.00,0.21,0.00,0.00,0.00,0.02,3.03,18.66,0.20,2.00,74.52,0.00,0.00
257,0.40,0.00,0.46,0.19,0.02,0.01,0.13,0.27,0.63,0.01,0.50,0.01,0.00,2.69,4.06,2.78,48.59,39.27,0.00,0.00
258,2.49,0.01,1.18,1.21,0.49,0.28,0.99,1.81,1.37,2.53,1.01,0.07,0.03,17.80,17.27,7.94,26.21,17.32,0.00,0.00
259,0.38,0.00,0.42,0.09,0.01,0.02,0.05,0.14,0.28,0.01,0.14,0.02,0.03,6.81,1.05,0.08,12.14,78.34,0.00,0.00
260,0.22,0.00,0.30,0.03,0.00,0.00,0.00,0.17,0.09,0.00,0.24,0.01,0.00,7.20,0.49,0.10,45.54,45.62,0.00,0.00
261,0.02,0.00,0.22,0.02,0.00,0.00,0.00,0.03,0.06,0.00,0.08,0.00,0.03,3.41,0.02,0.23,26.05,69.83,0.00,0.00
262,0.06,0.00,0.23,0.04,0.00,0.00,0.00,0.06,0.20,0.00,0.05,0.00,0.00,0.03,0.02,0.06,1.59,97.59,0.07,0.00
263,0.00,0.00,0.30,0.04,0.14,0.01,0.02,0.05,0.09,0.00,0.02,0.00,0.00,0.01,0.05,0.00,0.24,99.03,0.00,0.00
264,0.09,0.00,0.63,0.72,0.39,0.24,0.75,1.03,0.48,2.23,1.06,0.11,0.04,5.83,0.20,0.08,11.13,75.00,0.00,0.00
265,0.04,0.00,0.14,0.00,0.00,0.00,0.00,0.01,0.03,0.00,0.03,0.00,0.01,0.84,0.16,0.01,5.13,92.63,0.95,0.03
266,0.11,0.11,0.19,0.05,0.00,0.01,0.03,0.16,0.29,0.00,0.16,0.00,0.00,9.15,1.09,0.31,10.28,78.07,0.00,0.00
267,0.83,0.02,0.33,0.11,0.03,0.02,0.00,0.29,0.36,0.00,0.28,0.00,0.00,6.90,5.20,1.26,27.76,56.60,0.00,0.00
268,0.29,0.00,0.29,0.10,0.16,0.02,0.00,0.27,0.35,0.00,0.22,0.08,0.01,11.28,0.21,0.03,23.20,63.48,0.00,0.00
269,0.20,0.00,0.18,0.04,0.08,0.01,0.04,0.04,0.10,0.01,0.09,0.03,0.07,0.07,0.00,0.00,33.10,65.94,0.00,0.00
270,0.17,0.00,1.12,1.67,0.48,0.30,1.92,1.29,1.16,1.64,0.43,0.02,0.08,73.28,0.32,0.01,12.09,4.01,0.00,0.00
271,2.29,0.01,0.56,0.25,0.34,0.04,0.00,0.73,0.91,0.00,1.04,0.01,0.51,3.46,6.57,16.35,42.00,24.95,0.00,0.00
272,0.01,0.00,0.12,0.01,0.00,0.00,0.00,0.01,0.02,0.00,0.17,0.00,0.00,0.01,0.00,0.00,11.79,85.58,2.28,0.00
273,0.11,0.00,1.19,2.43,1.51,0.44,2.95,2.68,0.58,4.68,2.27,0.19,0.37,9.63,0.26,0.00,4.63,66.00,0.00,0.07
274,1.08,0.00,0.59,0.79,0.18,0.15,0.19,1.41,2.12,0.88,2.57,0.01,0.35,20.13,5.38,2.82,25.01,36.33,0.00,0.00
275,0.01,0.00,0.08,0.04,0.11,0.01,0.00,0.10,0.12,0.00,0.16,0.01,0.01,9.82,0.57,0.61,77.96,10.40,0.00,0.00
276,0.17,0.00,0.27,0.04,0.00,0.01,0.00,0.10,0.16,0.00,0.14,0.02,0.00,0.56,0.35,0.27,6.82,91.07,0.00,0.00
277,0.08,0.00,0.09,0.06,0.04,0.01,0.04,0.10,0.24,0.01,0.07,0.01,0.02,47.50,0.68,0.03,44.25,6.77,0.00,0.00
278,2.75,0.03,0.53,0.26,0.05,0.13,0.04,0.61,0.80,0.00,0.55,0.00,0.04,28.17,14.05,18.63,19.77,13.57,0.00,0.00
279,0.32,0.07,0.94,0.88,0.31,0.16,1.05,0.73,0.40,2.29,0.65,0.01,0.12,4.44,0.10,0.04,56.09,31.40,0.00,0.00
280,0.28,0.02,0.61,0.27,0.10,0.05,0.20,0.54,0.68,0.00,0.52,0.02,0.08,32.18,16.90,0.90,2.75,43.91,0.00,0.00
281,0.10,0.00,0.27,0.02,0.00,0.00,0.00,0.05,0.08,0.00,0.10,0.00,0.00,8.47,0.92,0.35,23.82,65.81,0.00,0.00
282,0.01,0.00,0.63,0.78,0.42,0.09,1.13,1.09,0.36,4.66,0.69,0.04,0.19,0.04,0.02,0.00,10.77,79.08,0.00,0.00
283,2.53,2.28,1.13,1.49,0.62,0.38,0.79,2.67,2.00,1.63,2.07,0.14,0.00,40.85,5.88,0.31,2.02,32.88,0.16,0.16
284,0.44,0.07,0.31,0.24,0.03,0.01,0.08,0.40,0.43,0.00,0.43,0.00,0.01,2.06,0.71,0.08,29.34,65.27,0.00,0.09
285,2.91,0.01,0.33,0.05,0.00,0.02,0.02,0.11,0.22,0.00,0.05,0.01,0.00,22.04,2.05,2.39,23.84,45.97,0.00,0.00
286,0.60,0.01,0.75,0.45,0.41,0.11,0.14,0.91,1.64,0.80,1.80,0.01,0.01,12.69,13.91,3.53,8.25,54.00,0.00,0.00
287,0.77,0.02,0.39,0.23,0.08,0.03,0.00,0.51,1.53,0.00,1.42,0.00,0.03,3.07,18.48,3.80,2.71,66.95,0.00,0.00
288,0.17,0.00,0.10,0.06,0.07,0.02,0.03,0.11,0.08,0.01,0.14,0.01,0.08,4.37,0.15,0.00,51.04,43.56,0.00,0.00
289,0.22,0.00,0.31,0.08,0.01,0.01,0.00,0.14,0.27,0.00,0.15,0.00,0.00,0.13,0.21,0.31,3.42,94.74,0.00,0.00
290,0.34,0.06,0.39,0.14,0.05,0.02,0.03,0.42,0.37,0.00,0.13,0.00,0.01,2.85,35.16,1.88,2.75,55.39,0.00,0.00
291,0.70,0.00,0.10,0.10,0.01,0.04,0.00,0.31,0.69,0.00,0.74,0.00,0.00,0.18,0.28,0.33,2.70,93.06,0.77,0.00
292,3.14,0.01,0.72,0.91,1.10,0.22,0.72,1.84,1.23,2.44,3.20,0.03,0.08,18.45,8.05,3.21,19.63,35.03,0.00,0.00
293,2.92,21.81,0.47,0.47,0.46,0.13,0.08,1.92,1.39,0.01,4.87,0.01,0.00,2.51,3.99,0.27,2.72,55.97,0.00,0.00
294,1.92,0.01,0.18,0.08,0.02,0.01,0.00,0.26,0.38,0.04,0.29,0.03,0.00,10.98,0.57,5.86,32.68,46.70,0.00,0.00
295,0.17,0.00,0.23,0.02,0.00,0.00,0.00,0.05,0.10,0.00,0.08,0.00,0.00,15.45,0.01,0.24,50.51,33.13,0.00,0.00
296,0.02,0.24,0.40,0.19,0.29,0.03,0.13,0.35,0.46,0.01,0.81,0.01,0.06,15.15,23.37,1.24,1.65,55.59,0.00,0.00
297,0.18,0.06,0.17,0.06,0.00,0.02,0.09,0.04,0.31,0.01,0.06,0.00,0.03,45.75,0.39,0.04,46.17,6.61,0.00,0.00
298,0.05,0.11,0.30,0.08,0.02,0.00,0.04,0.21,0.37,0.00,0.07,0.00,0.02,19.53,12.66,1.13,6.34,59.07,0.00,0.00
299,0.58,0.93,0.27,0.03,0.12,0.02,0.00,0.08,0.22,0.00,0.08,0.00,0.01,2.54,31.37,0.94,0.49,62.33,0.00,0.00
300,0.40,0.00,0.06,0.00,0.00,0.00,0.00,0.00,0.01,0.00,0.00,0.00,0.00,0.00,0.00,0.00,1.46,98.06,0.00,0.00
301,1.97,0.02,0.21,0.10,0.01,0.04,0.02,0.43,0.42,0.00,1.47,0.00,0.04,1.49,3.02,4.94,55.65,30.17,0.00,0.00
302,0.03,0.00,0.32,0.18,0.09,0.03,0.05,0.36,0.42,0.00,0.28,0.00,0.03,63.53,0.12,0.00,21.58,12.98,0.00,0.00
303,0.35,0.00,0.18,0.03,0.00,0.00,0.00,0.08,0.19,0.00,0.09,0.00,0.00,2.27,1.29,0.36,15.94,79.21,0.00,0.00
304,0.16,0.00,0.41,0.28,0.04,0.07,0.04,0.74,0.76,0.01,0.70,0.01,0.01,0.20,0.13,0.08,1.68,94.68,0.00,0.00
305,0.46,0.00,0.28,0.06,0.01,0.00,0.00,0.10,0.22,0.00,0.10,0.00,0.00,0.96,0.93,1.47,28.06,67.36,0.00,0.00
306,0.88,0.03,0.43,0.24,0.08,0.10,0.11,0.45,0.69,0.00,0.77,0.04,0.00,10.77,9.69,14.72,27.57,33.43,0.00,0.00
307,0.59,0.01,0.48,0.09,0.07,0.01,0.09,0.19,0.26,0.01,0.19,0.01,0.00,33.02,0.35,1.47,11.55,51.60,0.00,0.00
308,0.01,0.00,0.15,0.02,0.11,0.00,0.00,0.06,0.16,0.00,0.05,0.00,0.00,0.19,0.04,0.00,1.05,98.16,0.00,0.00
309,0.34,0.00,0.79,0.25,0.18,0.04,0.00,0.81,1.31,0.00,1.03,0.01,0.01,5.09,17.73,3.22,7.11,62.07,0.00,0.00
310,0.00,0.00,0.09,0.04,0.04,0.00,0.00,0.09,0.19,0.00,0.03,0.01,0.01,0.36,2.34,0.14,71.03,25.63,0.00,0.00
311,0.01,0.00,0.14,0.01,0.00,0.00,0.00,0.01,0.01,0.00,0.03,0.02,0.01,0.13,0.04,0.00,6.16,90.96,2.46,0.00
312,5.71,0.29,0.95,1.32,0.58,0.62,0.53,2.32,2.14,4.27,2.82,0.02,0.02,11.44,18.74,16.20,16.05,15.98,0.00,0.00
313,0.07,0.00,0.27,0.04,0.01,0.00,0.00,0.10,0.22,0.00,0.19,0.00,0.00,8.49,0.90,0.02,6.35,83.35,0.00,0.00
314,0.55,0.01,0.49,0.43,0.11,0.10,0.84,0.44,0.62,0.50,0.63,0.02,0.02,27.27,0.82,0.16,58.49,8.52,0.00,0.00
315,0.09,0.00,0.46,0.04,0.00,0.01,0.00,0.07,0.08,0.00,0.05,0.01,0.01,0.17,0.21,0.07,1.33,97.41,0.00,0.00
316,0.26,0.00,0.25,0.07,0.00,0.01,0.00,0.17,0.23,0.00,0.11,0.02,0.00,35.42,1.79,0.34,1.75,59.58,0.00,0.00
317,3.62,0.00,0.39,0.50,0.16,0.11,0.00,1.48,1.68,0.00,4.45,0.00,0.01,1.27,2.54,7.10,53.12,23.57,0.00,0.00
318,0.15,0.07,0.37,0.12,0.01,0.00,0.00,0.34,0.90,0.00,0.29,0.00,0.12,8.85,35.55,2.58,4.18,46.48,0.00,0.00
319,0.10,0.00,0.47,0.25,0.21,0.04,0.08,0.40,0.40,0.00,0.31,0.02,0.01,8.43,0.60,0.09,9.69,78.89,0.00,0.00
320,0.04,0.00,0.24,0.03,0.00,0.00,0.02,0.04,0.15,0.00,0.03,0.00,0.00,13.09,0.03,0.01,12.15,74.17,0.00,0.00
321,2.79,0.17,0.50,0.06,0.05,0.01,0.00,0.23,0.30,0.00,0.82,0.00,0.01,7.84,23.92,0.84,3.78,58.68,0.00,0.00
322,0.08,0.00,0.16,0.01,0.00,0.00,0.00,0.06,0.10,0.00,0.11,0.00,0.00,7.39,0.16,0.14,42.40,49.38,0.00,0.00
323,0.10,0.00,0.31,0.03,0.01,0.02,0.00,0.08,0.20,0.00,0.22,0.02,0.02,44.05,0.75,0.03,47.04,7.10,0.00,0.00
324,0.11,0.01,0.21,0.08,0.07,0.04,0.14,0.03,0.18,0.01,0.05,0.01,0.01,50.37,0.21,0.22,38.54,9.72,0.00,0.00
325,2.50,0.00,0.56,0.70,0.24,0.37,0.10,1.53,2.83,0.47,3.25,0.00,0.45,1.40,1.13,1.38,4.49,78.02,0.58,0.00
326,1.88,15.37,0.68,0.48,0.19,0.27,0.01,1.10,1.27,0.00,2.19,0.06,0.07,12.73,7.40,0.41,0.78,54.86,0.23,0.00
327,1.86,11.42,1.23,1.66,0.93,0.35,1.19,4.93,0.95,4.61,6.59,0.08,0.29,3.82,8.22,0.55,0.62,50.51,0.19,0.00
328,0.64,2.59,0.56,0.15,0.16,0.02,0.00,0.60,0.45,0.00,1.23,0.03,0.23,12.46,5.90,0.28,0.87,73.84,0.00,0.00
329,1.71,68.62,0.74,0.20,0.01,0.29,0.00,0.89,0.29,0.00,1.84,0.07,0.03,0.02,0.03,0.01,0.00,24.97,0.29,0.00
330,2.03,8.49,0.71,0.35,0.05,0.03,0.00,0.51,0.78,0.00,1.82,0.06,0.03,21.86,11.81,0.35,0.79,50.33,0.00,0.00
331,1.13,9.91,1.72,2.45,1.74,0.69,1.32,7.53,1.30,4.12,5.14,0.17,0.24,10.29,4.46,0.35,0.55,45.33,1.55,0.00
332,1.96,56.27,0.39,0.18,0.07,0.08,0.00,0.39,0.61,0.00,0.46,0.08,0.05,0.52,0.53,0.02,0.12,38.26,0.00,0.00
333,0.95,41.45,0.60,0.15,0.06,0.05,0.00,0.50,0.99,0.00,1.83,0.01,0.00,1.47,0.50,0.02,0.16,49.56,1.70,0.00
334,1.14,22.74,0.31,0.14,0.02,0.01,0.00,0.19,0.49,0.00,0.36,0.01,0.01,5.87,4.07,0.10,0.64,63.88,0.01,0.00
335,1.12,16.12,1.35,1.63,0.18,0.56,0.70,3.41,1.33,4.39,5.04,0.02,0.03,3.88,3.18,0.10,0.88,56.08,0.00,0.00
336,2.17,12.38,1.15,0.36,0.10,0.10,0.00,0.81,0.94,0.00,3.76,0.01,0.13,8.55,5.48,0.16,0.79,63.11,0.00,0.00
337,1.17,10.73,0.78,0.23,0.28,0.18,0.00,0.39,1.28,0.01,1.27,0.07,0.06,6.40,5.09,0.20,0.46,71.12,0.28,0.00
338,0.99,8.84,0.55,0.14,0.01,0.03,0.00,0.27,0.59,0.00,0.99,0.01,0.01,16.50,6.87,0.37,0.59,63.23,0.00,0.00
339,1.15,22.79,1.04,1.39,1.08,0.39,0.48,3.23,1.45,3.05,1.86,0.34,0.11,0.59,1.12,0.03,0.30,59.61,0.00,0.00
340,0.91,7.83,0.87,0.79,1.98,0.35,0.48,1.93,0.79,2.14,1.48,0.10,0.09,4.98,2.87,0.11,0.36,71.35,0.59,0.00
341,0.68,46.53,0.24,0.03,0.01,0.01,0.00,0.03,0.24,0.00,0.09,0.00,0.01,0.47,0.52,0.04,0.08,50.82,0.18,0.00
342,0.85,12.13,0.55,0.38,0.80,0.27,0.05,1.58,1.11,0.99,4.59,0.06,0.14,10.54,2.18,0.22,0.53,62.68,0.36,0.00
343,2.07,11.35,0.31,0.18,0.02,0.06,0.00,0.25,0.97,0.00,0.52,0.01,0.01,5.47,6.53,0.24,0.82,71.05,0.15,0.00
344,5.33,4.83,0.56,0.21,0.02,0.10,0.00,0.75,0.53,0.00,1.30,0.01,0.00,42.90,9.68,0.39,1.89,31.49,0.00,0.00
345,15.11,33.84,4.37,7.28,4.17,3.54,15.48,1.45,1.54,3.31,0.79,0.14,0.00,0.52,0.39,0.00,0.00,8.06,0.00,0.00
346,2.54,10.29,1.04,0.61,0.46,0.08,0.36,1.71,1.15,1.05,1.90,0.03,0.14,14.74,6.50,0.21,0.27,45.81,11.09,0.00
347,7.95,18.72,0.55,0.35,0.06,0.05,0.02,2.12,1.70,0.47,5.36,0.01,0.11,1.67,6.21,0.62,0.19,53.85,0.00,0.00
348,0.51,5.15,0.58,0.32,0.31,0.05,0.41,0.68,1.39,0.02,0.18,0.02,0.00,65.07,11.22,0.03,0.08,13.97,0.00,0.00
349,3.75,15.15,1.06,0.91,1.23,0.21,0.64,3.08,1.64,1.77,1.60,0.08,0.01,18.66,19.07,0.26,0.38,30.51,0.00,0.00
350,1.13,4.73,0.31,0.24,0.13,0.04,0.10,0.87,1.01,0.02,1.69,0.01,0.45,4.18,16.89,1.81,0.67,65.72,0.00,0.00
351,21.53,64.28,0.12,0.30,0.54,0.04,0.93,0.45,0.25,1.28,0.38,0.01,0.00,0.25,0.12,0.00,0.00,9.25,0.27,0.00
352,5.57,42.97,1.52,0.52,1.60,0.10,0.31,1.31,1.29,0.11,0.73,0.02,0.02,27.57,8.20,0.28,0.07,7.82,0.00,0.00
353,22.99,56.57,0.20,0.30,0.21,0.04,0.29,0.67,0.42,0.45,0.48,0.00,0.03,3.57,1.39,0.04,0.01,12.34,0.00,0.00
354,0.79,0.92,0.23,0.13,0.08,0.00,0.01,0.30,0.46,0.00,1.34,0.03,0.30,12.01,19.07,0.95,0.51,62.86,0.00,0.00
355,2.34,27.05,0.30,0.19,0.03,0.01,0.03,0.76,0.87,0.00,0.58,0.00,0.00,39.79,12.85,0.21,0.31,14.66,0.00,0.00
356,8.78,48.84,0.49,0.47,0.39,0.11,0.43,1.39,1.25,0.00,0.32,0.00,0.00,22.97,5.05,0.09,0.07,9.32,0.00,0.00
357,4.31,55.20,0.66,0.22,1.75,0.00,0.08,1.76,1.42,0.00,0.48,0.03,0.03,28.35,1.70,0.08,0.02,3.91,0.00,0.00
358,10.16,56.19,0.45,0.34,0.42,0.06,0.62,0.87,0.71,0.04,0.59,0.01,0.02,16.73,1.20,0.04,0.05,11.49,0.00,0.00
359,0.48,11.57,0.38,0.10,0.11,0.02,0.01,0.35,0.43,0.00,0.65,0.04,0.08,3.74,10.88,1.14,0.44,69.58,0.00,0.00
360,0.68,3.96,1.90,3.16,1.05,0.61,2.26,7.27,2.26,2.13,1.42,0.00,0.00,42.50,26.98,0.35,0.17,3.31,0.00,0.00
361,24.87,53.12,0.03,0.04,0.11,0.01,0.00,0.04,0.19,0.00,0.15,0.01,0.03,6.00,2.22,0.02,0.00,13.15,0.03,0.00
362,0.87,6.01,0.33,0.15,0.65,0.03,0.01,0.50,0.75,0.01,1.72,0.03,0.04,0.33,3.69,0.39,0.58,79.04,4.86,0.00
363,4.68,17.99,0.25,0.18,0.15,0.01,0.00,0.05,0.58,0.00,0.68,0.07,0.15,10.27,9.04,0.62,0.35,54.69,0.25,0.00
364,7.53,54.29,0.27,0.11,0.25,0.01,0.03,0.84,0.99,0.00,0.60,0.00,0.01,28.89,1.10,0.05,0.02,5.01,0.00,0.00
365,3.60,30.06,1.21,0.85,1.73,0.13,0.14,5.12,1.56,0.01,6.08,0.07,0.00,21.49,14.89,0.46,0.12,12.47,0.00,0.00
366,1.52,15.68,1.15,0.56,0.20,0.10,0.06,2.61,0.96,0.01,6.71,0.01,0.18,6.05,19.02,1.66,0.47,43.04,0.00,0.00
367,11.90,33.85,0.11,0.19,0.06,0.01,0.16,0.40,0.61,0.00,0.10,0.00,0.01,36.42,8.84,0.05,0.04,7.27,0.00,0.00
368,15.74,54.81,0.28,0.24,0.15,0.04,0.14,1.02,0.52,0.06,0.60,0.00,0.01,10.25,4.96,0.16,0.01,11.03,0.00,0.00
369,0.98,5.76,0.79,0.23,0.11,0.05,0.11,0.71,0.75,0.00,0.19,0.00,0.03,66.96,10.70,0.05,0.63,11.94,0.00,0.00
370,1.55,26.32,0.85,0.34,0.14,0.06,0.34,0.94,1.02,0.01,0.33,0.00,0.00,41.08,18.73,0.35,0.13,7.79,0.02,0.00
371,3.99,64.43,0.33,0.23,0.76,0.04,0.20,0.55,0.85,0.01,0.41,0.03,0.00,16.61,4.68,0.24,0.05,6.60,0.00,0.00
372,22.51,38.79,1.94,3.93,2.60,0.81,9.51,2.12,0.81,4.84,1.33,0.00,0.01,1.19,0.39,0.00,0.00,8.47,0.72,0.00
373,39.43,39.70,0.06,0.15,0.64,0.08,0.01,0.78,0.28,0.37,0.61,0.01,0.19,1.49,0.99,0.04,0.00,15.17,0.00,0.00
374,3.35,23.85,1.06,0.82,0.16,0.28,0.16,2.88,1.82,1.49,6.74,0.03,0.11,1.51,7.92,0.76,0.37,45.99,0.72,0.00
