uniqid_county,NWALT74_11_county,NWALT74_12_county,NWALT74_21_county,NWALT74_22_county,NWALT74_23_county,NWALT74_24_county,NWALT74_25_county,NWALT74_26_county,NWALT74_27_county,NWALT74_31_county,NWALT74_32_county,NWALT74_33_county,NWALT74_41_county,NWALT74_43_county,NWALT74_44_county,NWALT74_45_county,NWALT74_46_county,NWALT74_50_county,NWALT74_60_county,NWALT74_9999_county
1,0.03,0.01,0.20,0.28,0.13,0.10,0.25,0.51,0.25,1.07,0.33,0.03,0.48,0.52,0.03,0.00,1.79,93.88,0.09,0.03
2,0.05,0.01,0.16,0.04,0.01,0.02,0.00,0.09,0.10,0.00,0.21,0.02,0.03,0.07,0.09,0.01,10.79,87.88,0.44,0.00
3,0.28,0.03,0.21,0.03,0.00,0.00,0.00,0.04,0.07,0.00,0.13,0.00,0.00,0.53,4.02,0.10,3.41,91.13,0.01,0.00
4,0.64,0.01,0.15,0.03,0.01,0.01,0.01,0.09,0.10,0.00,0.25,0.00,0.28,0.00,0.02,0.00,0.01,93.47,4.91,0.00
5,0.15,0.02,0.19,0.11,0.08,0.02,0.05,0.11,0.11,0.09,0.21,0.01,0.01,4.50,1.08,0.04,0.36,92.80,0.01,0.06
6,0.03,0.00,0.22,0.06,0.01,0.02,0.01,0.18,0.21,0.00,0.52,0.01,0.12,0.00,0.07,0.01,3.37,92.33,2.81,0.00
7,0.08,0.25,0.28,0.08,0.03,0.03,0.03,0.15,0.43,0.17,0.43,0.03,0.23,10.49,0.71,0.01,0.24,83.93,2.41,0.00
8,0.01,0.01,0.26,0.03,0.04,0.01,0.01,0.03,0.09,0.00,0.11,0.01,0.67,0.08,0.23,0.03,0.22,82.96,15.20,0.00
9,0.04,0.00,0.25,0.08,0.03,0.07,0.01,0.12,0.34,0.01,0.50,0.02,0.00,0.15,0.65,0.01,0.96,95.98,0.67,0.11
10,0.15,0.02,0.15,0.03,0.01,0.01,0.00,0.03,0.05,0.00,0.08,0.01,0.01,0.01,0.01,0.00,5.93,87.22,6.26,0.00
11,0.02,0.08,0.11,0.02,0.00,0.01,0.00,0.05,0.08,0.00,0.10,0.00,0.01,1.65,0.10,0.00,1.70,93.24,2.81,0.00
12,0.24,0.19,0.44,0.69,0.25,0.22,0.68,0.91,0.50,1.74,0.51,0.03,0.01,7.25,1.62,0.01,5.64,77.10,1.97,0.00
13,0.02,0.02,0.21,0.06,0.09,0.02,0.02,0.12,0.16,0.01,0.36,0.07,0.03,2.91,0.15,0.02,3.02,90.27,2.41,0.05
14,0.75,0.07,0.12,0.04,0.01,0.02,0.00,0.08,0.12,0.00,0.17,0.00,0.01,0.09,0.10,0.01,4.68,87.97,5.76,0.00
15,0.11,0.01,0.18,0.02,0.01,0.00,0.00,0.02,0.04,0.00,0.07,0.02,0.01,0.04,0.05,0.02,13.15,83.69,2.56,0.00
16,0.43,0.04,3.39,9.96,4.67,4.03,12.97,9.28,1.62,7.71,2.87,0.13,0.06,3.05,1.69,0.04,1.47,36.58,0.00,0.00
17,0.34,0.02,0.46,0.53,0.47,0.22,0.53,1.05,0.34,1.03,0.71,0.20,0.09,4.83,1.60,0.40,4.39,71.86,10.93,0.00
18,6.68,0.02,0.36,0.14,0.07,0.02,0.08,0.20,0.21,0.01,0.17,0.01,0.04,8.73,8.54,0.11,0.01,74.16,0.33,0.09
19,0.29,0.01,0.45,0.31,0.24,0.07,0.25,0.46,0.36,0.13,0.68,0.05,0.29,15.73,3.87,1.15,13.54,60.89,1.23,0.00
20,0.38,0.07,0.98,1.74,1.06,0.84,1.80,3.72,1.28,3.94,1.10,0.05,0.02,1.83,0.62,0.16,2.87,76.89,0.62,0.03
21,0.14,0.00,0.32,0.32,0.16,0.06,0.18,0.76,0.31,0.73,0.36,0.01,0.06,0.30,0.16,0.01,0.28,94.36,1.46,0.00
22,1.22,0.06,0.55,0.71,0.23,0.31,0.28,1.70,0.97,1.34,0.98,0.06,0.03,3.70,2.28,0.22,2.57,81.01,1.79,0.00
23,0.46,0.02,0.81,1.27,0.85,0.44,1.03,2.40,0.87,2.01,0.85,0.03,0.05,6.79,1.59,0.50,1.86,77.38,0.78,0.00
24,0.44,0.00,2.35,5.19,2.83,1.80,11.11,4.46,1.00,4.71,1.42,0.03,0.05,1.15,2.38,0.78,3.64,55.11,1.54,0.00
25,0.03,0.00,0.15,0.01,0.00,0.00,0.01,0.03,0.03,0.00,0.04,0.01,0.00,0.52,0.14,0.15,56.05,42.82,0.00,0.00
26,0.22,0.49,0.14,0.03,0.00,0.00,0.00,0.13,0.15,0.00,0.04,0.00,0.01,0.24,9.48,1.10,16.96,70.68,0.33,0.00
27,0.43,0.00,0.22,0.10,0.01,0.03,0.02,0.10,0.23,0.01,0.11,0.05,0.02,0.52,7.42,0.19,1.67,88.87,0.00,0.00
28,0.97,0.04,0.08,0.01,0.00,0.01,0.01,0.02,0.09,0.00,0.01,0.00,0.00,6.75,0.38,0.12,79.56,11.93,0.00,0.00
29,0.26,0.00,0.18,0.01,0.00,0.00,0.00,0.03,0.06,0.00,0.03,0.00,0.00,1.13,2.82,0.37,8.84,86.25,0.00,0.00
30,0.17,0.13,0.15,0.06,0.01,0.01,0.04,0.08,0.15,0.00,0.09,0.01,0.00,28.01,4.37,0.09,52.18,14.46,0.00,0.00
31,0.12,0.00,0.21,0.05,0.00,0.01,0.01,0.08,0.13,0.00,0.17,0.00,0.00,4.53,4.12,0.11,4.34,82.01,4.10,0.00
32,0.19,0.00,0.17,0.00,0.00,0.00,0.00,0.00,0.01,0.00,0.04,0.00,0.01,0.01,0.05,0.08,8.62,86.26,4.55,0.00
33,0.57,0.55,0.26,0.12,0.01,0.02,0.08,0.11,0.22,0.01,0.20,0.02,0.00,1.37,18.05,0.49,4.87,72.92,0.12,0.00
34,0.12,0.26,0.26,0.08,0.01,0.03,0.01,0.17,0.20,0.00,0.20,0.05,0.02,0.34,15.27,0.98,7.71,73.60,0.68,0.00
35,0.01,0.00,0.14,0.01,0.00,0.00,0.00,0.04,0.14,0.00,0.01,0.00,0.00,34.50,4.90,0.01,49.38,10.85,0.00,0.00
36,0.35,0.00,0.20,0.02,0.00,0.01,0.00,0.02,0.05,0.00,0.19,0.00,0.01,0.07,1.34,0.14,4.44,93.13,0.01,0.00
37,0.13,0.00,0.26,0.01,0.00,0.01,0.00,0.07,0.02,0.00,0.08,0.00,0.00,0.06,0.50,0.61,44.25,54.00,0.00,0.00
38,0.75,0.06,0.20,0.07,0.03,0.01,0.03,0.13,0.22,0.00,0.05,0.00,0.00,72.82,1.33,0.29,21.45,2.55,0.00,0.00
39,0.32,0.08,0.40,0.20,0.04,0.05,0.11,0.29,0.24,0.00,0.13,0.15,0.01,52.35,3.02,0.08,36.62,5.90,0.00,0.00
40,0.78,0.12,0.51,0.17,0.05,0.04,0.06,0.28,0.21,0.00,0.26,0.01,0.00,66.06,2.67,0.35,23.61,4.83,0.00,0.00
41,0.31,0.01,0.27,0.13,0.02,0.02,0.12,0.15,0.21,0.00,0.19,0.02,0.01,67.15,4.38,0.16,16.05,10.80,0.00,0.00
42,0.01,0.00,0.13,0.03,0.00,0.00,0.00,0.06,0.18,0.00,0.02,0.00,0.00,70.40,11.65,0.00,13.01,4.50,0.00,0.00
43,1.94,0.11,0.40,0.33,0.17,0.10,0.23,0.67,0.44,0.00,0.75,0.04,0.00,51.66,1.27,1.14,34.47,6.25,0.00,0.00
44,0.39,0.09,0.16,0.03,0.01,0.01,0.00,0.08,0.12,0.00,0.15,0.00,0.00,20.91,1.51,0.32,74.50,1.74,0.00,0.00
45,0.56,0.02,0.26,0.07,0.01,0.02,0.00,0.19,0.20,0.00,0.11,0.00,0.00,59.03,1.44,1.31,34.04,2.74,0.00,0.00
46,0.14,0.00,0.09,0.02,0.00,0.00,0.00,0.05,0.14,0.00,0.02,0.00,0.00,51.88,6.83,0.03,21.59,19.19,0.00,0.00
47,0.51,0.09,0.16,0.01,0.00,0.00,0.00,0.03,0.15,0.00,0.07,0.00,0.00,48.78,0.85,0.49,44.66,4.18,0.00,0.00
48,0.27,0.05,0.29,0.05,0.02,0.01,0.00,0.10,0.16,0.00,0.12,0.00,0.00,38.86,1.13,0.16,57.18,1.59,0.00,0.00
49,0.36,0.00,0.35,0.03,0.00,0.00,0.00,0.07,0.21,0.00,0.03,0.00,0.00,85.67,2.00,0.05,8.10,3.12,0.00,0.00
50,0.02,0.00,0.17,0.04,0.01,0.01,0.00,0.09,0.20,0.00,0.06,0.00,0.00,49.21,5.35,0.00,31.87,12.95,0.00,0.00
51,0.09,0.00,0.22,0.08,0.02,0.00,0.00,0.14,0.26,0.00,0.08,0.03,0.00,71.75,6.21,0.05,16.09,4.96,0.00,0.00
52,1.13,0.10,0.25,0.04,0.01,0.01,0.00,0.13,0.19,0.00,0.06,0.00,0.00,61.54,1.08,0.35,30.88,4.23,0.00,0.00
53,1.23,0.09,0.25,0.05,0.01,0.01,0.00,0.12,0.18,0.00,0.05,0.01,0.00,24.67,0.31,0.40,69.44,3.18,0.00,0.00
54,0.43,0.01,0.24,0.04,0.00,0.00,0.00,0.06,0.18,0.00,0.04,0.00,0.00,79.23,5.03,0.11,7.68,6.93,0.00,0.00
55,0.56,0.06,0.30,0.02,0.00,0.00,0.00,0.06,0.14,0.00,0.10,0.00,0.00,21.64,3.32,0.17,71.84,1.47,0.29,0.00
56,1.08,0.07,0.20,0.05,0.02,0.01,0.00,0.16,0.23,0.00,0.16,0.01,0.00,43.28,0.44,1.54,47.58,5.18,0.00,0.00
57,0.54,0.02,0.56,0.37,0.19,0.08,0.18,0.80,0.40,0.01,0.39,0.01,0.00,64.74,1.63,1.41,21.73,6.92,0.00,0.00
58,0.03,0.00,0.15,0.04,0.00,0.00,0.00,0.11,0.24,0.00,0.01,0.00,0.00,64.55,1.76,0.01,24.70,8.38,0.00,0.00
59,0.31,0.00,0.09,0.02,0.00,0.00,0.00,0.04,0.15,0.00,0.02,0.00,0.00,58.02,9.53,0.03,9.50,22.28,0.00,0.00
60,1.36,0.52,0.14,0.05,0.01,0.01,0.00,0.17,0.20,0.00,0.11,0.00,0.00,58.95,1.24,0.51,31.47,5.26,0.00,0.00
61,2.01,0.03,1.16,1.80,1.22,0.51,2.47,3.06,0.99,2.37,1.40,0.01,0.00,56.01,4.06,1.14,16.03,5.74,0.00,0.00
62,0.48,0.05,0.20,0.03,0.00,0.00,0.00,0.09,0.21,0.00,0.03,0.00,0.00,45.83,4.34,0.10,45.87,2.77,0.00,0.00
63,1.03,0.08,0.44,0.10,0.05,0.02,0.02,0.32,0.33,0.00,0.21,0.00,0.00,68.48,1.69,1.54,19.01,6.67,0.00,0.00
64,0.37,0.10,0.44,0.08,0.03,0.02,0.11,0.15,0.22,0.00,0.11,0.01,0.00,61.64,0.71,0.70,31.80,3.50,0.00,0.00
65,1.65,0.02,0.33,0.37,0.14,0.09,0.18,0.53,0.27,0.67,0.24,0.02,0.11,0.06,0.08,0.01,0.45,94.66,0.15,0.00
66,0.11,0.00,0.08,0.00,0.00,0.00,0.00,0.01,0.01,0.00,0.11,0.00,0.01,0.14,0.01,0.11,71.34,28.08,0.00,0.00
67,0.45,0.00,0.10,0.02,0.01,0.01,0.00,0.06,0.03,0.00,0.08,0.00,0.02,0.19,0.02,0.00,5.69,93.30,0.00,0.00
68,0.07,0.00,0.26,0.08,0.05,0.02,0.07,0.15,0.09,0.00,0.37,0.02,0.11,1.51,0.30,0.01,46.27,50.63,0.00,0.00
69,0.05,0.00,0.29,0.01,0.00,0.00,0.00,0.02,0.02,0.00,0.06,0.00,0.02,0.03,0.01,0.00,65.65,33.84,0.00,0.00
70,0.12,0.00,0.28,0.02,0.00,0.00,0.00,0.03,0.11,0.00,0.11,0.01,0.02,0.74,0.07,0.03,56.80,41.66,0.00,0.00
71,0.01,0.00,0.16,0.04,0.01,0.00,0.00,0.09,0.08,0.00,0.16,0.01,0.58,0.01,0.03,0.02,4.30,85.00,9.50,0.00
72,0.01,0.00,0.14,0.02,0.06,0.01,0.03,0.03,0.05,0.00,0.13,0.01,0.01,0.13,0.01,0.00,7.62,91.71,0.02,0.00
73,0.38,0.00,0.18,0.09,0.02,0.01,0.01,0.14,0.15,0.00,0.28,0.01,0.18,0.42,0.87,0.32,23.66,73.12,0.14,0.00
74,0.17,0.00,0.18,0.05,0.01,0.01,0.03,0.06,0.16,0.00,0.12,0.01,0.02,15.81,0.15,0.01,67.92,15.31,0.00,0.00
75,0.06,0.00,0.27,0.15,0.23,0.08,0.15,0.30,0.30,0.00,0.53,0.04,0.04,32.91,0.66,0.01,60.08,4.20,0.00,0.00
76,0.07,0.00,0.29,0.06,0.00,0.00,0.00,0.12,0.05,0.00,0.66,0.00,0.23,0.12,0.51,0.22,8.09,87.67,1.88,0.00
77,0.00,0.00,0.12,0.01,0.01,0.00,0.00,0.01,0.02,0.00,0.06,0.00,0.02,0.35,0.08,0.00,12.83,85.86,0.59,0.05
78,0.30,0.54,0.21,0.07,0.02,0.02,0.06,0.11,0.09,0.01,0.24,0.05,0.12,1.12,0.16,0.03,3.58,92.49,0.78,0.00
79,0.14,0.00,0.21,0.00,0.00,0.00,0.00,0.02,0.01,0.00,0.03,0.03,0.02,0.53,0.05,0.05,77.75,21.16,0.00,0.00
80,0.12,0.00,0.13,0.03,0.00,0.01,0.01,0.04,0.05,0.00,0.10,0.00,0.10,0.02,0.00,0.06,6.04,93.29,0.00,0.00
81,0.42,0.00,0.28,0.03,0.00,0.00,0.01,0.06,0.11,0.00,0.27,0.02,0.01,5.42,0.06,0.00,52.65,40.66,0.00,0.00
82,0.27,0.00,0.26,0.02,0.00,0.01,0.01,0.05,0.03,0.00,0.11,0.01,0.01,0.46,0.19,0.15,45.70,52.73,0.00,0.00
83,0.16,0.00,0.20,0.87,0.01,0.32,0.03,1.81,0.54,0.04,6.78,0.04,0.07,0.04,0.05,0.00,0.01,88.12,0.91,0.00
84,0.17,0.21,0.89,2.04,0.68,0.55,1.63,2.75,0.67,4.58,0.42,0.03,0.08,0.31,1.82,0.03,21.92,61.24,0.00,0.00
85,0.11,0.00,0.23,0.16,0.05,0.05,0.06,0.23,0.29,0.55,0.32,0.06,0.03,3.97,0.09,0.01,6.50,87.24,0.03,0.03
86,0.07,0.00,0.21,0.05,0.01,0.01,0.05,0.10,0.08,0.00,0.11,0.06,0.02,1.06,0.05,0.01,29.47,68.36,0.27,0.00
87,0.21,0.00,0.30,0.17,0.03,0.02,0.00,0.54,0.32,0.00,1.04,0.02,0.01,3.04,1.60,0.02,21.55,71.14,0.00,0.00
88,0.54,0.00,0.19,0.02,0.00,0.00,0.00,0.04,0.07,0.00,0.15,0.01,0.01,0.38,0.36,0.13,6.67,89.64,1.78,0.00
89,0.27,0.00,0.16,0.02,0.00,0.00,0.01,0.03,0.03,0.00,0.15,0.00,0.01,0.03,0.09,0.05,35.96,61.24,1.95,0.00
90,0.04,0.00,0.10,0.00,0.00,0.00,0.00,0.00,0.01,0.00,0.00,0.00,0.00,0.00,0.00,0.01,13.22,79.40,7.22,0.00
91,0.14,0.03,0.19,0.05,0.02,0.02,0.00,0.11,0.18,0.34,0.12,0.01,0.03,0.45,0.41,0.04,11.52,86.27,0.08,0.00
92,0.04,0.00,0.44,0.21,0.02,0.04,0.04,0.28,0.26,1.20,0.41,0.03,0.04,0.74,0.06,0.02,17.56,73.30,5.29,0.00
93,0.09,0.02,0.15,0.01,0.00,0.01,0.00,0.02,0.04,0.00,0.07,0.01,0.01,0.56,0.11,0.01,15.93,82.94,0.00,0.00
94,0.00,0.00,0.16,0.02,0.00,0.02,0.00,0.07,0.05,0.00,0.22,0.01,0.01,0.05,0.01,0.00,47.72,50.11,1.55,0.00
95,0.10,0.00,0.14,0.02,0.02,0.00,0.00,0.04,0.03,0.00,0.22,0.00,0.12,0.00,0.00,0.01,19.92,79.36,0.01,0.00
96,0.01,0.00,0.25,0.05,0.01,0.01,0.01,0.06,0.15,0.00,0.15,0.00,0.01,1.11,0.06,0.01,13.51,84.56,0.00,0.05
97,0.33,0.00,0.22,0.01,0.00,0.00,0.00,0.01,0.03,0.00,0.03,0.00,0.01,0.05,0.17,0.25,51.01,42.66,5.23,0.00
98,0.08,0.00,0.13,0.01,0.00,0.00,0.00,0.02,0.02,0.00,0.08,0.00,0.01,2.34,0.25,0.02,77.84,19.19,0.00,0.00
99,2.03,0.00,0.65,0.50,0.27,0.13,0.24,1.00,0.75,0.01,1.36,0.17,0.00,9.08,6.48,6.35,40.28,30.70,0.00,0.00
100,1.16,0.00,0.34,0.09,0.03,0.07,0.02,0.29,0.44,0.00,0.34,0.00,0.01,37.77,0.77,4.49,38.36,15.81,0.00,0.00
101,13.58,0.16,0.45,0.09,0.02,0.02,0.00,0.42,0.89,0.00,0.35,0.00,0.00,4.14,9.82,8.45,24.46,37.14,0.00,0.00
102,0.37,0.01,0.17,0.07,0.00,0.03,0.09,0.11,0.24,0.03,0.15,0.00,0.00,28.97,0.98,0.20,12.01,56.57,0.00,0.00
103,1.96,0.00,0.54,0.16,0.03,0.07,0.03,0.56,0.58,0.00,0.38,0.07,0.25,4.14,7.62,3.72,23.39,56.50,0.00,0.00
104,0.94,0.00,0.25,0.05,0.01,0.00,0.03,0.23,0.18,0.00,0.25,0.00,0.00,16.62,2.49,6.31,57.31,15.35,0.00,0.00
105,0.92,0.00,0.29,0.10,0.00,0.02,0.10,0.19,0.25,0.00,0.06,0.02,0.00,61.16,1.78,5.31,23.62,6.19,0.00,0.00
106,1.21,0.01,0.34,0.05,0.02,0.01,0.02,0.06,0.16,0.00,0.03,0.00,0.00,18.26,0.50,0.71,65.26,13.37,0.00,0.00
107,0.62,0.07,0.23,0.05,0.01,0.00,0.00,0.14,0.23,0.00,0.05,0.00,0.00,65.32,2.11,3.33,20.64,7.20,0.00,0.00
108,0.57,0.00,0.29,0.03,0.00,0.00,0.00,0.11,0.24,0.00,0.06,0.00,0.00,21.71,0.78,1.11,58.37,16.72,0.00,0.00
109,1.43,0.00,2.50,5.00,1.78,1.41,5.86,6.30,1.61,14.03,4.33,0.01,0.01,11.03,5.87,2.97,14.44,21.40,0.00,0.00
110,0.06,0.00,0.24,0.07,0.03,0.02,0.02,0.11,0.21,0.00,0.09,0.01,0.02,34.01,1.06,0.14,54.88,9.02,0.00,0.00
111,0.29,0.00,0.15,0.02,0.02,0.00,0.00,0.04,0.17,0.00,0.11,0.01,0.00,6.14,0.14,0.61,72.13,20.16,0.00,0.00
112,1.31,0.01,0.29,0.07,0.01,0.02,0.05,0.22,0.24,0.00,0.15,0.00,0.01,50.30,1.14,1.62,18.46,26.11,0.00,0.00
113,0.18,0.02,0.53,0.17,0.11,0.03,0.02,0.40,0.22,0.00,0.53,0.02,0.00,15.07,0.37,0.97,44.31,37.05,0.00,0.00
114,1.71,0.01,0.73,0.07,0.04,0.02,0.07,0.23,0.34,0.00,0.12,0.01,0.00,33.75,1.94,5.93,45.93,9.08,0.00,0.00
115,0.09,0.00,0.12,0.05,0.00,0.00,0.12,0.02,0.24,0.03,0.02,0.00,0.00,30.59,0.81,0.16,15.40,52.37,0.00,0.00
116,0.67,0.00,0.36,0.05,0.08,0.01,0.02,0.14,0.21,0.00,0.13,0.00,0.00,36.84,0.67,2.56,45.11,13.15,0.00,0.00
117,2.67,0.44,0.19,0.06,0.08,0.02,0.00,0.19,0.21,0.00,0.08,0.00,0.00,59.39,0.69,2.48,18.20,15.30,0.00,0.00
118,3.12,0.05,0.48,0.09,0.01,0.06,0.00,0.17,0.37,0.00,0.26,0.00,0.00,8.15,11.80,9.76,26.84,38.83,0.00,0.00
119,0.41,0.05,0.24,0.02,0.01,0.00,0.00,0.04,0.19,0.00,0.03,0.00,0.00,20.28,0.60,0.14,46.85,31.13,0.00,0.00
120,1.39,0.00,0.27,0.25,0.11,0.07,0.17,0.65,0.57,0.00,1.65,0.00,0.00,12.52,1.51,5.98,50.16,24.69,0.00,0.00
121,1.29,0.11,0.60,0.31,0.24,0.11,0.33,0.72,0.48,0.00,0.56,0.05,0.03,45.87,6.87,2.56,26.65,13.21,0.00,0.00
122,0.42,0.01,0.34,0.21,0.34,0.05,0.20,0.31,0.30,0.01,0.50,0.00,0.04,55.36,0.55,0.27,5.66,35.42,0.00,0.00
123,0.01,0.00,0.25,0.02,0.00,0.00,0.00,0.04,0.11,0.00,0.02,0.00,0.00,18.35,0.97,0.05,71.29,8.89,0.00,0.00
124,0.14,0.00,0.30,0.03,0.04,0.00,0.00,0.09,0.17,0.00,0.07,0.01,0.00,10.62,0.65,1.59,62.07,23.75,0.47,0.00
125,1.38,0.00,0.62,0.17,0.05,0.06,0.04,0.33,0.91,0.01,0.45,0.10,0.00,16.62,8.58,5.22,46.34,19.11,0.00,0.00
126,0.92,0.00,0.50,0.18,0.06,0.04,0.06,0.42,0.62,0.00,0.52,0.00,0.00,22.07,1.97,4.89,54.75,12.99,0.00,0.00
127,1.48,0.00,0.21,0.08,0.00,0.01,0.03,0.21,0.29,0.00,0.09,0.00,0.07,46.90,1.76,3.60,33.72,11.54,0.00,0.00
128,0.64,0.00,0.28,0.11,0.09,0.02,0.03,0.25,0.26,0.00,0.25,0.02,0.00,19.30,0.54,0.79,64.77,12.62,0.00,0.00
129,1.04,0.01,0.16,0.10,0.01,0.01,0.00,0.23,0.38,0.00,0.17,0.00,0.00,58.68,1.71,4.94,26.60,5.94,0.00,0.00
130,1.41,0.00,0.50,0.48,0.76,0.17,0.54,0.84,0.55,1.27,1.21,0.03,0.07,14.59,0.59,5.66,45.72,23.85,1.75,0.00
131,0.72,0.00,0.43,0.05,0.00,0.01,0.00,0.29,0.26,0.00,0.14,0.00,0.02,43.61,2.83,9.25,35.63,6.76,0.00,0.00
132,1.27,0.00,0.41,0.18,0.07,0.06,0.12,0.33,0.31,0.01,0.17,0.01,0.00,37.74,0.58,1.52,46.99,10.22,0.00,0.00
133,0.44,0.00,0.36,0.41,0.31,0.08,0.34,0.75,0.45,0.00,0.40,0.03,0.00,63.16,1.73,7.90,19.90,3.74,0.00,0.00
134,0.40,0.00,0.37,0.06,0.01,0.04,0.04,0.20,0.27,0.02,0.15,0.00,0.00,60.30,0.96,0.99,23.44,12.75,0.00,0.00
135,1.42,0.00,0.35,0.16,0.03,0.07,0.04,0.42,0.82,0.08,0.95,0.00,0.00,21.64,2.90,6.77,42.09,22.26,0.00,0.00
136,1.19,0.00,0.58,0.19,0.12,0.03,0.07,0.49,0.55,0.00,0.22,0.02,0.00,12.29,9.90,7.29,40.72,26.33,0.00,0.00
137,0.88,0.00,0.58,0.11,0.06,0.02,0.00,0.44,0.52,0.00,1.02,0.03,0.00,4.25,8.64,5.76,45.56,32.14,0.00,0.00
138,2.72,0.00,0.69,1.24,0.28,0.37,0.75,1.55,1.59,3.53,0.86,0.00,0.00,7.74,10.55,3.84,22.16,42.13,0.00,0.00
139,1.39,0.00,0.74,0.41,0.15,0.07,0.10,0.57,0.78,0.93,0.57,0.03,0.00,48.21,2.47,5.31,28.15,10.13,0.00,0.00
140,1.41,0.05,0.22,0.07,0.03,0.01,0.09,0.06,0.16,0.00,0.06,0.01,0.00,26.93,0.42,0.56,65.07,4.83,0.00,0.00
141,1.49,0.00,0.67,0.40,0.27,0.10,0.18,0.70,0.76,0.00,1.79,0.06,0.03,3.73,7.13,6.01,24.71,51.97,0.00,0.00
142,1.44,0.00,0.50,0.38,0.08,0.08,0.25,0.65,1.11,0.01,1.04,0.00,0.00,5.21,7.03,5.12,39.37,37.73,0.00,0.00
143,0.37,0.00,0.70,0.27,0.24,0.07,0.16,0.48,0.39,0.01,0.70,0.14,0.18,24.47,0.76,0.11,15.69,55.27,0.00,0.00
144,0.13,0.00,0.21,0.02,0.00,0.00,0.02,0.04,0.11,0.00,0.09,0.00,0.00,19.80,0.17,0.03,4.13,75.25,0.00,0.00
145,0.62,0.01,0.21,0.07,0.00,0.01,0.08,0.09,0.24,0.01,0.04,0.01,0.02,57.28,0.58,0.25,28.52,11.97,0.00,0.00
146,0.01,0.00,0.12,0.01,0.00,0.00,0.00,0.02,0.01,0.00,0.08,0.01,0.00,0.05,0.00,0.00,8.26,91.38,0.02,0.02
147,0.21,0.01,0.16,0.13,0.02,0.02,0.01,0.29,0.54,0.01,0.78,0.00,0.00,8.54,10.21,0.64,7.12,71.28,0.00,0.05
148,0.07,0.00,0.17,0.03,0.00,0.02,0.00,0.04,0.14,0.00,0.13,0.00,0.00,0.13,0.05,0.03,19.48,79.67,0.00,0.02
149,0.03,0.00,0.12,0.04,0.00,0.00,0.06,0.03,0.15,0.01,0.03,0.01,0.00,18.04,0.15,0.26,33.85,47.21,0.00,0.00
150,0.47,0.00,0.52,0.64,0.29,0.10,0.31,0.90,0.81,0.90,0.21,0.01,0.01,11.42,0.50,0.00,2.98,79.93,0.00,0.00
151,0.41,0.00,0.32,0.07,0.01,0.05,0.03,0.16,0.29,0.00,0.21,0.01,0.00,4.87,0.27,0.13,16.70,76.46,0.00,0.00
152,0.01,0.00,0.17,0.05,0.05,0.00,0.01,0.11,0.16,0.00,0.15,0.00,0.03,4.42,8.45,0.57,8.80,76.97,0.06,0.00
153,0.21,0.00,0.39,0.12,0.01,0.01,0.05,0.25,0.36,0.00,0.17,0.02,0.04,56.48,0.63,0.08,37.45,3.73,0.00,0.00
154,0.49,0.00,0.37,0.12,0.02,0.04,0.00,0.31,0.62,0.00,0.28,0.01,0.01,9.19,2.23,1.64,14.59,70.09,0.00,0.00
155,0.08,0.01,0.37,0.05,0.07,0.01,0.00,0.12,0.11,0.00,0.20,0.01,0.00,6.17,0.07,0.40,56.67,35.66,0.00,0.00
156,0.04,0.00,0.27,0.04,0.01,0.00,0.02,0.06,0.16,0.00,0.08,0.00,0.00,30.51,1.87,0.08,62.08,4.79,0.00,0.00
157,0.14,0.00,0.43,0.09,0.07,0.02,0.00,0.31,0.37,0.00,0.43,0.00,0.02,2.82,0.95,0.60,14.01,79.74,0.00,0.00
158,0.16,0.00,0.24,0.19,0.56,0.08,0.07,0.44,0.28,0.44,0.50,0.03,0.01,3.61,1.52,3.50,37.92,50.45,0.00,0.00
159,0.41,0.00,0.23,0.06,0.10,0.00,0.02,0.11,0.25,0.00,0.04,0.01,0.03,46.58,5.21,0.03,20.03,26.88,0.00,0.00
160,0.10,0.00,0.35,0.16,0.02,0.02,0.00,0.26,0.42,0.00,0.59,0.00,0.00,0.42,0.39,0.32,2.16,94.79,0.02,0.00
161,0.76,0.01,0.42,0.11,0.04,0.01,0.00,0.44,0.48,0.00,0.26,0.00,0.06,16.96,25.30,3.95,6.72,44.48,0.00,0.00
162,0.42,0.00,0.38,0.52,0.15,0.09,0.02,0.69,1.43,0.00,1.45,0.01,0.09,2.61,1.40,1.11,5.26,84.38,0.00,0.00
163,0.70,1.25,0.29,0.16,0.01,0.02,0.13,0.43,0.36,0.00,0.76,0.00,0.00,49.36,5.54,2.34,8.77,29.87,0.00,0.00
164,0.85,0.01,0.55,0.50,0.30,0.08,0.17,0.98,1.41,0.01,2.00,0.02,0.14,8.06,9.74,17.52,40.15,17.50,0.00,0.00
165,0.00,0.00,0.10,0.02,0.14,0.00,0.00,0.05,0.14,0.00,0.02,0.00,0.00,3.79,0.37,0.00,0.86,94.50,0.00,0.00
166,0.17,0.01,0.31,0.18,0.15,0.02,0.13,0.19,0.26,0.27,0.19,0.01,0.02,0.11,3.03,0.33,10.16,84.42,0.00,0.05
167,0.13,0.00,0.28,0.05,0.04,0.02,0.00,0.12,0.19,0.00,0.05,0.00,0.00,3.24,0.40,1.69,49.69,44.07,0.00,0.00
168,0.25,0.00,0.45,0.15,0.18,0.02,0.03,0.28,0.31,0.00,0.22,0.03,0.04,15.74,0.04,0.30,40.84,41.11,0.00,0.00
169,0.21,1.51,0.13,0.00,0.03,0.00,0.00,0.00,0.15,0.00,0.00,0.00,0.00,0.16,2.54,4.87,29.59,60.80,0.00,0.00
170,1.02,0.01,0.43,0.17,0.29,0.03,0.00,0.38,0.56,0.00,0.58,0.70,0.07,1.08,3.58,1.33,46.16,43.63,0.00,0.00
171,0.28,0.01,0.28,0.02,0.00,0.00,0.00,0.04,0.05,0.00,0.04,0.00,0.10,6.53,0.05,0.00,50.57,42.02,0.00,0.00
172,0.18,0.00,0.90,1.05,0.93,0.20,0.93,1.17,0.86,3.64,0.31,0.05,0.04,10.25,0.85,0.54,10.41,67.69,0.00,0.00
173,0.05,0.00,0.26,0.00,0.00,0.00,0.00,0.00,0.04,0.00,0.00,0.00,0.00,2.11,0.10,0.07,15.92,81.44,0.00,0.00
174,0.14,0.00,0.12,0.00,0.02,0.00,0.00,0.00,0.10,0.00,0.00,0.00,0.04,8.12,0.18,0.07,37.12,54.09,0.00,0.00
175,2.08,0.00,0.28,0.06,0.06,0.02,0.03,0.20,0.39,0.00,0.15,0.01,0.00,1.44,0.32,4.08,35.82,55.06,0.00,0.00
176,0.10,0.01,0.18,0.07,0.02,0.03,0.13,0.07,0.24,0.00,0.06,0.01,0.02,44.36,0.48,0.12,49.35,4.73,0.00,0.00
177,0.03,0.07,0.13,0.00,0.01,0.00,0.00,0.02,0.06,0.00,0.06,0.00,0.00,3.30,0.04,0.15,73.46,22.67,0.00,0.00
178,1.72,0.01,0.19,0.05,0.09,0.01,0.02,0.14,0.07,0.00,0.16,0.00,0.01,0.03,0.00,0.00,0.76,96.67,0.00,0.06
179,1.18,0.00,0.45,0.28,0.18,0.06,0.12,0.69,0.77,0.00,0.85,0.01,0.00,5.58,3.49,0.32,17.03,69.01,0.00,0.00
180,0.88,0.00,0.63,0.32,0.16,0.06,0.03,0.55,1.15,0.05,1.57,0.02,0.06,2.58,8.60,18.03,43.28,22.02,0.00,0.00
181,2.71,0.03,0.21,0.04,0.10,0.01,0.00,0.25,0.24,0.00,0.44,0.00,0.00,0.37,6.55,0.19,6.02,82.76,0.00,0.08
182,0.31,0.22,0.31,0.15,0.02,0.02,0.00,0.36,0.33,0.00,0.17,0.00,0.15,8.57,34.96,2.13,4.26,48.05,0.00,0.00
183,3.37,0.00,0.44,0.18,0.08,0.03,0.10,0.53,0.65,0.01,1.95,0.01,0.00,2.18,0.90,8.50,32.23,48.84,0.00,0.00
184,0.01,0.00,0.11,0.01,0.10,0.00,0.00,0.00,0.27,0.00,0.00,0.00,0.01,13.39,1.30,0.00,12.61,72.19,0.00,0.00
185,0.44,0.06,0.18,0.06,0.03,0.00,0.00,0.15,0.20,0.00,0.04,0.00,0.01,52.35,0.12,0.56,24.00,21.82,0.00,0.00
186,0.58,6.83,0.32,0.08,0.06,0.00,0.03,0.20,0.25,0.00,0.09,0.00,0.00,17.66,19.94,1.19,2.18,50.59,0.00,0.00
187,2.31,0.00,0.30,0.19,0.04,0.06,0.00,0.45,0.73,0.00,0.76,0.00,0.07,0.10,0.08,0.40,18.01,76.49,0.00,0.00
188,0.01,0.00,0.25,0.03,0.12,0.00,0.00,0.07,0.15,0.00,0.01,0.00,0.00,0.00,0.00,0.00,5.65,93.72,0.00,0.00
189,1.51,2.27,0.93,1.86,1.61,0.50,1.79,2.15,0.75,2.98,0.72,0.02,0.17,63.65,4.93,0.49,1.25,12.41,0.01,0.00
190,0.52,0.00,0.32,0.05,0.02,0.03,0.00,0.17,0.40,0.00,0.19,0.00,0.00,1.42,0.34,6.12,54.35,36.07,0.00,0.00
191,0.50,0.00,0.29,0.07,0.00,0.00,0.09,0.10,0.33,0.01,0.12,0.01,0.01,47.40,0.83,0.09,45.44,4.71,0.00,0.00
192,0.03,0.00,0.32,0.03,0.05,0.01,0.01,0.04,0.05,0.00,0.12,0.01,0.01,0.40,0.08,0.00,4.59,94.10,0.13,0.00
193,0.01,0.00,0.07,0.02,0.05,0.11,0.00,0.04,0.23,0.00,0.01,0.01,0.01,40.56,0.39,0.00,15.87,42.62,0.00,0.00
194,0.19,0.00,0.31,0.08,0.01,0.02,0.10,0.06,0.34,0.00,0.02,0.00,0.01,73.04,1.65,0.10,20.42,3.64,0.00,0.00
195,0.00,0.00,0.16,0.08,0.04,0.01,0.15,0.05,0.06,0.02,0.11,0.12,0.03,0.08,0.01,0.00,25.37,73.70,0.00,0.00
196,1.18,0.00,0.87,1.29,1.18,0.31,0.99,2.59,0.55,2.44,0.92,0.04,0.02,28.18,0.87,8.03,24.71,25.83,0.00,0.00
197,0.06,0.00,0.35,0.17,0.15,0.06,0.31,0.20,0.24,0.05,0.30,0.05,0.00,13.16,0.38,0.97,67.00,16.54,0.00,0.00
198,0.01,0.00,0.20,0.02,0.02,0.00,0.00,0.04,0.07,0.00,0.02,0.00,0.00,0.04,0.00,0.00,2.14,97.43,0.00,0.00
199,0.22,0.00,0.24,0.07,0.01,0.01,0.09,0.12,0.22,0.02,0.19,0.02,0.05,27.19,0.50,0.02,3.37,67.67,0.00,0.00
200,3.30,0.00,1.26,2.98,0.62,0.56,1.62,4.05,2.14,8.25,2.08,0.06,0.06,7.69,5.70,1.39,6.87,51.13,0.23,0.00
201,0.06,0.00,0.36,0.11,0.03,0.03,0.00,0.23,0.35,0.00,0.18,0.00,0.02,1.96,0.43,0.21,6.28,89.76,0.00,0.00
202,0.01,0.00,0.23,0.09,0.08,0.02,0.00,0.17,0.23,0.00,0.16,0.01,0.04,40.58,4.70,0.00,8.44,45.11,0.13,0.00
203,0.73,0.04,0.54,0.16,0.02,0.02,0.00,0.33,0.55,0.00,0.30,0.00,0.06,5.08,37.83,4.11,1.90,48.33,0.00,0.00
204,0.11,0.00,0.33,0.10,0.01,0.02,0.01,0.27,0.32,0.00,0.24,0.00,0.06,5.40,0.48,0.26,8.91,83.49,0.00,0.00
205,0.34,0.01,0.27,0.01,0.00,0.01,0.00,0.11,0.20,0.00,0.09,0.01,0.00,10.68,0.23,3.66,45.72,38.67,0.00,0.00
206,0.65,0.00,0.35,0.09,0.01,0.02,0.03,0.34,0.57,0.00,0.27,0.00,0.01,31.07,28.98,3.12,16.14,18.34,0.01,0.00
207,0.10,0.00,0.24,0.04,0.00,0.01,0.06,0.09,0.12,0.01,0.12,0.00,0.00,22.46,0.23,0.07,21.86,54.58,0.00,0.00
208,0.07,0.00,0.20,0.02,0.00,0.00,0.00,0.07,0.11,0.00,0.10,0.02,0.00,7.48,0.17,0.63,38.33,52.80,0.00,0.00
209,0.17,0.00,0.40,0.05,0.01,0.01,0.03,0.05,0.06,0.00,0.08,0.01,0.02,0.59,0.08,0.03,0.11,98.29,0.02,0.00
210,0.02,0.00,0.15,0.00,0.01,0.00,0.00,0.01,0.01,0.00,0.09,0.03,0.00,0.00,0.00,0.00,0.45,99.12,0.09,0.03
211,0.66,0.01,0.28,0.07,0.01,0.00,0.05,0.12,0.30,0.00,0.02,0.00,0.02,71.71,0.20,0.03,17.59,8.92,0.00,0.00
212,0.08,0.23,0.22,0.03,0.00,0.00,0.00,0.08,0.22,0.00,0.05,0.00,0.00,3.68,4.53,1.88,12.11,76.88,0.00,0.00
213,0.60,0.04,0.37,0.16,0.12,0.03,0.00,0.42,0.44,0.26,0.44,0.15,0.01,46.37,2.50,1.28,15.35,31.46,0.00,0.00
214,0.22,0.02,0.16,0.07,0.01,0.00,0.06,0.09,0.33,0.01,0.04,0.01,0.00,64.82,1.67,0.17,28.53,3.81,0.00,0.00
215,0.82,5.06,0.61,0.50,0.23,0.05,0.27,0.77,0.68,0.84,0.27,0.00,0.04,15.73,34.42,1.95,2.45,35.30,0.00,0.00
216,0.44,3.32,0.16,0.18,0.39,0.06,0.22,0.25,0.35,0.01,0.22,0.05,0.05,15.45,12.93,4.16,5.06,56.70,0.00,0.00
217,0.32,0.02,0.15,0.03,0.00,0.00,0.00,0.06,0.14,0.00,0.06,0.00,0.00,17.38,0.32,0.14,36.04,45.34,0.00,0.00
218,2.28,0.00,0.22,0.04,0.01,0.01,0.00,0.19,0.37,0.00,0.31,0.00,0.00,10.52,0.33,5.66,49.02,31.03,0.00,0.00
219,0.13,0.01,0.19,0.06,0.00,0.00,0.01,0.11,0.29,0.00,0.17,0.01,0.01,0.83,8.75,1.55,43.51,44.35,0.00,0.00
220,0.12,0.00,0.35,0.10,0.04,0.01,0.00,0.27,0.40,0.00,0.10,0.00,0.00,16.54,0.57,0.07,15.17,66.27,0.00,0.00
221,0.53,0.00,0.50,0.05,0.09,0.00,0.00,0.18,0.21,0.00,0.23,0.47,0.00,27.84,0.58,0.35,55.18,13.80,0.00,0.00
222,0.59,0.12,0.36,0.18,0.04,0.00,0.00,0.26,0.53,0.00,0.18,0.00,0.05,3.02,32.22,6.27,1.54,54.63,0.00,0.00
223,0.47,0.00,0.38,0.25,0.04,0.03,0.22,0.35,0.37,0.01,0.25,0.09,0.01,71.33,0.84,0.09,22.50,2.76,0.00,0.00
224,0.94,0.01,2.06,3.74,2.37,0.86,4.20,5.27,2.06,8.08,3.15,0.02,0.41,7.66,11.07,1.24,2.42,44.44,0.00,0.00
225,0.12,0.01,0.33,0.03,0.01,0.00,0.00,0.10,0.10,0.00,0.19,0.01,0.01,9.94,0.16,0.15,44.97,43.87,0.00,0.00
226,1.11,0.00,0.50,0.11,0.04,0.04,0.00,0.41,0.60,0.00,0.31,0.01,0.01,3.39,3.17,10.07,36.03,44.21,0.00,0.00
227,0.00,0.00,0.15,0.02,0.09,0.01,0.01,0.05,0.11,0.01,0.09,0.01,0.00,1.91,0.25,0.00,0.88,96.42,0.00,0.00
228,0.20,0.00,0.31,0.09,0.01,0.02,0.00,0.21,0.29,0.00,0.17,0.02,0.00,2.22,1.43,1.92,51.91,41.21,0.00,0.00
229,0.05,0.00,0.19,0.05,0.03,0.01,0.03,0.08,0.34,0.01,0.04,0.00,0.00,28.90,1.01,0.62,23.41,45.23,0.00,0.00
230,0.07,0.03,0.38,0.10,0.06,0.03,0.14,0.10,0.34,0.01,0.05,0.00,0.01,63.40,0.70,0.04,17.13,17.42,0.00,0.00
231,0.11,0.12,0.21,0.05,0.00,0.01,0.01,0.12,0.24,0.00,0.15,0.00,0.00,1.52,0.77,2.02,16.86,77.81,0.00,0.00
232,0.61,0.02,0.18,0.16,0.22,0.08,0.07,0.53,0.25,0.00,0.84,0.07,0.04,16.77,0.01,0.09,48.75,31.31,0.00,0.00
233,2.68,0.00,0.18,0.08,0.04,0.10,0.00,0.54,0.48,0.00,1.38,0.01,0.01,0.06,0.03,0.25,8.79,85.39,0.00,0.00
234,0.02,0.00,0.19,0.01,0.00,0.00,0.00,0.03,0.02,0.00,0.05,0.06,0.00,0.04,0.00,0.00,19.24,78.77,1.51,0.05
235,0.58,0.00,0.55,0.20,0.09,0.03,0.01,0.58,0.53,0.00,0.81,0.00,0.00,5.39,4.66,1.21,27.05,58.29,0.00,0.00
236,4.16,0.13,3.51,5.28,3.50,2.13,5.26,9.68,1.95,10.59,4.55,0.12,0.02,6.14,15.07,8.47,9.29,10.16,0.00,0.00
237,0.15,0.51,0.36,0.09,0.03,0.03,0.02,0.29,0.40,0.00,0.14,0.00,0.00,4.56,34.02,1.96,2.75,54.70,0.00,0.00
238,0.12,0.00,0.48,0.07,0.01,0.01,0.00,0.20,0.18,0.00,0.13,0.00,0.00,24.87,0.17,0.03,3.70,70.04,0.00,0.00
239,0.80,0.04,0.55,1.15,0.24,0.12,0.26,2.22,1.46,1.39,1.42,0.00,0.14,39.11,15.36,1.06,4.85,29.69,0.04,0.08
240,0.31,0.00,0.25,0.12,0.08,0.02,0.11,0.20,0.22,0.01,0.19,0.08,0.01,33.89,0.44,0.05,51.35,12.65,0.00,0.00
241,0.05,0.00,0.22,0.03,0.00,0.00,0.00,0.09,0.07,0.00,0.09,0.00,0.00,0.28,0.25,0.05,1.85,97.01,0.00,0.00
242,0.01,0.00,0.19,0.01,0.02,0.00,0.00,0.02,0.03,0.00,0.02,0.00,0.00,0.01,0.00,0.01,0.85,98.68,0.14,0.00
243,1.69,5.18,0.65,0.44,0.25,0.08,0.09,1.20,0.54,0.12,1.75,0.12,0.13,57.60,6.55,1.28,1.57,20.77,0.00,0.00
244,0.31,0.00,0.39,0.11,0.07,0.00,0.04,0.22,0.29,0.01,0.08,0.03,0.02,67.70,0.32,0.00,8.16,22.09,0.17,0.00
245,0.00,0.00,0.18,0.03,0.03,0.00,0.00,0.04,0.03,0.00,0.09,0.00,0.01,0.01,0.00,0.00,0.54,99.04,0.00,0.00
246,0.57,0.00,0.21,0.05,0.06,0.01,0.00,0.15,0.27,0.00,0.04,0.00,0.00,1.00,0.15,0.08,15.70,81.70,0.00,0.00
247,0.05,0.00,0.46,0.15,0.07,0.01,0.09,0.16,0.16,0.00,0.37,0.03,0.06,0.03,0.01,0.00,7.80,90.56,0.00,0.00
248,0.24,0.00,0.46,0.11,0.02,0.03,0.00,0.34,0.34,0.01,0.33,0.00,0.01,0.71,0.38,0.60,28.20,68.23,0.00,0.00
249,0.63,0.00,0.31,0.07,0.01,0.02,0.00,0.26,0.31,0.00,0.11,0.00,0.00,49.84,2.09,1.44,21.77,23.14,0.00,0.00
250,0.15,0.00,0.18,0.04,0.15,0.02,0.00,0.08,0.14,0.00,0.03,0.01,0.02,30.20,2.53,0.01,14.23,52.20,0.00,0.00
251,0.16,0.13,0.38,0.17,0.02,0.01,0.00,0.47,0.66,0.00,0.40,0.00,0.18,11.37,16.87,2.34,4.42,62.43,0.00,0.00
252,0.07,0.07,0.31,0.04,0.08,0.00,0.00,0.07,0.11,0.00,0.03,0.01,0.00,2.07,0.02,0.21,75.41,21.48,0.00,0.00
253,0.03,0.00,0.33,0.01,0.03,0.00,0.00,0.04,0.11,0.00,0.04,0.02,0.00,24.28,0.16,0.06,65.53,9.36,0.00,0.00
254,1.21,0.00,0.24,0.13,0.07,0.03,0.01,0.32,0.49,0.01,0.36,0.01,0.00,10.43,0.41,8.62,46.33,31.30,0.00,0.00
255,0.50,0.04,0.44,0.11,0.02,0.02,0.04,0.21,0.45,0.00,0.13,0.00,0.02,4.50,24.85,4.66,1.44,62.58,0.00,0.00
256,0.10,0.21,0.10,0.01,0.02,0.00,0.00,0.00,0.21,0.00,0.00,0.00,0.02,3.23,18.50,0.20,2.00,75.40,0.00,0.00
257,0.39,0.00,0.44,0.17,0.02,0.01,0.06,0.28,0.61,0.00,0.31,0.01,0.00,3.31,3.95,2.78,48.63,39.03,0.00,0.00
258,2.48,0.01,1.14,1.14,0.47,0.24,0.89,1.70,1.20,2.44,0.82,0.07,0.02,19.50,18.66,7.52,25.23,16.48,0.00,0.00
259,0.38,0.00,0.41,0.08,0.01,0.01,0.02,0.16,0.28,0.00,0.15,0.02,0.03,7.21,1.15,0.08,12.07,77.94,0.00,0.00
260,0.21,0.00,0.29,0.03,0.00,0.00,0.00,0.14,0.09,0.00,0.26,0.01,0.00,7.16,0.06,0.10,45.87,45.77,0.00,0.00
261,0.02,0.00,0.21,0.02,0.00,0.00,0.00,0.03,0.06,0.00,0.08,0.00,0.02,2.83,0.07,0.23,26.20,70.25,0.00,0.00
262,0.06,0.00,0.22,0.04,0.00,0.00,0.00,0.06,0.20,0.00,0.05,0.00,0.00,0.04,0.06,0.06,1.59,97.55,0.07,0.00
263,0.00,0.00,0.29,0.03,0.14,0.00,0.00,0.06,0.09,0.00,0.02,0.00,0.00,0.00,0.00,0.00,0.24,99.12,0.00,0.00
264,0.09,0.00,0.61,0.68,0.38,0.20,0.53,1.11,0.49,2.36,0.73,0.11,0.04,4.83,0.37,0.08,11.32,76.06,0.00,0.00
265,0.04,0.00,0.14,0.00,0.00,0.00,0.00,0.01,0.03,0.00,0.03,0.00,0.01,0.91,0.09,0.01,5.13,92.75,0.84,0.03
266,0.11,0.11,0.18,0.04,0.00,0.01,0.03,0.16,0.29,0.00,0.16,0.00,0.00,8.44,1.51,0.31,10.34,78.30,0.00,0.00
267,0.81,0.02,0.32,0.11,0.03,0.02,0.00,0.29,0.36,0.00,0.28,0.00,0.00,6.68,4.44,1.27,27.85,57.51,0.00,0.00
268,0.29,0.00,0.29,0.10,0.16,0.02,0.00,0.26,0.35,0.00,0.23,0.08,0.01,11.43,0.26,0.03,23.14,63.36,0.00,0.00
269,0.20,0.00,0.18,0.04,0.08,0.01,0.04,0.04,0.10,0.01,0.09,0.03,0.04,0.06,0.01,0.00,33.10,65.97,0.00,0.00
270,0.17,0.00,1.08,1.58,0.47,0.28,1.32,1.62,1.03,1.62,0.40,0.02,0.09,74.46,0.51,0.01,11.61,3.73,0.00,0.00
271,2.29,0.01,0.54,0.22,0.32,0.04,0.00,0.67,0.88,0.00,0.88,0.01,0.49,3.12,6.21,16.54,42.23,25.59,0.00,0.00
272,0.01,0.00,0.11,0.01,0.00,0.00,0.00,0.01,0.02,0.00,0.17,0.00,0.00,0.00,0.00,0.00,11.79,85.60,2.28,0.00
273,0.11,0.00,1.16,2.33,1.46,0.41,1.90,3.33,0.66,4.99,0.96,0.19,0.40,8.74,1.12,0.00,4.66,67.50,0.00,0.07
274,0.30,0.00,0.55,0.66,0.16,0.12,0.05,1.12,1.94,0.95,1.12,0.01,0.34,21.10,6.91,2.74,24.49,37.43,0.00,0.00
275,0.01,0.00,0.07,0.04,0.11,0.01,0.00,0.10,0.12,0.00,0.16,0.01,0.01,9.63,0.37,0.62,78.28,10.47,0.00,0.00
276,0.17,0.00,0.26,0.04,0.00,0.01,0.00,0.10,0.16,0.00,0.14,0.02,0.00,0.45,0.45,0.27,6.83,91.09,0.00,0.00
277,0.08,0.00,0.09,0.06,0.04,0.00,0.00,0.13,0.24,0.00,0.08,0.01,0.02,47.59,0.28,0.03,44.47,6.86,0.00,0.00
278,2.72,0.03,0.52,0.25,0.05,0.12,0.02,0.59,0.75,0.00,0.62,0.00,0.04,27.16,10.40,20.00,21.23,15.51,0.00,0.00
279,0.31,0.07,0.91,0.84,0.30,0.16,0.97,0.75,0.40,2.34,0.46,0.01,0.15,4.45,0.04,0.04,56.23,31.59,0.00,0.00
280,0.28,0.02,0.58,0.26,0.10,0.05,0.10,0.61,0.67,0.00,0.54,0.02,0.07,30.24,16.99,1.01,2.77,45.69,0.00,0.00
281,0.10,0.00,0.25,0.02,0.00,0.00,0.00,0.05,0.08,0.00,0.11,0.00,0.00,7.93,0.45,0.35,23.99,66.66,0.00,0.00
282,0.01,0.00,0.62,0.76,0.41,0.09,0.84,1.28,0.37,4.74,0.32,0.04,0.17,0.05,0.00,0.00,10.84,79.44,0.00,0.00
283,2.53,2.28,1.06,1.28,0.58,0.31,0.47,2.29,1.59,1.72,1.56,0.15,0.00,41.94,6.40,0.31,2.04,33.20,0.16,0.16
284,0.44,0.07,0.29,0.22,0.03,0.01,0.05,0.36,0.41,0.00,0.41,0.00,0.01,2.05,0.58,0.08,29.42,65.48,0.00,0.09
285,2.90,0.01,0.31,0.05,0.00,0.02,0.02,0.11,0.22,0.00,0.05,0.01,0.00,21.80,1.43,2.48,24.05,46.55,0.00,0.00
286,0.60,0.01,0.72,0.39,0.38,0.10,0.10,0.83,1.33,0.78,1.37,0.01,0.00,14.26,15.71,3.39,7.82,52.20,0.00,0.00
287,0.75,0.02,0.36,0.21,0.07,0.02,0.00,0.36,1.50,0.00,0.12,0.00,0.04,4.49,19.39,3.64,2.55,66.48,0.00,0.00
288,0.17,0.00,0.10,0.06,0.07,0.02,0.02,0.12,0.08,0.00,0.15,0.01,0.05,4.31,0.06,0.00,51.09,43.70,0.00,0.00
289,0.22,0.00,0.29,0.07,0.01,0.01,0.00,0.14,0.24,0.00,0.13,0.00,0.00,0.26,0.46,0.31,3.36,94.50,0.00,0.00
290,0.34,0.06,0.38,0.14,0.05,0.02,0.00,0.44,0.37,0.00,0.14,0.00,0.01,4.31,33.22,1.98,2.77,55.76,0.00,0.00
291,0.69,0.00,0.09,0.09,0.01,0.04,0.00,0.29,0.64,0.00,0.77,0.00,0.00,0.19,0.17,0.33,2.71,93.20,0.77,0.00
292,3.13,0.01,0.68,0.78,1.02,0.17,0.38,1.51,1.21,2.57,1.42,0.03,0.08,18.65,7.92,3.28,20.46,36.72,0.00,0.00
293,2.92,21.81,0.46,0.45,0.46,0.12,0.02,1.66,1.38,0.00,2.07,0.01,0.00,1.77,2.03,0.32,2.83,61.69,0.00,0.00
294,1.91,0.01,0.18,0.07,0.01,0.01,0.00,0.23,0.37,0.05,0.30,0.03,0.00,10.01,1.18,5.88,32.74,47.03,0.00,0.00
295,0.17,0.00,0.22,0.02,0.00,0.00,0.00,0.05,0.10,0.00,0.09,0.00,0.00,14.45,0.18,0.25,51.01,33.46,0.00,0.00
296,0.02,0.24,0.38,0.18,0.29,0.02,0.06,0.35,0.51,0.00,0.36,0.01,0.06,15.41,24.82,1.20,1.56,54.51,0.00,0.00
297,0.18,0.06,0.17,0.06,0.00,0.02,0.09,0.04,0.31,0.01,0.07,0.00,0.03,43.85,0.47,0.04,47.06,7.53,0.00,0.00
298,0.05,0.11,0.29,0.08,0.01,0.00,0.04,0.17,0.37,0.00,0.10,0.00,0.01,16.57,8.77,1.53,6.57,65.33,0.00,0.00
299,0.18,0.93,0.26,0.03,0.11,0.01,0.00,0.08,0.21,0.00,0.08,0.00,0.01,3.89,30.13,0.94,0.48,62.66,0.00,0.00
300,0.40,0.00,0.06,0.00,0.00,0.00,0.00,0.00,0.01,0.00,0.00,0.00,0.00,0.00,0.00,0.00,1.46,98.06,0.00,0.00
301,1.95,0.02,0.21,0.10,0.01,0.03,0.02,0.42,0.42,0.00,1.45,0.00,0.04,2.13,3.55,4.94,55.31,29.40,0.00,0.00
302,0.03,0.00,0.30,0.17,0.09,0.03,0.05,0.33,0.41,0.00,0.31,0.00,0.03,62.46,0.12,0.00,22.08,13.58,0.00,0.00
303,0.33,0.00,0.17,0.03,0.00,0.00,0.00,0.08,0.19,0.00,0.09,0.00,0.00,2.70,1.26,0.36,15.80,78.98,0.00,0.00
304,0.16,0.00,0.40,0.28,0.04,0.07,0.02,0.67,0.80,0.00,0.42,0.01,0.01,0.21,0.13,0.08,1.69,95.01,0.00,0.00
305,0.45,0.00,0.27,0.06,0.01,0.00,0.00,0.10,0.22,0.00,0.10,0.00,0.00,1.06,0.83,1.47,28.06,67.38,0.00,0.00
306,0.88,0.03,0.41,0.23,0.07,0.09,0.09,0.45,0.66,0.00,0.71,0.04,0.00,10.94,10.13,14.61,27.34,33.31,0.00,0.00
307,0.59,0.01,0.47,0.09,0.07,0.01,0.09,0.19,0.26,0.01,0.20,0.01,0.00,32.06,0.34,1.49,11.72,52.39,0.00,0.00
308,0.01,0.00,0.15,0.02,0.11,0.00,0.00,0.06,0.16,0.00,0.05,0.00,0.00,0.19,0.00,0.00,1.05,98.20,0.00,0.00
309,0.34,0.00,0.77,0.24,0.18,0.03,0.00,0.72,1.26,0.00,0.93,0.01,0.00,6.73,18.70,3.10,6.81,60.18,0.00,0.00
310,0.00,0.00,0.09,0.04,0.04,0.00,0.00,0.09,0.18,0.00,0.03,0.01,0.01,0.16,2.45,0.15,71.09,25.67,0.00,0.00
311,0.01,0.00,0.14,0.01,0.00,0.00,0.00,0.01,0.01,0.00,0.03,0.02,0.00,0.11,0.03,0.00,6.16,92.61,0.85,0.00
312,5.71,0.29,0.80,0.99,0.43,0.44,0.14,2.00,1.71,4.25,1.09,0.03,0.02,13.44,20.03,15.76,15.83,17.04,0.00,0.00
313,0.07,0.00,0.25,0.04,0.01,0.00,0.00,0.10,0.21,0.00,0.19,0.00,0.00,8.32,0.30,0.02,6.40,84.09,0.00,0.00
314,0.55,0.01,0.48,0.39,0.10,0.06,0.56,0.54,0.67,0.53,0.26,0.02,0.03,27.92,0.31,0.16,58.83,8.59,0.00,0.00
315,0.09,0.00,0.44,0.04,0.00,0.01,0.00,0.07,0.07,0.00,0.05,0.01,0.01,0.19,0.12,0.07,1.33,97.48,0.00,0.00
316,0.26,0.00,0.24,0.06,0.00,0.01,0.00,0.17,0.23,0.00,0.12,0.02,0.00,35.77,0.77,0.36,1.77,60.21,0.00,0.00
317,3.21,0.00,0.33,0.35,0.13,0.09,0.00,0.64,1.77,0.00,0.93,0.00,0.01,1.80,4.00,7.04,54.02,25.68,0.00,0.00
318,0.15,0.07,0.36,0.12,0.01,0.00,0.00,0.33,0.84,0.00,0.33,0.00,0.07,9.66,31.06,2.77,4.28,49.94,0.00,0.00
319,0.10,0.00,0.46,0.25,0.21,0.03,0.08,0.36,0.40,0.00,0.31,0.02,0.01,8.31,0.19,0.09,9.77,79.39,0.00,0.00
320,0.04,0.00,0.23,0.03,0.00,0.00,0.02,0.04,0.15,0.00,0.03,0.00,0.00,12.28,0.06,0.01,12.24,74.86,0.00,0.00
321,1.14,0.17,0.49,0.06,0.04,0.01,0.00,0.13,0.39,0.00,0.08,0.00,0.01,9.29,23.42,0.82,3.66,60.29,0.00,0.00
322,0.08,0.00,0.16,0.01,0.00,0.00,0.00,0.06,0.10,0.00,0.11,0.00,0.00,7.23,0.16,0.14,42.50,49.45,0.00,0.00
323,0.10,0.00,0.30,0.03,0.01,0.01,0.00,0.08,0.20,0.00,0.23,0.02,0.02,45.49,0.09,0.03,46.57,6.80,0.00,0.00
324,0.11,0.01,0.20,0.08,0.07,0.03,0.10,0.06,0.18,0.00,0.05,0.01,0.01,49.62,0.25,0.23,38.76,10.23,0.00,0.00
325,2.50,0.00,0.51,0.60,0.20,0.31,0.10,1.11,2.10,0.46,1.88,0.00,0.45,1.31,1.33,1.39,4.57,80.59,0.58,0.00
326,1.88,15.37,0.65,0.43,0.17,0.16,0.01,0.87,1.35,0.00,1.85,0.06,0.07,12.15,8.16,0.41,0.78,55.38,0.23,0.00
327,1.85,11.42,1.19,1.57,0.68,0.32,0.87,4.08,1.34,5.08,3.99,0.08,0.28,3.42,8.84,0.56,0.65,53.59,0.19,0.00
328,0.64,2.59,0.55,0.15,0.11,0.02,0.00,0.60,0.45,0.00,1.24,0.03,0.22,12.44,6.03,0.29,0.86,73.78,0.00,0.00
329,1.71,68.62,0.71,0.20,0.00,0.29,0.00,0.58,0.54,0.00,1.47,0.31,0.03,0.02,0.03,0.01,0.00,25.20,0.29,0.00
330,2.03,8.49,0.69,0.34,0.05,0.03,0.00,0.48,0.81,0.00,1.39,0.06,0.03,20.91,12.14,0.37,0.82,51.37,0.00,0.00
331,1.13,9.91,1.66,2.35,1.68,0.63,1.09,6.24,2.10,4.81,2.76,0.20,0.26,9.98,4.74,0.37,0.57,47.98,1.55,0.00
332,1.96,56.27,0.38,0.17,0.05,0.08,0.00,0.38,0.60,0.00,0.47,0.08,0.05,0.32,0.36,0.03,0.13,38.65,0.00,0.00
333,0.95,41.45,0.58,0.14,0.06,0.04,0.00,0.22,1.26,0.00,0.45,0.01,0.01,1.26,0.60,0.02,0.18,52.78,0.00,0.00
334,1.14,22.74,0.30,0.13,0.02,0.01,0.00,0.18,0.50,0.00,0.31,0.01,0.01,5.71,3.92,0.10,0.64,64.26,0.01,0.00
335,1.12,16.12,1.26,1.48,0.11,0.49,0.28,2.59,1.75,5.22,1.95,0.03,0.03,3.12,2.96,0.13,0.93,60.43,0.00,0.00
336,2.17,12.38,1.10,0.34,0.07,0.09,0.00,0.70,1.03,0.00,1.82,0.01,0.14,8.52,5.51,0.16,0.84,65.11,0.00,0.00
337,1.17,10.73,0.76,0.21,0.27,0.12,0.00,0.28,1.34,0.01,0.70,0.08,0.06,5.61,4.55,0.27,0.47,73.09,0.28,0.00
338,0.99,8.84,0.53,0.14,0.01,0.03,0.00,0.22,0.64,0.00,0.38,0.01,0.01,15.01,7.73,0.40,0.60,64.45,0.00,0.00
339,1.15,22.79,0.89,1.30,1.01,0.33,0.23,2.75,1.69,3.47,1.07,0.37,0.11,0.61,1.06,0.03,0.30,60.83,0.00,0.00
340,0.91,7.83,0.83,0.75,1.92,0.28,0.16,1.96,0.85,2.41,1.11,0.10,0.10,4.64,3.13,0.11,0.36,71.95,0.59,0.00
341,0.68,46.53,0.23,0.03,0.00,0.01,0.00,0.03,0.24,0.00,0.09,0.00,0.01,0.40,0.58,0.04,0.08,50.85,0.18,0.00
342,0.85,12.13,0.53,0.35,0.79,0.24,0.00,0.83,1.74,1.10,1.30,0.07,0.14,10.47,2.19,0.23,0.55,66.16,0.36,0.00
343,2.07,11.35,0.30,0.17,0.01,0.02,0.00,0.24,0.94,0.00,0.52,0.01,0.01,3.69,6.37,0.30,0.84,72.98,0.15,0.00
344,5.33,4.83,0.52,0.20,0.02,0.10,0.00,0.68,0.58,0.00,1.22,0.01,0.00,42.05,9.45,0.39,1.94,32.68,0.00,0.00
345,15.11,33.84,4.27,6.98,3.57,3.11,14.77,0.85,1.47,5.37,1.06,0.14,0.00,0.56,0.41,0.00,0.00,8.47,0.00,0.00
346,2.54,10.29,0.97,0.55,0.41,0.08,0.18,1.47,1.21,1.24,1.23,0.04,0.14,13.98,6.38,0.28,0.28,47.62,11.09,0.00
347,7.95,18.72,0.49,0.26,0.05,0.04,0.00,1.20,1.83,0.58,2.59,0.01,0.10,1.47,6.68,0.65,0.20,57.17,0.00,0.00
348,0.51,5.15,0.53,0.27,0.29,0.04,0.27,0.71,1.25,0.02,0.14,0.03,0.00,64.30,12.43,0.03,0.08,13.95,0.00,0.00
349,3.75,15.15,0.97,0.82,0.91,0.18,0.49,2.47,1.65,2.11,0.85,0.09,0.01,19.35,18.90,0.26,0.38,31.66,0.00,0.00
350,1.13,4.73,0.29,0.21,0.10,0.04,0.01,0.90,0.90,0.00,1.70,0.02,0.43,4.48,16.61,1.83,0.67,65.93,0.00,0.00
351,21.53,64.28,0.11,0.28,0.47,0.04,0.53,0.69,0.27,1.37,0.16,0.01,0.00,0.27,0.18,0.00,0.00,9.53,0.27,0.00
352,5.57,42.97,1.46,0.41,1.29,0.10,0.17,1.26,1.22,0.10,0.69,0.02,0.02,26.89,9.53,0.30,0.08,7.93,0.00,0.00
353,22.99,56.57,0.18,0.24,0.18,0.03,0.16,0.55,0.42,0.51,0.33,0.01,0.03,3.73,1.44,0.04,0.01,12.57,0.00,0.00
354,0.79,0.92,0.21,0.10,0.07,0.00,0.01,0.20,0.46,0.00,0.89,0.03,0.28,10.47,20.82,0.96,0.52,63.26,0.00,0.00
355,2.34,27.05,0.28,0.15,0.03,0.01,0.02,0.54,0.94,0.00,0.31,0.00,0.00,38.50,13.54,0.25,0.33,15.70,0.00,0.00
356,8.78,48.84,0.43,0.39,0.26,0.07,0.38,1.01,1.46,0.00,0.22,0.00,0.00,23.62,4.90,0.09,0.07,9.48,0.00,0.00
357,4.31,55.20,0.62,0.17,1.26,0.00,0.08,1.35,1.48,0.00,0.39,0.03,0.03,28.92,2.05,0.08,0.02,4.02,0.00,0.00
358,10.16,56.19,0.40,0.27,0.39,0.05,0.37,0.82,0.70,0.03,0.50,0.01,0.02,17.41,1.64,0.03,0.04,10.96,0.00,0.00
359,0.48,11.57,0.36,0.08,0.10,0.01,0.00,0.30,0.41,0.00,0.57,0.04,0.08,2.79,9.79,1.47,0.46,71.48,0.00,0.00
360,0.68,3.96,1.76,2.73,0.87,0.54,1.33,5.94,2.94,2.14,0.74,0.00,0.00,42.91,29.33,0.35,0.14,3.62,0.00,0.00
361,24.87,53.12,0.03,0.03,0.09,0.01,0.00,0.00,0.22,0.00,0.02,0.01,0.02,5.44,2.70,0.02,0.00,13.38,0.03,0.00
362,0.87,6.01,0.30,0.13,0.54,0.02,0.01,0.25,0.81,0.00,0.65,0.03,0.04,0.29,3.74,0.40,0.60,80.44,4.86,0.00
363,4.68,17.99,0.23,0.16,0.15,0.01,0.00,0.03,0.56,0.00,0.26,0.07,0.15,9.61,9.81,0.63,0.35,55.07,0.25,0.00
364,7.53,54.29,0.24,0.09,0.25,0.01,0.03,0.56,1.01,0.00,0.39,0.00,0.01,29.04,1.19,0.06,0.02,5.29,0.00,0.00
365,3.60,30.06,1.10,0.68,1.32,0.06,0.08,3.40,2.03,0.01,5.47,0.07,0.00,21.13,14.31,0.64,0.14,15.91,0.00,0.00
366,1.52,15.68,1.05,0.46,0.14,0.09,0.04,1.73,1.04,0.00,5.28,0.03,0.17,5.71,17.29,2.14,0.49,47.15,0.00,0.00
367,11.90,33.85,0.10,0.17,0.06,0.01,0.11,0.38,0.60,0.00,0.08,0.00,0.01,35.71,9.74,0.04,0.05,7.20,0.00,0.00
368,15.74,54.81,0.25,0.19,0.07,0.03,0.09,0.74,0.59,0.06,0.44,0.00,0.01,10.07,5.36,0.17,0.01,11.37,0.00,0.00
369,0.98,5.76,0.72,0.18,0.11,0.04,0.11,0.61,0.73,0.00,0.25,0.00,0.03,65.94,11.96,0.05,0.62,11.92,0.00,0.00
370,1.55,26.32,0.79,0.30,0.11,0.06,0.26,0.82,0.95,0.00,0.32,0.00,0.00,39.12,20.24,0.43,0.14,8.58,0.02,0.00
371,3.99,64.43,0.32,0.19,0.55,0.02,0.12,0.49,0.86,0.02,0.38,0.03,0.00,16.43,5.14,0.25,0.05,6.74,0.00,0.00
372,22.51,38.79,1.90,3.74,2.42,0.75,6.03,5.09,0.87,5.41,1.26,0.01,0.01,1.10,0.40,0.00,0.00,8.99,0.72,0.00
373,39.43,39.70,0.05,0.11,0.55,0.07,0.01,0.50,0.24,0.48,0.74,0.01,0.18,1.46,1.12,0.04,0.00,15.31,0.00,0.00
374,3.34,23.85,0.94,0.65,0.10,0.22,0.00,2.09,2.16,1.72,4.47,0.03,0.10,1.65,7.57,0.79,0.37,49.23,0.72,0.00
