uniqid_huc10,NWALT92_11_huc10,NWALT92_12_huc10,NWALT92_21_huc10,NWALT92_22_huc10,NWALT92_23_huc10,NWALT92_24_huc10,NWALT92_25_huc10,NWALT92_26_huc10,NWALT92_27_huc10,NWALT92_31_huc10,NWALT92_32_huc10,NWALT92_33_huc10,NWALT92_41_huc10,NWALT92_43_huc10,NWALT92_44_huc10,NWALT92_45_huc10,NWALT92_46_huc10,NWALT92_50_huc10,NWALT92_60_huc10,NWALT92_9999_huc10
1,0.04,0.00,12.12,20.24,22.99,5.10,35.74,1.08,1.03,1.48,0.00,0.00,0.02,0.00,0.16,0.00,0.00,0.00,0.00,0.00
2,0.00,0.00,0.00,0.00,0.05,0.00,0.00,0.00,0.02,0.00,0.00,0.00,0.00,0.00,0.00,0.00,0.37,99.55,0.00,0.00
3,0.05,0.00,0.24,0.00,0.04,0.00,0.00,0.03,0.50,0.00,0.03,0.00,0.00,74.60,0.20,0.00,20.02,4.27,0.00,0.00
4,0.00,0.00,0.31,0.02,0.00,0.00,0.00,0.00,0.01,0.00,0.00,0.00,0.00,0.00,0.00,0.00,0.06,99.59,0.00,0.00
5,0.01,0.00,0.02,0.00,0.00,0.00,0.00,0.00,0.13,0.00,0.00,0.00,0.00,67.63,12.38,0.00,14.77,5.05,0.00,0.00
6,0.01,0.00,0.26,0.00,0.00,0.00,0.00,0.01,0.01,0.00,0.25,0.00,0.01,0.00,0.00,0.00,2.57,96.87,0.00,0.00
7,0.21,0.01,0.18,0.00,0.07,0.00,0.00,0.00,0.19,0.00,0.00,0.00,0.00,53.60,0.23,0.05,26.61,18.86,0.00,0.00
8,0.02,0.00,0.24,0.00,0.00,0.00,0.00,0.00,0.06,0.00,0.00,0.00,0.00,13.23,0.21,0.06,77.99,8.17,0.00,0.00
9,0.00,0.00,0.00,0.00,0.00,0.00,0.00,0.00,0.00,0.00,0.00,0.00,0.00,0.00,0.00,0.00,1.71,98.28,0.00,0.00
10,0.02,0.00,0.00,0.00,0.00,0.00,0.00,0.00,0.01,0.00,0.00,0.00,0.00,0.00,0.00,0.00,3.10,96.88,0.00,0.00
11,0.00,0.00,0.00,0.00,0.00,0.00,0.00,0.00,0.00,0.00,0.00,0.00,0.00,0.00,0.00,0.00,24.57,75.43,0.00,0.00
12,0.00,0.00,0.13,0.00,0.00,0.00,0.00,0.00,0.01,0.00,0.00,0.00,0.17,0.00,0.00,0.00,0.12,98.80,0.77,0.00
13,0.19,0.05,1.27,2.38,0.78,0.63,0.73,14.78,1.53,13.85,4.36,0.22,0.49,0.58,0.34,0.11,0.45,57.26,0.00,0.00
14,0.00,0.00,0.36,0.01,0.01,0.00,0.00,0.00,0.19,0.00,0.00,0.09,0.02,1.69,0.03,0.00,0.00,80.20,17.39,0.00
15,0.01,0.00,0.18,0.02,0.00,0.00,0.00,0.03,0.01,0.00,2.04,0.00,0.00,0.00,0.00,0.00,0.97,96.74,0.00,0.00
16,1.06,0.02,1.04,0.44,0.65,0.06,0.59,0.95,0.60,0.00,0.35,0.20,0.00,58.21,10.23,3.25,15.73,6.63,0.00,0.00
17,0.34,0.00,0.07,0.00,0.00,0.00,0.00,0.00,0.00,0.00,0.00,0.00,0.00,0.00,0.00,0.01,2.10,6.61,90.88,0.00
18,0.07,0.00,0.07,0.00,0.00,0.00,0.00,0.00,0.15,0.00,0.00,0.00,0.00,44.66,0.01,0.08,51.86,3.11,0.00,0.00
19,0.01,0.09,0.14,0.00,0.00,0.00,0.00,0.00,0.01,0.00,0.00,0.00,0.00,0.00,0.00,0.00,27.00,72.74,0.00,0.00
20,1.50,0.02,0.72,0.79,0.25,0.33,0.00,2.08,1.47,0.00,8.75,0.00,0.08,3.80,22.55,3.40,2.67,51.57,0.00,0.00
21,0.11,0.00,0.00,0.00,0.00,0.00,0.00,0.00,0.01,0.00,0.00,0.00,0.00,0.00,0.00,0.00,0.00,99.89,0.00,0.00
22,0.00,0.00,0.00,0.00,0.00,0.00,0.00,0.00,0.00,0.00,0.00,0.00,0.00,0.00,0.00,0.00,46.98,53.02,0.00,0.00
23,0.55,0.03,0.79,0.37,0.01,0.17,0.26,0.63,0.25,0.00,0.46,0.00,0.01,72.55,4.61,0.20,10.98,8.14,0.00,0.00
24,0.32,2.15,0.57,0.29,0.16,0.20,0.00,0.62,2.07,0.00,0.98,0.19,0.00,17.20,1.02,0.07,1.39,71.41,1.36,0.00
25,0.09,0.00,0.54,0.02,0.01,0.00,0.00,0.04,0.03,0.00,0.52,0.00,0.18,0.00,0.00,0.00,0.54,98.05,0.00,0.00
26,0.04,0.00,0.01,0.00,0.00,0.00,0.00,0.00,0.03,0.00,0.00,0.00,0.00,1.65,0.62,0.02,77.95,19.69,0.00,0.00
27,0.00,0.07,0.00,0.00,0.00,0.01,0.00,0.00,0.00,0.00,0.00,0.00,0.00,0.01,0.01,0.00,0.04,99.87,0.00,0.00
28,0.01,0.00,0.03,0.00,0.00,0.00,0.00,0.00,0.02,0.00,0.00,0.00,0.00,0.00,0.00,0.01,3.69,96.24,0.00,0.00
29,0.04,0.00,0.15,0.01,0.00,0.00,0.00,0.02,0.24,0.00,0.01,0.00,0.00,27.22,0.10,0.00,65.28,6.94,0.00,0.00
30,0.76,0.00,0.23,0.00,0.13,0.00,0.00,0.00,0.08,0.00,0.00,0.00,0.01,18.30,0.42,2.03,67.16,10.89,0.00,0.00
31,0.11,0.03,1.01,0.00,0.00,0.00,0.00,0.00,0.01,0.00,0.00,0.00,0.13,0.00,0.00,0.00,0.08,92.22,0.00,6.39
32,0.00,0.00,0.04,0.05,0.00,0.12,0.00,0.31,0.69,0.00,1.02,0.00,0.23,1.46,0.85,0.23,18.41,76.57,0.00,0.00
33,0.00,0.00,0.08,0.00,0.00,0.00,0.00,0.01,0.70,0.00,0.48,0.00,0.01,4.15,0.22,0.20,41.81,52.33,0.00,0.00
34,0.04,0.00,0.55,0.04,0.31,0.03,0.00,0.00,0.51,0.00,0.00,0.00,0.01,0.00,0.00,0.00,0.00,98.51,0.00,0.00
35,0.09,0.30,0.19,0.02,0.00,0.00,0.00,0.00,0.28,0.00,0.00,0.00,0.00,0.52,0.16,3.08,8.49,86.87,0.00,0.00
36,0.34,0.00,0.56,0.26,0.01,0.07,0.01,0.61,0.42,0.01,0.35,0.04,0.00,3.10,1.79,0.88,50.78,40.78,0.00,0.00
37,0.06,0.00,0.14,0.00,0.00,0.00,0.00,0.00,0.00,0.00,0.00,0.00,0.00,0.02,0.58,0.70,21.69,76.79,0.02,0.00
38,0.95,0.00,0.46,0.15,0.11,0.04,0.08,0.33,0.23,0.00,0.32,0.00,0.00,46.63,1.03,3.03,35.23,11.42,0.00,0.00
39,3.69,0.00,0.56,0.41,0.02,0.23,0.09,1.24,1.15,0.00,3.30,0.02,0.01,0.94,4.48,4.07,37.18,42.61,0.00,0.00
40,0.00,0.00,0.00,0.00,0.00,0.00,0.00,0.00,0.00,0.00,0.00,0.00,0.00,0.00,0.00,0.00,0.00,0.34,98.69,0.97
41,0.45,0.00,0.47,0.06,0.31,0.00,0.00,0.16,0.54,0.00,0.39,0.01,0.00,37.81,1.00,7.55,35.23,16.03,0.00,0.00
42,0.76,0.00,0.08,0.00,0.00,0.00,0.00,0.00,0.20,0.00,0.00,0.00,0.00,35.48,0.70,2.26,32.03,28.49,0.00,0.00
43,0.31,0.10,0.55,0.03,0.03,0.00,0.00,0.00,0.15,0.00,0.01,0.00,0.00,0.00,0.08,0.00,3.77,94.97,0.00,0.00
44,0.00,0.00,0.00,0.00,0.00,0.00,0.00,0.00,0.00,0.00,0.00,0.00,0.00,0.00,0.00,0.00,38.10,61.49,0.41,0.00
45,0.03,0.00,0.00,0.00,0.00,0.00,0.00,0.00,0.01,0.00,0.00,0.00,0.00,0.35,0.00,0.00,0.09,89.50,10.01,0.00
46,1.82,0.14,0.28,0.27,0.02,0.09,0.39,0.12,0.26,0.02,0.07,0.00,0.01,35.02,0.35,0.50,56.71,3.94,0.00,0.00
47,5.08,0.00,1.61,3.93,4.27,3.19,6.04,7.96,2.34,9.46,11.53,0.08,0.16,0.39,2.65,10.19,12.99,18.13,0.00,0.00
48,0.01,0.00,0.00,0.00,0.00,0.00,0.00,0.12,0.01,0.00,0.46,0.00,0.00,0.10,0.02,0.24,9.39,88.79,0.85,0.00
49,0.07,0.01,0.77,0.55,0.05,0.04,0.04,2.23,1.19,0.00,7.32,0.00,0.91,11.65,28.39,2.36,4.94,39.49,0.00,0.00
50,0.14,0.00,0.19,0.58,1.75,0.20,0.84,1.87,0.41,0.21,3.18,0.20,0.01,0.01,0.00,0.00,0.08,90.33,0.00,0.00
51,0.36,0.18,0.02,0.00,0.27,0.00,0.00,0.00,0.21,0.00,0.00,0.02,0.00,3.86,1.02,0.03,9.65,83.00,1.39,0.00
52,0.44,0.15,0.39,0.06,0.01,0.00,0.00,0.12,0.22,0.00,0.08,0.00,0.00,51.35,1.20,1.29,41.93,2.75,0.00,0.00
53,0.02,0.00,0.05,0.00,0.00,0.01,0.00,0.00,0.00,0.00,0.00,0.00,0.00,0.00,0.04,0.00,1.26,98.64,0.00,0.00
54,0.00,0.00,0.18,0.03,0.00,0.00,0.00,0.00,0.04,0.00,0.00,0.00,0.00,0.82,0.18,0.79,0.95,93.50,3.51,0.00
55,0.00,0.00,0.01,0.00,0.00,0.00,0.00,0.00,0.04,0.00,0.00,0.00,0.00,0.08,0.29,1.49,0.13,95.04,2.92,0.00
56,0.00,0.00,0.00,0.00,0.00,0.00,0.00,0.00,0.00,0.00,0.00,0.00,0.00,0.07,0.00,0.00,24.26,75.67,0.00,0.00
57,0.00,0.01,0.10,0.01,0.00,0.00,0.00,0.00,0.13,0.00,0.00,0.00,0.01,0.04,0.49,0.08,6.35,92.79,0.00,0.00
58,0.13,0.00,0.34,0.02,0.00,0.00,0.00,0.01,0.33,0.00,0.01,0.00,0.00,2.35,0.07,0.12,11.56,85.08,0.00,0.00
59,0.01,0.00,0.75,0.07,0.23,0.05,0.00,0.78,0.47,0.00,2.31,0.03,0.12,28.44,0.15,0.07,35.81,30.70,0.00,0.00
60,0.00,0.00,0.09,0.01,0.00,0.00,0.00,0.00,0.13,0.00,0.00,0.00,0.00,0.00,0.00,0.00,0.00,99.77,0.00,0.00
61,0.04,0.00,0.19,0.00,0.00,0.00,0.00,0.00,0.18,0.00,0.01,0.00,0.00,13.75,8.64,3.38,16.68,57.11,0.00,0.00
62,0.02,0.00,0.00,0.00,0.00,0.00,0.00,0.00,0.01,0.00,0.00,0.00,0.00,0.00,0.02,0.00,0.28,99.67,0.00,0.00
63,0.02,0.00,0.37,0.01,0.00,0.00,0.00,0.02,0.15,0.00,0.14,0.00,0.00,0.25,0.01,0.00,17.76,81.28,0.00,0.00
64,0.00,0.00,0.00,0.00,0.00,0.00,0.00,0.00,0.00,0.00,0.00,0.00,0.00,0.00,0.00,0.00,17.69,82.16,0.00,0.14
65,2.71,0.79,0.48,0.06,0.15,0.02,0.00,0.06,0.50,0.00,0.10,0.00,0.05,0.55,26.63,2.06,0.25,65.57,0.00,0.00
66,0.01,0.00,0.22,0.02,0.00,0.00,0.00,0.00,0.17,0.00,0.00,0.00,0.00,5.37,27.66,0.68,36.06,29.82,0.00,0.00
67,0.01,0.00,0.06,0.00,0.00,0.00,0.00,0.00,0.07,0.00,0.00,0.00,0.01,0.00,0.11,0.01,4.87,90.07,4.80,0.00
68,0.00,0.00,0.16,0.00,0.00,0.00,0.00,0.00,0.03,0.00,0.00,0.00,0.00,0.02,0.00,0.01,69.59,30.18,0.00,0.00
69,1.23,0.32,0.16,0.00,0.01,0.00,0.00,0.00,0.03,0.00,0.00,0.03,0.01,0.01,0.14,0.00,0.07,88.01,9.97,0.00
70,0.05,0.01,0.26,0.03,0.05,0.02,0.00,0.18,0.23,0.00,0.35,0.00,0.02,18.08,0.11,0.81,66.92,12.90,0.00,0.00
71,0.00,0.00,0.21,0.00,0.04,0.00,0.00,0.00,0.00,0.00,0.00,0.09,0.01,0.00,0.00,0.00,11.24,88.40,0.00,0.00
72,0.00,0.00,0.16,0.06,0.02,0.00,0.00,0.24,0.21,0.00,0.28,0.00,0.01,1.18,0.05,0.01,8.40,89.37,0.00,0.00
73,0.01,0.13,0.84,0.68,0.06,0.14,0.66,0.93,0.84,0.03,1.14,0.03,0.06,22.98,24.97,0.83,1.13,44.54,0.00,0.00
74,0.02,0.00,0.00,0.00,0.00,0.00,0.00,0.00,0.02,0.00,0.00,0.00,0.00,0.03,0.00,0.00,0.12,65.04,34.55,0.22
75,0.72,0.01,0.12,0.02,0.03,0.00,0.00,0.12,0.30,0.00,0.02,0.00,0.05,58.75,0.86,2.74,28.40,7.87,0.00,0.00
76,0.61,0.00,0.57,0.28,0.01,0.17,0.16,0.67,0.63,0.00,2.16,0.00,0.00,1.63,22.13,0.48,0.37,65.55,4.57,0.00
77,0.03,0.04,1.17,2.33,1.60,0.96,2.66,2.69,1.63,4.50,2.69,0.05,0.09,1.97,1.89,0.30,5.08,70.00,0.30,0.00
78,0.23,0.24,0.42,0.00,0.00,0.00,0.00,0.00,0.17,0.00,0.00,0.00,0.00,49.87,0.43,0.11,33.23,15.30,0.00,0.00
79,0.00,0.00,0.29,0.03,0.02,0.00,0.00,0.15,0.08,0.00,1.62,0.00,0.01,0.94,0.01,0.00,0.07,90.73,6.06,0.00
80,0.00,0.00,0.00,0.00,0.00,0.00,0.00,0.00,0.00,0.00,0.00,0.00,0.00,0.00,0.00,0.00,7.82,92.18,0.00,0.00
81,6.70,0.32,0.18,0.06,0.01,0.02,0.00,0.04,0.64,0.00,0.35,0.00,0.01,24.29,5.59,2.82,43.21,15.74,0.00,0.00
82,2.44,0.07,0.60,0.45,0.13,0.16,0.61,1.72,1.06,0.28,1.34,0.00,0.00,52.02,4.35,1.89,20.38,12.50,0.00,0.00
83,0.00,0.00,0.25,0.01,0.00,0.00,0.00,0.00,0.02,0.00,0.00,0.00,0.00,0.00,0.00,0.00,1.61,98.12,0.00,0.00
84,0.70,0.20,1.77,5.74,0.72,2.27,10.11,16.68,2.93,13.73,11.09,0.00,0.00,2.23,0.98,0.19,0.44,30.23,0.00,0.00
85,0.00,0.00,0.00,0.00,0.00,0.00,0.00,0.00,0.00,0.00,0.00,0.00,0.00,0.00,0.00,0.00,0.00,97.94,2.06,0.00
86,0.67,0.00,0.36,0.03,0.00,0.00,0.00,0.07,0.40,0.00,0.30,0.00,0.00,21.91,0.32,0.02,6.68,69.25,0.00,0.00
87,0.26,0.00,0.22,0.01,0.00,0.00,0.00,0.01,0.26,0.00,0.00,0.00,0.00,25.75,1.30,6.94,37.86,27.40,0.00,0.00
88,0.32,0.00,0.44,0.02,0.00,0.00,0.00,0.13,0.32,0.00,0.12,0.00,0.00,7.86,0.28,5.64,37.56,47.31,0.00,0.00
89,0.21,0.03,0.21,0.04,0.01,0.00,0.00,0.05,0.19,0.00,0.27,0.02,0.00,2.48,0.10,0.03,4.22,90.10,2.06,0.00
90,0.00,0.00,0.00,0.00,0.00,0.00,0.00,0.00,0.00,0.00,0.00,0.00,0.00,0.00,0.00,0.00,1.04,98.96,0.00,0.00
91,0.00,0.00,0.17,0.00,0.00,0.00,0.00,0.00,0.01,0.00,0.00,0.00,0.07,0.00,0.00,0.00,0.77,98.97,0.00,0.00
92,0.01,0.00,0.38,0.00,0.01,0.00,0.00,0.00,0.16,0.00,0.00,0.00,0.03,7.52,0.14,3.28,81.29,7.17,0.00,0.00
93,0.60,0.01,0.41,0.80,0.02,1.02,0.42,5.58,1.79,0.07,10.10,0.01,0.01,1.07,2.89,0.76,0.00,50.38,24.06,0.00
94,0.31,0.00,0.14,0.00,0.00,0.00,0.00,0.00,0.11,0.00,0.00,0.00,0.06,33.28,0.11,0.18,39.61,26.20,0.00,0.00
95,0.00,0.00,0.00,0.00,0.00,0.00,0.00,0.00,0.01,0.00,0.00,0.00,0.00,0.00,0.00,0.00,0.35,99.64,0.00,0.00
96,1.65,0.00,0.19,0.06,0.04,0.06,0.00,0.23,0.47,0.00,0.12,0.00,0.04,10.09,5.22,7.62,41.72,32.50,0.00,0.00
97,0.00,0.00,0.00,0.01,0.00,0.00,0.00,0.00,0.05,0.00,0.00,0.00,0.00,0.00,0.00,0.00,3.63,96.32,0.00,0.00
98,0.15,0.00,0.21,0.00,0.00,0.00,0.00,0.00,0.15,0.00,0.00,0.00,0.04,3.00,0.08,0.05,0.78,95.54,0.00,0.00
99,3.91,0.09,0.47,0.12,0.01,0.02,0.00,0.51,0.75,0.00,0.56,0.00,0.00,19.88,18.75,15.03,22.43,17.47,0.00,0.00
100,0.00,0.00,0.01,0.00,0.00,0.00,0.00,0.00,0.01,0.00,0.00,0.00,0.20,0.00,0.00,0.00,0.32,99.34,0.12,0.00
101,0.18,0.01,0.00,0.00,0.00,0.01,0.00,0.00,0.00,0.00,0.00,0.00,0.00,0.00,0.00,0.00,0.03,96.35,3.41,0.00
102,0.22,0.00,0.97,5.66,0.27,3.67,10.77,12.56,1.99,4.47,15.20,0.03,0.00,4.00,0.84,0.00,1.27,38.06,0.00,0.00
103,0.01,0.00,0.33,0.00,0.00,0.00,0.00,0.00,0.02,0.00,0.00,0.00,0.01,0.00,0.00,0.00,0.18,99.45,0.00,0.00
104,0.02,0.00,0.38,0.05,0.01,0.26,0.00,1.47,0.60,0.00,3.58,0.00,0.00,1.21,0.22,0.37,2.12,89.25,0.47,0.00
105,0.04,0.00,0.53,0.04,0.00,0.00,0.00,0.21,0.07,0.00,0.17,0.00,0.00,0.00,0.00,0.01,0.83,98.11,0.00,0.00
106,0.13,0.00,0.41,0.10,0.00,0.02,0.00,0.26,0.14,0.00,0.15,0.00,0.01,31.85,0.05,0.04,22.50,44.34,0.00,0.00
107,0.10,0.00,0.04,0.00,0.00,0.00,0.00,0.00,0.04,0.00,0.00,0.00,0.00,3.14,0.01,0.00,23.39,73.28,0.00,0.00
108,0.05,0.00,0.34,0.00,0.00,0.01,0.00,0.00,0.00,0.00,0.00,0.00,0.00,0.00,0.00,0.00,0.28,82.62,16.69,0.00
109,0.05,0.01,0.17,0.00,0.00,0.00,0.00,0.01,0.00,0.00,0.04,0.00,0.01,0.00,0.01,0.00,0.76,98.93,0.00,0.00
110,0.00,0.00,0.58,0.00,0.00,0.00,0.00,0.00,0.01,0.00,0.00,0.00,0.00,0.00,0.00,0.00,98.28,1.12,0.00,0.00
111,0.09,0.00,0.33,0.05,0.13,0.00,0.00,0.00,0.27,0.00,0.00,0.07,2.30,41.22,2.36,2.25,18.21,32.71,0.00,0.00
112,0.02,0.00,0.48,0.24,0.01,0.10,0.00,0.63,0.15,0.00,2.33,0.00,0.00,0.18,0.95,0.49,3.70,89.68,1.02,0.00
113,0.03,0.01,0.46,0.04,0.00,0.00,0.00,0.13,0.11,0.00,0.28,0.00,0.00,0.17,1.22,0.02,17.01,80.53,0.00,0.00
114,0.02,0.00,0.37,0.00,0.00,0.00,0.00,0.00,0.06,0.00,0.00,0.00,0.01,1.61,0.08,0.00,2.40,94.09,1.37,0.00
115,0.24,0.00,0.46,0.01,0.00,0.00,0.00,0.04,0.08,0.00,0.03,0.00,0.00,0.55,0.02,0.04,0.30,98.12,0.11,0.00
116,0.14,0.00,0.02,0.00,0.09,0.00,0.00,0.00,0.06,0.00,0.00,0.00,0.01,4.95,0.06,0.02,5.25,89.40,0.00,0.00
117,0.74,0.00,0.20,0.10,0.11,0.14,0.00,0.63,0.42,0.00,5.02,0.00,0.00,2.56,7.09,7.85,27.20,47.94,0.00,0.00
118,0.13,0.00,0.09,0.01,0.00,0.00,0.00,0.00,0.04,0.00,0.00,0.00,0.00,0.00,0.04,0.01,15.15,84.52,0.00,0.00
119,0.36,0.00,0.14,0.00,0.00,0.00,0.00,0.00,0.00,0.00,0.00,0.00,0.03,0.12,0.00,0.00,21.17,78.04,0.14,0.00
120,1.37,0.31,0.04,0.01,0.00,0.00,0.00,0.00,0.29,0.00,0.00,0.00,0.00,2.19,15.12,1.89,27.08,51.71,0.00,0.00
121,0.41,0.00,0.09,0.00,0.00,0.00,0.00,0.00,0.06,0.00,0.01,0.00,0.00,0.01,0.11,0.48,27.91,70.92,0.00,0.00
122,0.00,0.00,0.02,0.01,0.00,0.00,0.00,0.00,0.03,0.00,0.00,0.00,0.00,0.00,0.00,0.00,0.00,99.95,0.00,0.00
123,0.00,0.00,0.00,0.00,0.00,0.00,0.00,0.00,0.00,0.00,0.00,0.00,0.00,0.00,0.02,0.00,3.77,94.68,1.53,0.00
124,0.31,0.00,0.25,0.10,0.06,0.01,0.00,0.24,0.35,0.00,0.08,0.00,0.00,8.94,0.57,0.03,12.32,76.75,0.00,0.00
125,0.00,0.00,0.15,0.00,0.01,0.00,0.00,0.00,0.02,0.00,0.00,0.00,0.00,0.00,0.00,0.00,0.17,99.65,0.00,0.00
126,0.01,0.00,0.76,0.06,0.08,0.02,0.00,0.00,0.10,0.00,0.00,0.00,0.05,0.03,0.12,1.58,20.15,77.05,0.00,0.00
127,0.29,0.00,0.36,0.10,0.08,0.01,0.09,0.14,0.45,0.16,0.13,0.19,0.02,73.70,0.20,0.06,16.66,7.39,0.00,0.00
128,0.67,0.04,0.41,0.18,0.02,0.21,0.00,1.25,0.66,0.00,3.28,0.00,0.00,0.01,0.01,0.04,0.00,86.11,7.10,0.00
129,0.01,0.00,0.00,0.00,0.00,0.00,0.00,0.00,0.02,0.00,0.00,0.00,0.00,0.00,0.00,0.00,7.81,92.15,0.00,0.00
130,0.00,0.00,0.30,0.00,0.04,0.00,0.00,0.00,0.04,0.00,0.00,0.00,0.00,0.00,0.00,0.00,0.39,99.21,0.00,0.00
131,0.01,0.00,0.11,0.00,0.00,0.00,0.00,0.00,0.01,0.00,0.00,0.00,0.00,0.00,0.00,0.00,11.28,88.58,0.00,0.00
132,0.01,0.00,0.77,0.03,0.01,0.00,0.00,0.00,0.10,0.00,0.00,0.00,0.19,0.15,0.03,0.00,15.50,83.23,0.00,0.00
133,0.16,0.00,0.72,0.14,0.11,0.00,0.00,0.05,0.45,0.00,0.01,0.00,1.53,44.19,3.35,1.02,30.13,18.12,0.00,0.00
134,0.07,0.00,0.71,0.53,0.36,0.00,0.00,0.01,0.32,0.00,0.00,0.00,0.00,80.31,2.22,0.79,9.95,4.73,0.00,0.00
135,0.11,0.00,0.58,0.03,0.31,0.00,0.00,0.01,0.07,0.00,0.21,0.07,0.25,0.00,0.00,0.00,10.54,87.82,0.00,0.00
136,0.58,0.01,0.51,0.09,0.01,0.07,0.00,0.35,0.22,0.00,0.18,0.00,0.00,37.65,6.38,4.23,44.40,5.31,0.00,0.00
137,0.67,0.00,0.41,0.11,0.04,0.02,0.02,0.36,0.43,0.04,0.67,0.00,0.00,8.28,0.43,5.26,46.07,37.19,0.00,0.00
138,0.02,0.00,0.00,0.00,0.00,0.00,0.00,0.00,0.02,0.00,0.00,0.00,0.00,0.00,0.00,0.00,0.93,99.03,0.00,0.00
139,0.01,0.00,0.60,0.01,0.01,0.00,0.00,0.00,0.02,0.00,0.00,0.00,0.00,0.02,0.00,0.00,8.20,91.14,0.00,0.00
140,0.15,0.00,0.64,0.29,0.50,0.01,0.14,0.31,0.19,0.00,0.90,0.00,8.27,0.00,0.00,0.00,0.00,88.61,0.00,0.00
141,0.33,0.01,0.77,0.69,0.14,0.09,0.63,0.61,0.60,0.03,0.38,0.04,0.00,34.65,34.21,0.48,0.01,26.27,0.00,0.06
142,0.01,0.00,0.50,0.29,0.13,0.19,0.26,0.35,0.13,0.01,1.58,0.01,0.03,0.00,0.00,0.00,0.00,95.24,1.27,0.00
143,0.42,0.00,0.10,0.00,0.00,0.00,0.00,0.00,0.00,0.00,0.00,0.00,0.00,0.00,0.00,0.00,50.85,48.64,0.00,0.00
144,0.04,0.00,0.00,0.01,0.00,0.00,0.00,0.00,0.01,0.00,0.00,0.00,0.00,0.00,0.01,0.00,10.04,85.21,4.69,0.00
145,0.72,0.00,0.91,1.69,0.28,0.37,2.11,3.02,0.62,0.11,3.21,0.14,0.00,0.06,0.01,0.00,0.39,85.27,0.00,1.10
146,0.00,0.00,0.13,0.00,0.00,0.00,0.00,0.00,0.14,0.00,0.00,0.00,0.00,26.53,0.13,0.00,68.93,4.15,0.00,0.00
147,0.02,0.00,0.02,0.00,0.00,0.00,0.00,0.00,0.14,0.00,0.00,0.00,0.00,0.17,1.60,0.43,0.00,84.86,12.77,0.00
148,0.03,0.00,0.19,0.00,0.01,0.00,0.00,0.00,0.03,0.00,0.00,0.00,0.83,0.01,0.11,0.00,8.58,90.21,0.00,0.00
149,0.06,0.00,0.45,0.11,0.00,0.06,0.00,0.65,0.55,0.00,2.19,0.00,0.02,5.95,1.08,0.00,0.08,78.88,9.92,0.00
150,0.33,0.00,0.36,0.32,0.17,0.07,0.21,0.59,0.26,0.00,1.17,0.00,0.01,48.93,0.53,0.77,24.33,21.94,0.00,0.00
151,6.87,0.00,1.72,1.54,0.39,0.60,0.96,4.78,1.09,4.21,2.01,0.38,0.11,25.82,3.84,3.50,27.61,14.58,0.00,0.00
152,0.06,0.00,0.00,0.00,0.00,0.00,0.00,0.00,0.00,0.00,0.00,0.00,0.00,0.12,0.00,0.01,73.86,25.95,0.00,0.00
153,0.06,0.01,0.46,0.02,0.00,0.00,0.00,0.03,0.22,0.00,0.00,0.00,0.00,0.28,5.30,1.31,7.09,85.22,0.00,0.00
154,0.59,0.00,0.33,0.04,0.01,0.00,0.00,0.21,0.42,0.00,0.23,0.00,0.04,18.05,37.46,4.77,13.04,24.79,0.00,0.00
155,1.24,0.07,0.19,0.05,0.01,0.00,0.01,0.10,0.23,0.00,0.05,0.01,0.00,66.44,0.56,0.35,27.73,2.96,0.00,0.00
156,0.19,0.35,0.14,0.02,0.00,0.00,0.00,0.07,0.18,0.00,0.01,0.00,0.07,8.34,37.10,0.81,1.71,51.01,0.00,0.00
157,0.94,0.01,0.27,0.00,0.03,0.00,0.00,0.01,0.16,0.00,0.01,0.00,0.00,0.12,0.15,0.18,0.56,54.92,42.63,0.00
158,0.55,0.04,0.83,0.41,0.09,0.07,0.03,1.28,0.43,0.00,2.22,0.01,0.05,5.82,2.58,0.04,24.49,54.90,6.17,0.00
159,0.15,0.00,0.56,0.10,0.00,0.05,0.00,0.25,0.08,0.00,0.16,0.00,0.00,0.24,0.14,0.11,0.33,97.82,0.00,0.00
160,0.02,0.00,1.45,0.15,0.94,0.16,0.00,0.22,0.19,0.00,4.79,0.25,0.03,0.00,0.00,0.01,1.42,90.35,0.00,0.00
161,0.14,0.00,0.12,0.00,0.00,0.00,0.00,0.00,0.05,0.00,0.00,0.00,0.00,0.49,0.46,1.46,30.24,67.03,0.00,0.00
162,0.06,0.03,0.20,0.00,0.01,0.00,0.00,0.00,0.18,0.00,0.00,0.00,0.00,11.38,0.13,0.10,51.48,36.43,0.00,0.00
163,0.18,0.41,0.18,0.10,0.01,0.02,0.00,0.32,0.18,0.00,0.18,0.00,0.00,69.11,1.25,0.38,25.14,2.54,0.00,0.00
164,0.03,0.00,0.23,0.02,0.02,0.00,0.00,0.03,0.04,0.00,0.17,0.00,0.00,0.31,4.43,0.80,12.30,81.62,0.00,0.00
165,0.06,0.52,1.90,0.15,0.07,0.00,0.00,0.23,0.39,0.05,0.13,0.00,0.00,12.27,42.97,0.84,5.32,35.11,0.00,0.00
166,0.00,0.00,0.20,0.00,0.00,0.00,0.00,0.00,0.00,0.00,0.00,0.00,0.03,0.00,0.00,0.00,65.22,34.54,0.00,0.00
167,0.02,0.00,0.00,0.00,0.00,0.00,0.00,0.00,0.00,0.00,0.00,0.00,0.00,0.00,0.00,0.00,0.00,98.02,1.96,0.00
168,0.26,0.04,4.53,14.30,4.72,5.05,25.97,9.31,1.26,4.26,2.20,0.01,0.04,0.01,0.02,0.00,0.12,27.90,0.00,0.00
169,1.42,0.00,0.70,0.22,0.09,0.03,0.00,1.43,0.34,0.00,0.90,0.00,0.00,51.88,0.71,6.08,29.53,6.68,0.00,0.00
170,0.24,0.02,1.36,3.36,0.33,3.35,5.65,6.79,2.07,2.68,4.01,0.00,0.08,0.35,0.26,0.12,0.27,63.17,5.87,0.00
171,0.73,0.02,0.05,0.07,0.01,0.02,0.00,0.29,0.31,0.00,0.13,0.07,0.00,7.26,0.69,5.31,32.36,52.68,0.00,0.00
172,0.12,0.00,0.13,0.01,0.00,0.10,0.00,0.13,0.07,0.00,0.51,0.00,0.00,0.01,0.02,0.00,0.08,94.06,4.75,0.00
173,0.12,0.00,3.45,3.41,1.55,1.14,4.72,1.69,0.71,2.25,0.18,0.03,0.02,4.46,0.30,0.04,5.17,70.75,0.00,0.00
174,0.05,0.00,0.06,0.00,0.08,0.00,0.00,0.00,0.06,0.00,0.00,0.00,0.03,6.77,0.19,0.45,59.22,33.10,0.00,0.00
175,0.00,0.00,0.01,0.00,0.00,0.00,0.00,0.00,0.00,0.00,0.00,0.00,0.00,0.00,0.00,0.00,0.12,99.86,0.02,0.00
176,0.00,0.00,0.24,0.01,0.00,0.03,0.00,0.02,0.13,0.00,0.09,0.00,0.00,9.39,0.76,0.01,0.56,82.59,6.17,0.00
177,0.02,0.31,0.33,0.01,0.01,0.00,0.00,0.00,0.02,0.00,0.00,0.00,0.00,0.00,0.00,0.00,11.00,88.30,0.00,0.00
178,0.00,0.00,0.00,0.00,0.00,0.00,0.00,0.00,0.01,0.00,0.00,0.00,0.00,0.00,0.10,0.00,32.66,67.23,0.00,0.00
179,0.01,0.00,0.30,0.00,0.00,0.01,0.00,0.00,0.15,0.00,0.03,0.00,0.00,15.25,0.09,0.01,6.68,77.48,0.00,0.00
180,0.00,0.00,0.22,0.00,0.00,0.00,0.00,0.00,0.18,0.00,0.00,0.00,0.00,18.77,1.73,0.56,11.23,67.30,0.00,0.00
181,0.00,0.00,0.47,0.13,0.00,0.00,0.00,0.12,0.08,0.00,0.27,0.00,0.00,0.00,0.00,0.00,1.30,97.62,0.00,0.00
182,0.11,0.00,0.00,0.00,0.00,0.00,0.00,0.00,0.01,0.00,0.00,0.00,0.00,0.00,0.00,0.00,89.51,10.37,0.00,0.00
183,0.34,0.00,0.39,0.02,0.02,0.01,0.00,0.00,0.27,0.00,0.01,0.00,0.02,3.43,0.93,0.05,6.43,88.10,0.00,0.00
184,0.00,0.00,0.67,0.93,0.04,0.23,0.00,7.15,0.91,0.00,24.47,0.01,0.00,0.00,0.00,0.00,1.18,40.78,23.64,0.00
185,0.01,0.00,0.00,0.00,0.00,0.00,0.00,0.00,0.06,0.00,0.00,0.00,0.00,0.00,0.00,0.00,0.09,99.83,0.00,0.00
186,0.00,0.00,0.10,0.00,0.00,0.00,0.00,0.00,0.00,0.00,0.00,0.00,0.00,0.01,0.00,0.00,0.24,54.30,45.34,0.00
187,2.40,0.00,2.26,4.44,2.06,0.61,4.75,5.50,1.48,6.64,5.81,0.01,0.01,15.68,22.99,5.16,9.24,10.98,0.00,0.00
188,0.44,0.08,0.29,0.02,0.00,0.00,0.00,0.04,0.14,0.00,0.03,0.00,0.00,41.17,2.83,0.20,52.09,2.67,0.00,0.00
189,0.03,0.00,0.06,0.00,0.00,0.00,0.00,0.00,0.01,0.00,0.00,0.00,0.01,0.00,0.01,0.00,3.60,96.27,0.00,0.00
190,0.09,0.00,0.05,0.00,0.00,0.00,0.00,0.00,0.11,0.00,0.00,0.00,0.00,13.09,0.15,0.76,34.97,50.78,0.00,0.00
191,0.04,0.04,0.09,0.01,0.00,0.00,0.00,0.00,0.25,0.00,0.00,0.00,0.03,6.21,15.22,0.07,0.81,77.24,0.00,0.00
192,0.00,0.00,0.20,0.00,0.00,0.00,0.00,0.00,0.03,0.00,0.00,0.00,0.00,0.15,0.00,0.00,0.08,99.53,0.00,0.00
193,0.02,0.00,0.10,0.00,0.00,0.00,0.00,0.00,0.03,0.00,0.00,0.00,0.01,0.01,0.29,0.19,6.00,84.27,9.08,0.00
194,8.15,0.00,0.36,0.29,0.08,0.11,0.00,1.80,0.55,0.00,1.44,0.00,0.00,0.13,3.10,0.11,13.17,70.60,0.00,0.10
195,2.64,30.75,0.16,0.08,0.00,0.06,0.00,0.25,0.38,0.00,0.03,0.00,0.00,15.67,12.94,0.24,0.42,36.39,0.00,0.00
196,0.30,0.00,0.49,0.19,0.06,0.03,0.00,1.88,0.30,0.02,3.98,0.03,1.06,0.25,0.32,0.23,2.28,88.48,0.11,0.00
197,0.00,0.00,0.00,0.00,0.00,0.00,0.00,0.00,0.01,0.00,0.00,0.00,0.00,0.01,0.00,0.00,6.70,93.28,0.00,0.00
198,0.02,0.00,0.24,0.01,0.00,0.00,0.00,0.00,0.02,0.00,0.00,0.00,0.03,0.00,0.00,0.00,11.64,88.04,0.00,0.00
199,0.88,0.00,0.00,0.00,0.00,0.00,0.00,0.00,0.02,0.00,0.00,0.00,0.05,0.00,0.00,0.02,5.29,33.20,60.55,0.00
200,0.21,0.00,0.23,0.00,0.00,0.00,0.00,0.00,0.01,0.00,0.00,0.00,0.00,0.00,0.00,0.00,96.27,3.29,0.00,0.00
201,0.02,0.00,0.00,0.00,0.00,0.00,0.00,0.00,0.02,0.00,0.00,0.00,0.00,0.00,0.00,0.00,47.53,52.43,0.00,0.00
202,0.00,0.00,0.00,0.00,0.00,0.00,0.00,0.00,0.04,0.00,0.00,0.00,0.00,0.00,0.00,0.00,0.00,99.57,0.39,0.00
203,0.29,0.07,0.16,0.16,0.04,0.04,0.13,0.10,0.43,0.06,0.21,0.01,0.01,11.52,0.28,0.02,0.15,86.32,0.00,0.00
204,0.08,0.01,0.44,0.03,0.06,0.00,0.00,0.13,0.17,0.00,0.21,0.01,0.00,10.61,0.10,1.25,55.46,31.43,0.00,0.00
205,0.08,0.00,0.55,0.02,0.00,0.00,0.00,0.00,0.02,0.00,0.00,0.01,0.00,0.00,0.00,0.00,0.08,99.24,0.00,0.00
206,0.01,0.00,0.00,0.00,0.01,0.00,0.00,0.00,0.01,0.00,0.00,0.00,0.00,0.03,0.27,0.01,0.10,84.36,15.20,0.00
207,0.85,0.01,0.00,0.00,0.00,0.00,0.00,0.00,0.05,0.00,0.00,0.00,0.00,9.91,0.11,0.19,6.86,82.01,0.00,0.00
208,0.03,0.00,0.06,0.02,0.20,0.00,0.00,0.00,0.16,0.00,0.00,0.00,0.02,0.19,3.35,0.04,20.24,75.70,0.00,0.00
209,0.04,0.00,0.19,0.01,0.00,0.00,0.00,0.01,0.26,0.00,0.01,0.00,0.00,87.69,4.77,0.04,4.86,2.12,0.00,0.00
210,0.00,0.00,0.12,0.00,0.00,0.00,0.00,0.00,0.00,0.00,0.00,0.00,0.00,0.00,0.10,0.00,0.79,98.99,0.00,0.00
211,0.06,0.00,0.09,0.01,0.04,0.00,0.00,0.00,0.10,0.00,0.00,0.00,0.00,1.64,0.01,0.00,1.71,96.34,0.00,0.00
212,0.00,0.00,0.44,0.00,0.00,0.00,0.00,0.01,0.01,0.00,0.30,0.00,0.00,0.00,0.00,0.00,86.18,13.05,0.00,0.00
213,0.01,0.00,0.10,0.00,0.00,0.00,0.00,0.00,0.11,0.00,0.00,0.00,0.00,0.74,0.41,1.15,28.31,64.36,4.81,0.00
214,7.21,0.00,0.00,0.00,0.00,0.00,0.00,0.00,0.00,0.00,0.00,0.00,0.00,0.00,0.05,0.00,2.00,90.74,0.00,0.00
215,2.29,0.01,0.41,0.37,0.26,0.15,0.08,0.99,0.63,0.57,3.56,0.00,0.01,0.17,0.54,0.25,0.01,89.71,0.00,0.00
216,0.01,0.02,0.20,0.00,0.00,0.00,0.00,0.00,0.01,0.00,0.00,0.00,0.10,0.00,0.04,0.01,1.48,67.02,31.13,0.00
217,0.00,0.00,0.04,0.00,0.00,0.00,0.00,0.00,0.01,0.00,0.00,0.00,0.00,0.51,0.05,0.00,29.24,70.15,0.00,0.00
218,0.19,0.00,0.35,0.00,0.01,0.00,0.00,0.00,0.09,0.00,0.00,0.00,0.00,9.30,0.02,0.06,46.18,43.80,0.00,0.00
219,9.32,0.00,0.45,0.05,0.04,0.06,0.00,0.06,0.81,0.00,0.12,0.00,0.00,2.46,0.32,4.18,58.86,23.25,0.00,0.00
220,0.16,0.00,0.45,0.06,0.00,0.01,0.00,0.24,0.32,0.00,0.24,0.03,0.00,76.80,1.00,0.91,5.51,14.27,0.00,0.00
221,0.10,0.00,2.10,4.96,4.31,0.79,6.17,10.25,2.50,9.01,10.59,0.03,0.35,3.54,1.71,0.38,3.02,40.17,0.00,0.00
222,1.06,0.03,0.14,0.04,0.00,0.01,0.00,0.12,0.23,0.00,0.12,0.00,0.01,71.45,1.59,0.66,20.38,4.16,0.00,0.00
223,0.02,0.00,0.52,0.00,0.00,0.00,0.00,0.00,0.02,0.00,0.00,0.00,0.00,0.00,0.00,0.00,1.33,91.35,6.77,0.00
224,2.74,10.15,0.89,0.92,1.64,0.16,0.41,3.66,0.65,1.06,1.81,0.74,0.79,44.55,4.06,0.84,1.71,23.23,0.00,0.00
225,0.28,0.00,0.22,0.00,0.00,0.00,0.00,0.00,0.11,0.00,0.00,0.00,0.00,0.85,0.74,0.30,5.75,91.76,0.00,0.00
226,0.02,0.00,0.13,0.01,0.00,0.00,0.00,0.02,0.15,0.00,0.02,0.00,0.00,50.74,4.29,0.01,40.09,4.51,0.00,0.00
227,0.00,0.00,0.64,0.06,0.01,0.00,0.01,0.09,0.05,0.02,0.53,0.02,0.01,0.00,0.00,0.00,6.14,92.43,0.00,0.00
228,0.09,0.00,0.16,0.00,0.00,0.00,0.00,0.00,0.07,0.00,0.00,0.00,0.01,2.26,0.02,0.00,5.32,92.00,0.00,0.06
229,0.00,0.00,0.00,0.00,0.00,0.00,0.00,0.00,0.00,0.00,0.00,0.09,0.00,0.00,0.00,0.00,14.43,85.47,0.00,0.00
230,0.00,0.00,0.10,0.00,0.00,0.00,0.00,0.00,0.00,0.00,0.00,0.00,0.00,0.00,0.00,0.00,0.00,98.46,1.44,0.00
231,0.10,0.00,0.64,0.07,0.04,0.00,0.00,0.36,0.09,0.00,0.66,0.05,0.00,2.55,0.23,0.15,40.57,54.46,0.00,0.00
232,0.03,0.02,0.21,0.00,0.00,0.00,0.00,0.00,0.02,0.00,0.00,0.00,0.00,0.73,0.59,0.21,16.13,78.72,3.33,0.00
233,0.00,0.00,0.13,0.00,0.00,0.00,0.00,0.00,0.01,0.00,0.00,0.00,0.00,0.00,0.00,0.00,99.40,0.46,0.00,0.00
234,0.23,0.00,0.17,0.00,0.00,0.00,0.00,0.00,0.01,0.00,0.00,0.00,0.00,0.00,0.00,0.00,74.34,25.25,0.00,0.00
235,0.00,0.00,0.00,0.00,0.00,0.00,0.00,0.00,0.02,0.00,0.00,0.00,0.00,0.00,0.00,0.00,5.51,93.08,1.38,0.00
236,0.02,0.00,0.00,0.00,0.00,0.02,0.00,0.00,0.00,0.00,0.00,0.00,0.00,0.01,0.00,0.00,0.11,99.85,0.00,0.00
237,0.89,0.02,0.68,0.33,0.09,0.24,0.78,2.92,0.75,0.03,5.26,0.01,0.00,5.44,2.60,1.58,0.48,61.11,16.78,0.00
238,0.48,0.00,0.24,0.00,0.00,0.00,0.00,0.00,0.01,0.00,0.00,0.00,0.00,0.12,0.00,0.00,58.49,40.65,0.00,0.00
239,0.03,0.00,0.53,0.12,0.01,0.00,0.00,0.16,0.09,0.00,0.16,0.03,0.00,0.21,0.20,0.05,0.65,97.74,0.00,0.00
240,0.36,0.00,0.00,0.00,0.00,0.00,0.00,0.00,0.00,0.00,0.00,0.00,0.00,0.04,1.81,0.15,5.06,40.81,51.78,0.00
241,0.00,0.00,0.57,0.00,0.09,0.00,0.00,0.00,0.07,0.00,0.00,0.13,0.00,0.01,0.05,0.00,0.17,98.92,0.00,0.00
242,0.00,0.00,0.35,0.02,0.02,0.00,0.00,0.00,0.03,0.00,0.00,0.00,0.00,0.00,0.16,0.00,7.37,86.57,5.48,0.00
243,0.00,0.02,0.42,0.00,0.00,0.00,0.00,0.00,0.07,0.00,0.00,0.00,0.00,0.43,0.00,0.01,10.43,88.61,0.00,0.00
244,0.03,0.00,0.00,0.00,0.00,0.00,0.00,0.00,0.00,0.00,0.00,0.00,0.68,0.00,0.00,0.00,2.51,96.78,0.00,0.00
245,0.72,0.00,0.03,0.00,0.00,0.00,0.00,0.00,0.00,0.00,0.00,0.00,0.00,0.01,0.12,0.00,6.42,92.70,0.00,0.00
246,0.63,0.00,0.36,0.03,0.00,0.00,0.00,0.09,0.26,0.00,0.05,0.00,0.00,23.74,0.31,1.21,54.94,18.38,0.00,0.00
247,0.00,0.00,0.52,0.01,0.00,0.01,0.00,0.00,0.02,0.00,0.00,0.08,0.00,0.73,0.36,0.00,0.00,98.28,0.00,0.00
248,0.43,0.00,0.26,0.00,0.00,0.00,0.00,0.00,0.01,0.00,0.00,0.00,0.00,0.00,0.01,0.00,13.35,85.93,0.00,0.00
249,1.45,0.01,0.44,1.22,0.29,0.39,1.28,2.25,1.13,0.09,5.40,0.00,0.00,9.64,0.57,1.74,5.75,68.35,0.00,0.00
250,0.01,0.00,0.78,2.58,0.15,4.10,4.09,4.86,1.26,3.17,9.52,0.08,0.08,0.45,0.30,0.00,0.01,38.64,29.93,0.00
251,0.00,0.00,0.00,0.00,0.00,0.00,0.00,0.00,0.01,0.00,0.00,0.00,0.05,0.00,0.00,0.00,0.18,75.08,24.67,0.00
252,0.01,0.00,0.04,0.06,0.01,0.00,0.00,0.00,0.07,0.00,0.00,0.00,0.00,0.16,0.11,0.00,5.81,93.72,0.00,0.00
253,0.00,0.00,0.34,0.02,0.00,0.00,0.00,0.06,0.05,0.00,0.30,0.00,0.00,0.48,0.00,0.08,0.03,98.63,0.00,0.00
254,0.04,0.00,0.51,0.13,0.02,0.03,0.07,0.33,0.26,0.00,0.05,0.01,0.02,54.82,0.68,0.02,33.13,9.87,0.00,0.00
255,1.09,0.00,0.00,0.05,0.00,0.00,0.00,0.00,0.02,0.00,0.00,0.00,0.00,0.02,0.09,0.00,0.00,98.72,0.00,0.00
256,0.17,0.00,0.33,0.13,0.00,0.02,0.14,0.17,0.38,0.01,0.15,0.00,0.01,55.98,0.47,0.11,39.03,2.88,0.00,0.00
257,0.00,0.00,0.00,0.00,0.00,0.00,0.00,0.00,0.00,0.00,0.00,0.00,0.00,0.01,0.00,0.00,50.97,49.02,0.00,0.00
258,0.00,0.00,0.00,0.00,0.00,0.00,0.00,0.00,0.03,0.00,0.00,0.00,0.00,0.00,0.00,0.00,23.77,76.20,0.00,0.00
259,0.01,0.00,0.31,0.03,0.00,0.00,0.00,0.00,0.04,0.00,0.00,0.00,0.00,0.01,0.01,0.00,0.24,65.02,34.33,0.00
260,4.09,0.00,0.25,0.01,0.03,0.02,0.00,0.00,0.02,0.00,0.00,0.00,0.53,0.00,0.00,0.00,0.01,95.04,0.00,0.00
261,0.97,0.01,0.67,0.06,0.01,0.01,0.00,0.26,0.38,0.00,0.18,0.00,0.00,8.50,0.76,8.37,31.66,48.16,0.00,0.00
262,5.78,0.04,1.15,0.99,0.35,0.18,0.00,2.08,3.17,1.12,9.46,0.00,0.17,3.57,23.51,2.50,2.20,43.74,0.00,0.00
263,0.00,0.00,0.00,0.00,0.00,0.00,0.00,0.00,0.00,0.00,0.00,0.00,0.20,0.00,0.00,0.00,0.00,99.50,0.30,0.00
264,0.00,0.00,0.09,0.00,0.00,0.00,0.00,0.00,0.00,0.00,0.00,0.00,0.00,0.00,0.00,0.00,21.81,78.10,0.00,0.00
265,0.03,0.00,0.16,0.00,0.00,0.00,0.00,0.00,0.01,0.00,0.00,0.00,0.01,0.00,0.00,0.00,19.44,80.35,0.00,0.00
266,0.45,0.03,0.17,0.12,0.05,0.01,0.00,0.36,0.52,0.00,0.29,0.00,0.00,11.05,7.85,1.15,32.43,45.52,0.00,0.00
267,0.02,0.00,0.31,0.02,0.00,0.00,0.00,0.00,0.00,0.00,0.00,0.00,0.00,0.10,0.12,0.00,25.86,65.29,8.28,0.00
268,0.00,0.01,0.22,0.00,0.00,0.00,0.00,0.00,0.01,0.00,0.00,0.00,0.00,0.00,0.00,0.00,2.49,97.26,0.00,0.00
269,0.00,0.00,0.28,0.00,0.00,0.00,0.00,0.00,0.01,0.00,0.00,0.00,0.00,0.00,0.00,0.00,46.84,52.87,0.00,0.00
270,0.00,0.00,0.00,0.00,0.00,0.00,0.00,0.00,0.01,0.00,0.00,0.00,0.00,0.00,0.00,0.00,80.75,19.24,0.00,0.00
271,0.71,0.00,0.70,0.28,0.03,0.17,0.06,1.61,1.19,0.00,9.48,0.00,0.00,13.13,3.42,3.03,51.22,14.96,0.00,0.00
272,0.00,0.00,0.00,0.00,0.00,0.00,0.00,0.00,0.07,0.00,0.00,0.00,0.03,0.00,0.00,0.00,1.08,98.82,0.00,0.00
273,0.00,0.00,0.00,0.00,0.00,0.00,0.00,0.00,0.00,0.00,0.00,0.00,0.00,0.00,0.00,0.00,32.52,62.75,0.00,4.73
274,0.00,0.00,0.01,0.00,0.00,0.01,0.00,0.00,0.00,0.00,0.00,0.00,0.00,0.00,0.00,0.00,0.00,92.90,7.07,0.00
275,0.05,0.01,1.02,0.73,0.05,0.81,0.46,1.68,0.60,1.44,2.21,0.23,0.02,12.43,7.00,0.02,0.02,38.44,32.78,0.00
276,0.00,0.00,0.48,0.01,0.00,0.00,0.00,0.00,0.03,0.00,0.00,0.00,0.00,0.00,0.00,0.00,0.00,98.15,1.33,0.00
277,0.00,0.00,0.35,0.00,0.00,0.00,0.00,0.00,0.00,0.00,0.00,0.00,0.00,0.00,0.00,0.00,0.04,99.61,0.00,0.00
278,2.68,0.07,0.32,0.04,0.00,0.00,0.00,0.03,0.14,0.00,0.01,0.00,0.00,34.93,0.35,0.25,49.66,11.52,0.00,0.00
279,1.11,0.01,0.74,0.66,0.37,1.71,1.38,3.40,0.64,1.30,0.60,0.00,0.00,0.02,0.02,0.00,5.10,82.94,0.00,0.00
280,0.43,0.00,0.22,0.00,0.00,0.00,0.00,0.00,0.12,0.00,0.00,0.00,0.00,86.01,0.79,0.07,11.38,0.98,0.00,0.00
281,0.00,0.00,0.57,0.01,0.00,0.00,0.00,0.00,0.07,0.00,0.00,0.00,0.02,0.74,0.04,0.08,0.16,98.30,0.00,0.00
282,0.00,0.00,0.53,0.06,0.00,0.00,0.00,0.02,0.07,0.00,0.10,0.00,0.00,0.00,0.00,0.00,0.00,97.71,1.51,0.00
283,0.37,0.00,0.61,0.99,0.21,0.14,0.37,1.71,0.70,0.00,2.63,0.05,0.02,0.93,2.94,0.42,6.23,81.68,0.00,0.00
284,1.45,0.07,0.41,0.11,0.01,0.01,0.02,0.26,0.24,0.00,0.06,0.03,0.00,49.68,0.53,0.53,42.86,3.74,0.00,0.00
285,0.02,0.13,0.05,0.00,0.02,0.00,0.00,0.00,0.06,0.00,0.00,0.00,0.01,3.29,0.03,0.07,73.69,22.63,0.00,0.00
286,0.00,0.00,0.00,0.00,0.00,0.00,0.00,0.00,0.00,0.00,0.00,0.00,0.00,0.01,0.00,0.00,0.00,99.34,0.64,0.00
287,0.49,0.00,0.60,0.66,0.12,0.16,0.22,1.72,0.38,0.01,3.56,0.00,0.05,10.61,4.20,1.01,18.28,57.93,0.00,0.00
288,0.01,0.00,0.00,0.00,0.00,0.00,0.00,0.00,0.03,0.00,0.00,0.00,0.00,0.34,0.00,0.09,12.22,87.32,0.00,0.00
289,0.54,0.00,0.76,0.03,0.01,0.00,0.00,0.14,0.34,0.00,0.04,0.02,0.00,43.86,0.76,4.23,43.27,6.02,0.00,0.00
290,0.00,0.00,0.00,0.00,0.00,0.00,0.00,0.00,0.00,0.00,0.00,0.00,0.00,0.00,0.00,0.00,1.14,96.62,2.24,0.00
291,0.02,0.03,0.37,0.24,0.04,0.05,0.23,0.23,0.76,0.02,0.06,0.00,0.00,8.05,3.50,0.70,16.78,68.91,0.00,0.00
292,0.01,0.00,0.00,0.00,0.00,0.00,0.00,0.00,0.01,0.00,0.00,0.00,0.00,0.00,0.02,0.00,0.00,75.60,24.36,0.00
293,0.03,0.00,0.22,0.00,0.02,0.00,0.00,0.00,0.02,0.00,0.00,0.00,0.00,0.08,0.84,0.08,6.39,91.01,1.32,0.00
294,1.69,0.01,1.23,2.92,0.39,0.86,4.49,4.00,0.99,3.87,1.28,0.00,0.00,17.05,0.82,6.68,30.12,23.56,0.00,0.00
295,0.06,0.00,0.16,0.02,0.00,0.00,0.00,0.00,0.19,0.00,0.00,0.00,0.02,0.01,0.01,0.02,3.52,95.99,0.00,0.00
296,0.00,0.00,0.20,0.00,0.00,0.00,0.00,0.00,0.02,0.00,0.00,0.00,0.03,0.96,0.00,0.00,5.44,89.78,3.56,0.00
297,0.00,0.00,0.00,0.00,0.00,0.00,0.00,0.00,0.00,0.00,0.00,0.00,0.00,0.00,0.00,0.00,0.00,99.15,0.84,0.00
298,0.00,0.06,0.19,0.00,0.00,0.00,0.00,0.00,0.10,0.00,0.00,0.00,0.00,0.87,0.19,0.00,0.14,98.44,0.00,0.00
299,0.24,0.00,0.41,0.15,0.16,0.03,0.13,0.20,0.51,0.00,0.35,0.00,0.00,60.33,1.76,0.38,5.88,29.46,0.00,0.00
300,0.00,0.00,0.51,0.00,0.02,0.00,0.00,0.00,0.05,0.00,0.00,0.06,0.03,7.56,0.09,0.00,76.00,15.67,0.00,0.00
301,0.03,0.00,0.71,0.01,0.00,0.00,0.00,0.00,0.03,0.00,0.00,0.00,0.00,0.02,0.02,0.04,0.10,99.02,0.00,0.00
302,0.00,0.00,0.00,0.00,0.00,0.00,0.00,0.00,0.04,0.00,0.00,0.00,0.00,0.00,0.00,0.00,3.60,96.36,0.00,0.00
303,0.05,0.00,0.23,0.04,0.00,0.00,0.07,0.00,0.09,0.01,0.00,0.05,0.01,4.96,1.49,0.06,0.00,92.92,0.00,0.00
304,0.32,0.04,1.71,2.73,0.55,1.05,3.37,4.59,1.39,1.67,9.13,0.59,0.01,11.01,3.07,1.16,7.22,50.26,0.12,0.00
305,0.06,0.01,0.75,0.36,0.10,0.09,0.24,0.34,0.38,0.01,0.49,0.59,0.02,14.85,17.73,0.27,0.02,62.62,1.07,0.00
306,0.00,0.00,0.00,0.00,0.00,0.00,0.00,0.00,0.00,0.00,0.00,0.00,0.00,0.00,0.00,0.00,0.00,100.00,0.00,0.00
307,0.14,0.00,0.43,0.04,0.00,0.00,0.00,0.13,0.05,0.00,0.42,0.00,0.01,17.74,1.44,0.02,71.01,8.57,0.00,0.00
308,0.00,0.00,0.09,0.00,0.00,0.00,0.00,0.00,0.16,0.00,0.00,0.00,0.00,24.27,0.06,0.00,70.11,5.31,0.00,0.00
309,0.69,0.00,0.75,0.28,0.02,0.01,0.04,0.31,0.29,0.00,0.15,0.00,0.00,62.25,1.00,4.48,23.77,5.95,0.00,0.00
310,0.42,0.00,0.39,0.00,0.18,0.00,0.00,0.00,0.03,0.00,0.00,0.00,0.78,0.00,0.00,0.00,5.86,92.34,0.00,0.00
311,0.00,0.00,0.47,0.12,0.19,0.01,0.09,0.39,0.39,0.00,0.25,0.06,0.06,47.10,0.00,0.03,14.09,36.74,0.00,0.00
312,5.47,3.63,1.33,2.52,1.27,0.47,1.59,5.33,1.99,1.99,4.12,0.15,0.01,16.62,5.63,0.23,2.73,44.83,0.10,0.00
313,0.00,0.00,0.36,0.02,0.00,0.00,0.00,0.33,0.13,0.00,3.84,0.00,0.00,0.00,0.00,0.00,2.75,84.67,7.89,0.00
314,0.00,0.00,0.09,0.00,0.00,0.01,0.00,0.00,0.05,0.00,0.00,0.00,0.00,0.01,0.03,0.00,0.08,99.72,0.00,0.00
315,0.00,0.00,0.15,0.00,0.00,0.00,0.00,0.00,0.00,0.00,0.00,0.00,0.00,0.00,0.00,0.00,0.00,80.56,19.29,0.00
316,0.24,0.01,0.00,0.00,0.00,0.00,0.00,0.00,0.00,0.00,0.00,0.00,0.00,0.00,0.01,0.00,16.84,75.27,7.64,0.00
317,0.00,0.00,0.00,0.00,0.00,0.00,0.00,0.00,0.00,0.00,0.00,0.00,0.00,0.00,0.00,0.00,8.48,91.52,0.00,0.00
318,0.00,0.01,0.31,0.04,0.00,0.01,0.00,0.11,0.12,0.00,0.36,0.00,0.00,0.83,1.20,0.07,0.00,96.60,0.34,0.00
319,0.08,0.29,0.25,0.01,0.00,0.00,0.00,0.00,0.09,0.00,0.00,0.00,0.00,1.14,0.03,0.00,0.04,93.86,4.21,0.00
320,0.50,0.00,0.00,0.00,0.00,0.00,0.00,0.02,0.02,0.00,0.06,0.00,0.00,0.00,0.06,0.01,0.97,98.35,0.00,0.00
321,0.00,0.00,0.00,0.00,0.00,0.00,0.00,0.00,0.00,0.00,0.00,0.00,0.00,0.00,0.00,0.00,4.43,95.36,0.00,0.21
322,0.38,0.01,0.31,0.05,0.03,0.00,0.00,0.17,0.24,0.00,0.10,0.00,0.00,54.93,0.46,2.34,37.94,3.03,0.00,0.00
323,0.04,0.00,0.13,0.01,0.39,0.00,0.00,0.00,0.25,0.00,0.00,0.00,0.01,0.05,1.83,0.28,2.49,94.53,0.00,0.00
324,0.00,0.00,0.02,0.01,0.00,0.00,0.00,0.00,0.01,0.00,0.00,0.00,0.00,0.00,0.00,0.00,6.42,93.53,0.00,0.00
325,0.02,0.00,0.00,0.00,0.00,0.00,0.00,0.00,0.03,0.00,0.00,0.00,0.00,3.41,0.05,0.00,59.46,37.04,0.00,0.00
326,0.15,0.04,0.67,0.25,0.03,0.06,0.00,0.68,0.55,0.00,0.22,0.00,0.01,6.98,55.83,1.97,2.47,30.09,0.00,0.00
327,0.00,0.00,0.16,0.04,0.02,0.02,0.00,0.19,0.02,0.00,0.84,0.00,0.04,0.00,0.00,0.00,7.00,91.65,0.00,0.00
328,0.32,0.01,0.49,0.09,0.00,0.00,0.00,0.18,0.48,0.00,0.11,0.00,0.03,1.86,27.43,2.47,1.54,64.98,0.00,0.00
329,0.13,0.04,0.06,0.14,1.44,0.15,0.01,0.04,0.55,0.11,0.37,0.01,0.00,0.73,0.04,0.02,0.70,55.94,39.53,0.00
330,0.03,0.00,0.55,0.04,0.00,0.00,0.00,0.00,0.17,0.00,0.00,0.00,0.00,2.92,0.01,0.00,0.00,96.27,0.00,0.00
331,0.26,0.00,0.21,0.27,0.02,0.17,0.00,0.26,1.37,0.00,0.35,0.00,0.00,0.36,0.39,0.47,3.44,92.43,0.00,0.00
332,0.31,0.03,0.31,0.04,0.01,0.00,0.00,0.00,1.23,0.00,0.00,0.00,0.00,0.89,3.49,0.74,0.00,92.23,0.73,0.00
333,0.04,0.01,0.25,0.00,0.00,0.00,0.00,0.00,0.02,0.00,0.00,0.00,0.00,7.27,0.11,0.01,83.24,9.05,0.00,0.00
334,0.37,0.00,0.23,0.00,0.00,0.00,0.00,0.00,0.01,0.00,0.00,0.00,0.01,0.23,0.05,0.03,24.68,74.39,0.00,0.00
335,0.17,0.88,0.23,0.09,0.09,0.09,0.05,0.17,0.10,0.02,1.05,0.00,2.25,0.08,0.10,0.00,0.00,94.63,0.00,0.00
336,0.00,0.00,0.15,0.00,0.00,0.00,0.00,0.00,0.00,0.00,0.00,0.00,0.00,0.00,0.00,0.00,0.00,98.09,1.75,0.00
337,0.59,0.00,2.28,5.84,1.66,0.65,7.99,3.24,1.32,4.35,0.84,0.03,0.07,52.83,0.29,0.00,11.40,6.61,0.00,0.00
338,0.00,0.00,0.19,0.00,0.00,0.00,0.00,0.00,0.00,0.00,0.00,0.00,0.00,0.00,0.00,0.01,0.57,99.01,0.21,0.00
339,0.00,0.00,0.00,0.00,0.00,0.00,0.00,0.00,0.00,0.00,0.00,0.00,0.00,0.00,0.00,0.00,47.51,52.49,0.00,0.00
340,0.57,0.00,0.49,0.04,0.01,0.00,0.00,0.16,0.36,0.00,0.11,0.00,0.00,3.79,0.21,0.08,11.76,82.41,0.00,0.00
341,0.20,0.00,0.11,0.02,0.03,0.00,0.00,0.00,0.12,0.00,0.00,0.00,1.92,0.00,0.00,0.00,0.00,66.83,30.77,0.00
342,1.00,0.00,0.72,0.19,0.06,0.10,0.00,0.55,0.35,0.00,0.61,0.02,0.00,1.14,0.04,4.39,60.89,29.95,0.00,0.00
343,0.10,0.00,0.34,0.04,0.00,0.00,0.00,0.07,0.17,0.00,0.06,0.03,0.00,2.65,2.15,1.70,39.22,53.46,0.00,0.00
344,0.19,1.57,0.46,0.28,0.02,0.04,0.12,0.64,0.41,0.00,0.91,0.00,0.00,56.82,4.21,1.75,7.24,25.33,0.00,0.00
345,0.09,0.05,0.72,0.15,0.04,0.00,0.00,0.37,0.24,0.00,0.18,0.00,0.00,9.95,29.94,0.66,2.11,55.50,0.00,0.00
346,0.76,0.78,0.14,0.01,0.00,0.00,0.00,0.00,0.10,0.00,0.00,0.00,0.00,0.03,0.33,0.00,0.01,97.85,0.00,0.00
347,0.02,0.00,0.00,0.00,0.00,0.00,0.00,0.00,0.01,0.00,0.00,0.00,0.00,0.00,0.00,0.00,18.13,81.83,0.00,0.00
348,0.00,0.00,0.00,0.00,0.00,0.00,0.00,0.00,0.00,0.00,0.00,0.00,0.00,0.03,0.00,0.04,16.61,83.31,0.00,0.00
349,0.04,0.00,0.08,0.00,0.00,0.00,0.00,0.00,0.07,0.00,0.00,0.00,0.00,1.54,0.30,0.01,1.12,70.01,26.81,0.00
350,0.12,0.00,0.14,0.00,0.00,0.00,0.00,0.00,0.02,0.00,0.00,0.00,0.00,0.00,0.00,0.00,13.57,86.16,0.00,0.00
351,0.00,0.00,0.32,0.03,0.00,0.00,0.00,0.05,0.14,0.00,0.38,0.00,0.00,2.35,6.21,0.20,7.75,72.84,9.72,0.00
352,0.33,0.01,1.78,2.81,0.60,0.35,3.56,5.81,1.66,4.04,3.30,0.15,0.00,3.33,17.43,4.99,16.95,32.90,0.00,0.00
353,0.01,0.00,0.00,0.00,0.00,0.00,0.00,0.00,0.13,0.00,0.00,0.00,0.15,0.03,1.86,0.16,0.98,96.67,0.00,0.00
354,0.01,0.00,0.00,0.00,0.00,0.00,0.00,0.00,0.00,0.00,0.00,0.00,0.00,0.06,0.00,0.00,34.84,63.41,1.68,0.00
355,0.63,0.02,0.74,0.12,0.05,0.20,0.11,0.16,0.65,0.01,0.09,0.00,0.00,44.11,0.22,0.24,45.55,7.10,0.00,0.00
356,0.00,0.00,0.00,0.00,0.00,0.00,0.00,0.00,0.01,0.00,0.00,0.00,0.00,0.00,0.02,0.00,1.04,98.02,0.90,0.00
357,0.17,0.00,0.72,0.62,0.13,0.04,0.16,1.08,1.67,0.00,1.47,0.00,0.22,0.07,0.01,0.48,30.17,62.96,0.00,0.00
358,1.44,0.01,0.37,0.27,0.03,0.14,0.06,0.44,0.82,0.84,0.18,0.00,0.15,3.37,3.50,4.71,49.21,34.46,0.00,0.00
359,0.01,0.00,0.03,0.00,0.00,0.00,0.00,0.00,0.15,0.00,0.00,0.00,0.00,4.68,0.15,1.09,61.07,32.83,0.00,0.00
360,0.14,0.08,0.16,0.03,0.00,0.00,0.00,0.11,0.15,0.00,0.01,0.00,0.00,0.37,14.34,0.97,23.63,59.20,0.78,0.00
361,1.44,0.05,0.00,0.00,0.00,0.00,0.00,0.00,0.00,0.00,0.00,0.00,0.03,0.01,0.16,0.00,0.09,78.28,19.94,0.00
362,0.00,0.00,0.00,0.00,0.00,0.00,0.00,0.00,0.00,0.00,0.00,0.00,0.00,0.00,0.00,0.00,0.00,92.16,7.84,0.00
363,2.20,0.01,0.18,0.32,2.72,0.26,0.65,0.63,0.22,1.39,0.41,0.09,0.05,0.01,0.03,0.05,30.16,60.61,0.00,0.00
364,0.03,0.00,0.08,0.00,0.00,0.00,0.00,0.00,0.00,0.00,0.00,0.00,0.00,0.00,0.00,0.00,0.00,92.72,7.17,0.00
365,0.01,0.00,0.09,0.00,0.00,0.00,0.00,0.00,0.01,0.00,0.05,0.00,0.00,0.00,0.00,0.00,54.37,45.46,0.00,0.00
366,0.67,0.00,0.05,0.01,0.00,0.00,0.00,0.03,0.26,0.00,0.04,0.00,0.00,50.81,0.20,0.20,29.75,17.99,0.00,0.00
367,0.00,0.00,0.01,0.00,0.00,0.00,0.00,0.00,0.02,0.00,0.00,0.00,0.00,0.11,0.00,0.00,8.08,91.79,0.00,0.00
368,0.19,0.00,0.25,0.06,0.05,0.21,0.00,0.34,0.29,0.00,3.88,0.00,2.07,49.96,0.42,0.75,13.19,28.33,0.00,0.00
369,0.09,0.12,0.48,0.08,0.00,0.00,0.00,0.22,0.34,0.00,0.07,0.00,0.01,17.57,33.76,0.57,7.20,39.47,0.00,0.00
370,5.30,0.92,0.24,0.08,0.00,0.03,0.00,0.20,0.20,0.00,0.07,0.00,0.00,48.28,0.74,1.22,19.49,23.22,0.00,0.00
371,0.00,0.00,0.00,0.00,0.02,0.00,0.00,0.00,0.02,0.00,0.00,0.00,0.00,0.00,0.00,0.00,0.07,99.89,0.00,0.00
372,0.52,0.00,0.19,0.03,0.00,0.01,0.00,0.22,0.38,0.00,0.49,0.00,0.00,4.31,1.60,0.57,30.09,61.59,0.00,0.00
373,0.03,0.01,0.05,0.00,0.00,0.00,0.00,0.00,0.04,0.00,0.00,0.00,0.00,1.71,0.57,0.07,93.76,3.76,0.00,0.00
374,0.08,0.00,0.10,0.02,0.00,0.00,0.00,0.09,0.06,0.00,1.14,0.00,0.00,0.01,0.13,0.02,0.01,98.35,0.00,0.00
375,1.65,0.09,0.33,0.09,0.03,0.06,0.00,0.34,0.23,0.00,0.62,0.00,0.00,43.52,0.54,1.43,47.22,3.87,0.00,0.00
