uniqid_huc10,NWALT12_11_huc10,NWALT12_12_huc10,NWALT12_21_huc10,NWALT12_22_huc10,NWALT12_23_huc10,NWALT12_24_huc10,NWALT12_25_huc10,NWALT12_26_huc10,NWALT12_27_huc10,NWALT12_31_huc10,NWALT12_32_huc10,NWALT12_33_huc10,NWALT12_41_huc10,NWALT12_43_huc10,NWALT12_44_huc10,NWALT12_45_huc10,NWALT12_46_huc10,NWALT12_50_huc10,NWALT12_60_huc10,NWALT12_9999_huc10
1,0.04,0.00,12.29,20.46,23.32,5.31,36.71,0.62,0.55,0.71,0.00,0.00,0.01,0.00,0.00,0.00,0.00,0.00,0.00,0.00
2,0.00,0.00,0.00,0.00,0.29,0.00,0.00,0.00,0.02,0.00,0.00,0.00,0.00,0.00,0.00,0.00,0.37,99.31,0.00,0.00
3,0.05,0.00,0.25,0.00,0.05,0.00,0.00,0.03,0.51,0.00,0.03,0.00,0.00,76.55,0.02,0.00,19.73,2.76,0.00,0.00
4,0.00,0.00,0.32,0.02,0.00,0.00,0.00,0.00,0.02,0.00,0.00,0.00,0.00,0.00,0.00,0.00,0.06,83.60,15.98,0.00
5,0.01,0.00,0.03,0.00,0.00,0.00,0.00,0.00,0.14,0.00,0.00,0.00,0.00,69.43,12.59,0.00,14.53,3.28,0.00,0.00
6,0.01,0.00,0.26,0.00,0.00,0.00,0.00,0.01,0.01,0.00,0.25,0.00,0.01,0.00,0.00,0.00,2.57,96.87,0.00,0.00
7,0.21,0.01,0.21,0.00,0.16,0.00,0.00,0.00,0.20,0.00,0.00,0.00,0.00,56.28,0.00,0.05,26.42,16.45,0.00,0.00
8,0.02,0.00,0.26,0.00,0.00,0.00,0.00,0.00,0.07,0.00,0.00,0.00,0.00,21.01,0.00,0.05,77.30,1.29,0.00,0.00
9,0.00,0.00,0.00,0.00,0.00,0.00,0.00,0.00,0.00,0.00,0.00,0.00,0.00,0.00,0.00,0.00,1.71,98.28,0.00,0.00
10,0.02,0.00,0.00,0.00,0.00,0.00,0.00,0.00,0.01,0.00,0.00,0.00,0.00,0.04,0.00,0.00,3.10,96.84,0.00,0.00
11,0.00,0.00,0.00,0.00,0.00,0.00,0.00,0.00,0.00,0.00,0.00,0.00,0.00,0.00,0.01,0.00,24.57,75.43,0.00,0.00
12,0.00,0.00,0.13,0.00,0.00,0.00,0.00,0.00,0.01,0.00,0.00,0.00,0.17,0.00,0.00,0.00,0.11,94.16,5.42,0.00
13,0.19,0.05,1.37,3.18,0.98,0.75,4.61,14.34,1.21,12.94,9.76,0.16,0.51,0.46,0.22,0.12,0.41,48.74,0.00,0.00
14,0.00,0.00,0.37,0.01,0.01,0.00,0.00,0.00,0.19,0.00,0.00,0.09,0.01,1.80,0.09,0.00,0.00,56.55,40.86,0.00
15,0.01,0.00,0.18,0.02,0.00,0.00,0.00,0.03,0.01,0.00,2.10,0.00,0.00,0.00,0.00,0.00,0.97,96.68,0.00,0.00
16,1.06,0.02,1.16,0.50,0.71,0.06,0.61,0.99,0.63,0.00,0.32,0.18,0.01,58.38,8.93,3.44,16.21,6.78,0.00,0.00
17,0.34,0.00,0.08,0.00,0.00,0.00,0.00,0.00,0.00,0.00,0.00,0.00,0.00,0.00,0.00,0.01,2.10,6.60,90.88,0.00
18,0.07,0.00,0.07,0.00,0.00,0.00,0.00,0.00,0.16,0.00,0.00,0.00,0.00,45.66,0.00,0.07,51.53,2.43,0.00,0.00
19,0.01,0.09,0.14,0.00,0.00,0.00,0.00,0.00,0.01,0.00,0.00,0.00,0.00,0.00,0.00,0.00,27.00,72.74,0.00,0.00
20,1.50,0.02,0.81,0.96,0.30,0.38,0.05,3.10,1.50,0.01,9.55,0.00,0.42,3.79,27.74,2.52,2.44,44.90,0.00,0.00
21,0.11,0.00,0.00,0.00,0.00,0.00,0.00,0.00,0.01,0.00,0.00,0.00,0.00,0.00,0.00,0.00,0.00,99.88,0.00,0.00
22,0.00,0.00,0.00,0.00,0.00,0.00,0.00,0.00,0.00,0.00,0.00,0.00,0.00,0.00,0.00,0.00,46.98,53.02,0.00,0.00
23,0.55,0.03,0.92,0.38,0.01,0.18,0.34,0.59,0.28,0.00,0.52,0.00,0.01,72.50,3.66,0.27,11.63,8.14,0.00,0.00
24,0.32,2.15,0.67,0.56,0.53,0.49,0.43,3.64,1.51,0.10,10.51,0.14,0.00,16.16,0.97,0.09,1.37,59.02,1.36,0.00
25,0.09,0.00,0.55,0.02,0.01,0.00,0.00,0.06,0.03,0.00,0.61,0.00,0.22,0.00,0.00,0.00,0.54,97.87,0.00,0.00
26,0.04,0.00,0.01,0.00,0.00,0.00,0.00,0.00,0.03,0.00,0.00,0.00,0.00,1.73,0.59,0.02,77.95,19.63,0.00,0.00
27,0.00,0.07,0.00,0.00,0.00,0.01,0.00,0.00,0.01,0.00,0.00,0.00,0.00,0.00,0.00,0.00,0.04,76.70,23.18,0.00
28,0.01,0.00,0.03,0.00,0.00,0.00,0.00,0.00,0.02,0.00,0.00,0.00,0.00,0.09,0.25,0.01,3.68,95.92,0.00,0.00
29,0.04,0.00,0.15,0.01,0.00,0.00,0.00,0.02,0.24,0.00,0.01,0.00,0.00,28.22,0.00,0.00,65.07,6.23,0.00,0.00
30,0.76,0.00,0.31,0.01,0.22,0.00,0.00,0.00,0.10,0.00,0.00,0.00,0.01,19.03,0.05,2.08,66.99,10.43,0.00,0.00
31,0.11,0.03,1.02,0.00,0.00,0.00,0.00,0.00,0.01,0.00,0.00,0.00,0.13,0.00,0.00,0.00,0.08,92.21,0.00,6.39
32,0.00,0.00,0.05,0.06,0.00,0.16,0.10,0.56,0.65,0.08,2.09,0.00,0.25,1.54,0.82,0.27,17.96,75.42,0.00,0.00
33,0.00,0.00,0.09,0.01,0.00,0.00,0.00,0.07,0.82,0.00,0.53,0.00,0.00,4.79,0.00,0.16,41.53,52.00,0.00,0.00
34,0.04,0.00,0.55,0.05,0.31,0.03,0.00,0.00,0.54,0.00,0.00,0.00,0.01,0.00,0.00,0.00,0.00,98.47,0.00,0.00
35,0.09,0.30,0.19,0.02,0.00,0.00,0.00,0.00,0.29,0.00,0.00,0.00,0.00,0.53,0.14,3.08,8.49,86.86,0.00,0.00
36,0.34,0.00,0.57,0.26,0.01,0.07,0.01,0.66,0.37,0.01,0.36,0.04,0.00,3.54,1.84,0.88,50.75,40.31,0.00,0.00
37,0.06,0.00,0.14,0.00,0.00,0.00,0.00,0.00,0.00,0.00,0.00,0.00,0.00,0.06,1.19,0.67,21.58,67.09,9.20,0.00
38,0.95,0.00,0.51,0.15,0.14,0.04,0.08,0.33,0.25,0.00,0.35,0.00,0.01,46.21,0.22,3.22,35.89,11.63,0.00,0.00
39,3.69,0.00,0.66,0.50,0.03,0.32,0.10,2.14,0.56,0.00,5.20,0.00,0.01,1.56,10.76,3.98,35.67,34.83,0.00,0.00
40,0.00,0.00,0.00,0.00,0.00,0.00,0.00,0.00,0.00,0.00,0.00,0.00,0.00,0.00,0.00,0.00,0.00,0.34,98.69,0.97
41,0.45,0.00,0.51,0.07,0.35,0.00,0.00,0.56,0.35,0.00,0.48,0.01,0.00,38.14,0.07,7.74,35.36,15.90,0.00,0.00
42,0.76,0.00,0.08,0.00,0.00,0.00,0.00,0.00,0.21,0.00,0.00,0.00,0.00,36.92,0.33,2.27,31.80,27.63,0.00,0.00
43,0.31,0.10,0.55,0.03,0.03,0.00,0.00,0.00,0.16,0.00,0.01,0.00,0.00,0.00,0.22,0.00,3.77,94.81,0.00,0.00
44,0.00,0.00,0.00,0.00,0.00,0.00,0.00,0.00,0.00,0.00,0.00,0.00,0.00,0.00,0.00,0.00,38.10,61.49,0.41,0.00
45,0.03,0.00,0.00,0.00,0.00,0.00,0.00,0.00,0.02,0.00,0.00,0.00,0.00,0.42,0.00,0.00,0.09,88.51,10.93,0.00
46,1.82,0.14,0.34,0.28,0.02,0.09,0.40,0.13,0.27,0.02,0.07,0.00,0.00,37.48,0.03,0.49,56.05,2.38,0.00,0.00
47,5.08,0.00,1.67,4.26,4.56,3.43,8.08,9.97,0.77,8.49,29.40,0.00,0.22,0.25,2.46,9.76,5.47,6.13,0.00,0.00
48,0.01,0.00,0.00,0.00,0.00,0.00,0.00,0.17,0.02,0.00,0.57,0.00,0.00,0.09,0.00,0.24,6.16,65.17,27.57,0.00
49,0.07,0.01,0.83,0.59,0.05,0.04,0.05,2.77,0.95,0.00,10.54,0.00,1.79,11.86,32.75,2.03,4.36,31.30,0.00,0.00
50,0.14,0.00,0.19,0.66,1.94,0.21,1.26,1.69,0.42,0.43,3.13,0.20,0.01,0.04,0.00,0.00,0.07,87.13,2.46,0.00
51,0.53,0.18,0.02,0.00,0.41,0.00,0.00,0.00,0.21,0.00,0.00,0.02,0.00,3.69,0.98,0.03,9.65,82.89,1.39,0.00
52,0.44,0.15,0.41,0.06,0.01,0.00,0.00,0.12,0.23,0.00,0.09,0.00,0.00,50.01,0.03,1.51,43.72,3.22,0.00,0.00
53,0.02,0.00,0.05,0.00,0.00,0.01,0.00,0.00,0.00,0.00,0.00,0.00,0.00,0.00,0.07,0.00,1.26,98.60,0.00,0.00
54,0.00,0.00,0.19,0.03,0.00,0.00,0.00,0.00,0.06,0.00,0.00,0.00,0.00,0.74,0.15,0.80,1.04,93.49,3.51,0.00
55,0.00,0.00,0.01,0.00,0.00,0.00,0.00,0.00,0.04,0.00,0.00,0.00,0.00,0.05,0.30,1.50,0.13,95.04,2.92,0.00
56,0.00,0.00,0.00,0.00,0.00,0.00,0.00,0.00,0.00,0.00,0.00,0.00,0.00,0.08,0.00,0.00,24.17,68.09,7.67,0.00
57,0.00,0.01,0.10,0.01,0.00,0.00,0.00,0.00,0.13,0.00,0.00,0.00,0.01,0.05,0.73,0.07,6.35,92.54,0.00,0.00
58,0.13,0.00,0.36,0.02,0.00,0.00,0.00,0.01,0.35,0.00,0.01,0.00,0.00,3.26,0.08,0.11,11.51,84.18,0.00,0.00
59,0.01,0.00,0.76,0.09,0.65,0.06,0.00,0.90,0.52,0.00,3.67,0.03,0.15,34.80,0.01,0.04,35.09,23.24,0.00,0.00
60,0.00,0.00,0.09,0.01,0.00,0.00,0.00,0.00,0.13,0.00,0.00,0.00,0.00,0.00,0.00,0.00,0.00,98.02,1.75,0.00
61,0.04,0.00,0.30,0.01,0.00,0.00,0.00,0.00,0.21,0.00,0.01,0.00,0.00,15.66,10.20,3.16,16.48,53.93,0.00,0.00
62,0.02,0.00,0.00,0.00,0.00,0.00,0.00,0.00,0.01,0.00,0.00,0.00,0.00,0.01,0.10,0.00,0.28,99.59,0.00,0.00
63,0.02,0.00,0.38,0.02,0.00,0.00,0.00,0.05,0.15,0.00,0.33,0.00,0.00,0.58,0.04,0.00,17.76,80.67,0.00,0.00
64,0.00,0.00,0.00,0.00,0.00,0.00,0.00,0.00,0.00,0.00,0.00,0.00,0.00,0.00,0.00,0.00,17.69,82.16,0.00,0.14
65,2.71,0.79,0.49,0.07,0.17,0.02,0.00,0.09,0.58,0.00,0.06,0.00,0.08,0.47,36.64,1.57,0.23,56.03,0.00,0.00
66,0.01,0.00,0.22,0.02,0.00,0.00,0.00,0.00,0.20,0.00,0.00,0.00,0.00,4.60,31.20,0.38,35.73,27.64,0.00,0.00
67,0.01,0.00,0.07,0.00,0.00,0.00,0.00,0.07,0.10,0.00,1.10,0.00,0.00,0.01,0.96,0.01,4.85,88.02,4.80,0.00
68,0.00,0.00,0.16,0.00,0.00,0.00,0.00,0.00,0.03,0.00,0.00,0.00,0.00,0.04,0.00,0.01,69.58,30.16,0.00,0.00
69,1.23,0.32,0.16,0.00,0.01,0.00,0.00,0.00,0.03,0.00,0.00,0.03,0.01,0.00,0.30,0.00,0.07,80.00,17.84,0.00
70,0.05,0.01,0.26,0.03,0.05,0.02,0.00,0.18,0.24,0.00,0.35,0.00,0.02,18.67,0.00,0.80,66.82,12.49,0.00,0.00
71,0.00,0.00,0.22,0.00,0.04,0.00,0.00,0.00,0.00,0.00,0.00,0.09,0.01,0.00,0.00,0.00,11.24,88.40,0.00,0.00
72,0.00,0.00,0.18,0.07,0.02,0.00,0.00,0.29,0.20,0.00,0.27,0.00,0.00,1.54,0.06,0.01,8.39,88.97,0.00,0.00
73,0.01,0.13,0.86,0.73,0.07,0.14,0.70,1.01,0.83,0.06,1.13,0.03,0.09,22.58,31.76,0.83,1.02,38.03,0.00,0.00
74,0.02,0.00,0.00,0.00,0.00,0.00,0.00,0.00,0.02,0.00,0.00,0.00,0.00,0.00,0.00,0.00,0.12,65.07,34.55,0.22
75,0.72,0.01,0.12,0.02,0.04,0.00,0.00,0.12,0.32,0.00,0.02,0.00,0.10,59.43,0.15,2.90,28.75,7.29,0.00,0.00
76,0.61,0.00,0.63,0.30,0.01,0.21,0.33,0.62,0.64,0.04,2.30,0.00,0.00,1.91,24.34,0.31,0.35,62.83,4.57,0.00
77,0.03,0.04,1.23,3.13,1.78,1.47,5.13,3.07,1.23,4.64,3.63,0.04,0.08,1.92,1.41,0.23,5.07,65.56,0.30,0.00
78,0.23,0.24,0.61,0.00,0.00,0.00,0.00,0.00,0.18,0.00,0.00,0.00,0.00,53.70,0.22,0.10,32.64,12.07,0.00,0.00
79,0.00,0.00,0.30,0.03,0.02,0.00,0.00,0.15,0.10,0.00,1.62,0.00,0.01,0.95,0.00,0.00,0.07,89.27,7.50,0.00
80,0.00,0.00,0.00,0.00,0.00,0.00,0.00,0.00,0.00,0.00,0.00,0.00,0.00,0.00,0.00,0.00,7.82,92.18,0.00,0.00
81,6.70,0.32,0.20,0.07,0.01,0.02,0.00,0.04,0.67,0.00,0.37,0.00,0.01,24.66,4.63,3.00,43.51,15.80,0.00,0.00
82,2.44,0.07,0.67,0.54,0.14,0.37,1.05,2.16,0.74,0.34,4.74,0.00,0.02,52.30,3.25,1.98,18.89,10.32,0.00,0.00
83,0.00,0.00,0.25,0.01,0.01,0.00,0.00,0.00,0.02,0.00,0.00,0.00,0.00,0.00,0.00,0.00,1.61,98.11,0.00,0.00
84,0.91,0.20,1.80,6.29,0.89,2.82,10.92,22.17,1.69,10.53,17.51,0.00,0.00,2.30,0.79,0.17,0.31,20.69,0.00,0.00
85,0.00,0.00,0.00,0.00,0.00,0.00,0.00,0.00,0.00,0.00,0.00,0.00,0.00,0.00,0.00,0.00,0.00,2.11,97.89,0.00
86,0.67,0.00,0.39,0.03,0.00,0.00,0.00,0.07,0.43,0.00,0.28,0.00,0.00,23.10,0.26,0.02,6.58,68.16,0.00,0.00
87,0.26,0.00,0.23,0.01,0.00,0.00,0.00,0.01,0.27,0.00,0.00,0.00,0.00,26.88,0.85,6.99,37.71,26.79,0.00,0.00
88,0.32,0.00,0.45,0.02,0.00,0.00,0.00,0.13,0.33,0.00,0.12,0.00,0.00,8.46,0.02,5.67,37.51,46.97,0.00,0.00
89,0.21,0.03,0.22,0.04,0.02,0.00,0.00,0.15,0.22,0.00,1.88,0.01,0.00,2.30,0.09,0.04,4.07,88.66,2.06,0.00
90,0.00,0.00,0.00,0.00,0.00,0.00,0.00,0.00,0.00,0.00,0.00,0.00,0.00,0.00,0.00,0.00,1.04,98.96,0.00,0.00
91,0.00,0.00,0.18,0.00,0.00,0.00,0.00,0.00,0.01,0.00,0.00,0.00,0.06,0.00,0.00,0.00,0.76,70.20,28.79,0.00
92,0.01,0.00,0.44,0.00,0.03,0.00,0.00,0.00,0.22,0.00,0.00,0.00,0.03,7.39,0.00,3.31,81.42,7.16,0.00,0.00
93,0.60,0.01,0.55,1.68,0.04,1.70,6.93,4.30,1.87,0.48,8.36,0.01,0.00,0.42,2.02,0.68,0.00,46.30,24.06,0.00
94,0.31,0.00,0.15,0.00,0.00,0.00,0.00,0.00,0.12,0.00,0.00,0.00,0.05,32.71,0.01,0.18,40.05,26.42,0.00,0.00
95,0.00,0.00,0.00,0.00,0.01,0.00,0.00,0.00,0.02,0.00,0.00,0.00,0.00,0.00,0.00,0.00,0.35,99.61,0.00,0.00
96,1.66,0.00,0.20,0.07,0.04,0.06,0.00,0.24,0.48,0.00,0.10,0.00,0.05,11.34,7.66,7.16,40.84,30.10,0.00,0.00
97,0.00,0.00,0.00,0.01,0.00,0.00,0.00,0.00,0.05,0.00,0.00,0.00,0.00,0.00,0.00,0.00,3.63,96.32,0.00,0.00
98,0.15,0.00,0.22,0.01,0.00,0.00,0.00,0.02,0.16,0.00,0.06,0.00,0.00,3.29,0.15,0.07,0.78,95.11,0.00,0.00
99,3.91,0.09,0.51,0.14,0.01,0.02,0.00,0.55,0.76,0.00,0.51,0.00,0.00,20.68,20.14,14.81,21.90,15.96,0.00,0.00
100,0.00,0.00,0.01,0.00,0.00,0.00,0.00,0.00,0.01,0.00,0.00,0.00,0.19,0.00,0.00,0.00,0.11,35.81,63.87,0.00
101,0.18,0.01,0.00,0.00,0.00,0.01,0.00,0.00,0.00,0.00,0.00,0.00,0.00,0.00,0.00,0.00,0.03,96.35,3.41,0.00
102,0.23,0.00,1.65,8.50,0.32,6.13,15.56,19.34,0.98,2.55,19.14,0.01,0.00,3.62,0.28,0.00,1.07,20.61,0.00,0.00
103,0.01,0.00,0.33,0.00,0.00,0.00,0.00,0.00,0.02,0.00,0.00,0.00,0.00,0.00,0.01,0.00,0.18,99.45,0.00,0.00
104,0.02,0.00,0.45,0.05,0.01,0.32,0.00,1.66,0.67,0.00,3.39,0.00,0.00,1.72,0.04,0.32,2.11,64.26,24.98,0.00
105,0.04,0.00,0.53,0.04,0.00,0.00,0.00,0.21,0.08,0.00,0.17,0.00,0.00,0.00,0.00,0.01,0.83,98.09,0.00,0.00
106,0.13,0.00,0.44,0.10,0.00,0.02,0.00,0.26,0.15,0.00,0.15,0.00,0.01,32.49,0.01,0.04,22.44,43.78,0.00,0.00
107,0.10,0.00,0.04,0.00,0.00,0.00,0.00,0.00,0.04,0.00,0.00,0.00,0.00,3.80,0.00,0.00,23.25,72.77,0.00,0.00
108,0.05,0.00,0.35,0.00,0.00,0.01,0.00,0.00,0.00,0.00,0.00,0.00,0.00,0.00,0.00,0.00,0.28,82.62,16.69,0.00
109,0.05,0.01,0.17,0.00,0.00,0.00,0.00,0.02,0.01,0.00,0.02,0.00,0.01,0.01,0.01,0.00,0.76,98.92,0.00,0.00
110,0.00,0.00,0.58,0.00,0.00,0.00,0.00,0.00,0.02,0.00,0.00,0.00,0.00,0.00,0.00,0.00,98.28,1.12,0.00,0.00
111,0.09,0.00,0.35,0.06,0.18,0.00,0.00,0.00,0.40,0.00,0.00,0.03,2.58,42.34,1.92,2.21,18.19,31.65,0.00,0.00
112,0.02,0.00,0.55,0.25,0.01,0.13,0.12,0.68,0.12,0.04,10.03,0.00,0.00,0.16,1.16,0.45,2.27,82.98,1.02,0.00
113,0.03,0.01,0.48,0.04,0.00,0.00,0.00,0.21,0.07,0.00,0.66,0.00,0.00,0.26,1.34,0.01,17.01,79.88,0.00,0.00
114,0.02,0.00,0.37,0.00,0.00,0.00,0.00,0.00,0.06,0.00,0.00,0.00,0.00,2.52,0.00,0.00,2.40,93.26,1.37,0.00
115,0.24,0.00,0.47,0.01,0.00,0.00,0.00,0.04,0.08,0.00,0.03,0.00,0.00,1.47,0.01,0.03,0.29,97.22,0.11,0.00
116,0.14,0.00,0.02,0.00,0.16,0.00,0.00,0.00,0.07,0.00,0.00,0.00,0.01,6.33,0.00,0.02,5.18,88.08,0.00,0.00
117,0.74,0.00,0.21,0.10,0.12,0.14,0.00,0.67,0.42,0.00,5.40,0.00,0.00,3.42,11.85,7.24,25.81,43.88,0.00,0.00
118,0.13,0.00,0.09,0.01,0.00,0.00,0.00,0.00,0.04,0.00,0.00,0.00,0.01,0.00,0.05,0.01,15.15,84.50,0.00,0.00
119,0.36,0.00,0.14,0.00,0.00,0.00,0.00,0.00,0.01,0.00,0.00,0.00,0.03,0.13,0.00,0.00,21.16,78.01,0.14,0.00
120,1.69,0.31,0.07,0.01,0.00,0.00,0.00,0.00,0.31,0.00,0.00,0.00,0.00,2.78,16.64,1.69,26.86,49.65,0.00,0.00
121,0.41,0.00,0.09,0.00,0.00,0.00,0.00,0.00,0.06,0.00,0.01,0.00,0.00,0.02,0.66,0.44,27.75,70.57,0.00,0.00
122,0.00,0.00,0.02,0.02,0.00,0.00,0.00,0.00,0.03,0.00,0.00,0.00,0.00,0.00,0.00,0.00,0.00,85.67,14.26,0.00
123,0.00,0.00,0.00,0.00,0.00,0.00,0.00,0.00,0.00,0.00,0.00,0.00,0.00,0.00,0.03,0.00,3.77,94.67,1.53,0.00
124,0.32,0.00,0.26,0.10,0.08,0.01,0.00,0.25,0.38,0.00,0.08,0.00,0.00,9.41,0.61,0.03,12.27,76.19,0.00,0.00
125,0.00,0.00,0.15,0.00,0.02,0.00,0.00,0.00,0.03,0.00,0.00,0.00,0.00,0.68,0.00,0.00,0.17,98.95,0.00,0.00
126,0.01,0.00,0.76,0.06,0.08,0.02,0.00,0.00,0.11,0.00,0.06,0.00,0.05,0.24,0.14,1.58,20.06,76.83,0.00,0.00
127,0.29,0.00,0.42,0.12,0.10,0.01,0.10,0.17,0.44,0.14,0.16,0.19,0.02,74.08,0.02,0.06,16.68,7.00,0.00,0.00
128,0.67,0.04,0.46,0.19,0.02,0.27,0.17,1.63,0.50,0.02,3.22,0.00,0.00,0.09,0.01,0.04,0.00,85.57,7.10,0.00
129,0.01,0.00,0.00,0.00,0.00,0.00,0.00,0.00,0.02,0.00,0.00,0.00,0.00,0.10,0.00,0.00,7.80,92.06,0.00,0.00
130,0.00,0.00,0.30,0.00,0.27,0.00,0.00,0.00,0.06,0.00,0.00,0.00,0.00,0.00,0.00,0.00,0.39,98.98,0.00,0.00
131,0.01,0.00,0.11,0.00,0.00,0.00,0.00,0.00,0.01,0.00,0.00,0.00,0.00,0.00,0.00,0.00,11.28,88.58,0.00,0.00
132,0.01,0.00,0.77,0.03,0.01,0.00,0.00,0.00,0.10,0.00,0.00,0.00,0.14,0.07,0.00,0.00,15.53,83.34,0.00,0.00
133,0.16,0.00,0.77,0.15,0.13,0.00,0.00,0.05,0.53,0.00,0.01,0.00,1.62,45.97,2.51,1.00,30.17,16.92,0.00,0.00
134,0.07,0.00,0.72,0.61,0.40,0.00,0.00,0.01,0.42,0.00,0.00,0.00,0.00,80.09,1.57,0.82,10.84,4.48,0.00,0.00
135,0.11,0.00,0.61,0.03,0.32,0.00,0.00,0.03,0.08,0.00,0.21,0.07,0.32,0.00,0.00,0.00,10.52,87.70,0.00,0.00
136,0.58,0.01,0.76,0.10,0.01,0.07,0.00,0.35,0.24,0.00,0.23,0.00,0.00,36.26,3.90,4.69,46.72,6.08,0.00,0.00
137,0.67,0.00,0.46,0.13,0.05,0.02,0.03,0.38,0.45,0.04,0.83,0.00,0.00,9.62,0.44,5.21,45.80,35.88,0.00,0.00
138,0.02,0.00,0.00,0.00,0.00,0.00,0.00,0.00,0.02,0.00,0.00,0.00,0.00,0.00,0.05,0.00,0.93,98.98,0.00,0.00
139,0.01,0.00,0.60,0.01,0.01,0.00,0.00,0.00,0.02,0.00,0.00,0.00,0.00,0.02,0.00,0.00,8.20,91.14,0.00,0.00
140,0.15,0.00,0.65,0.30,0.87,0.01,0.14,0.42,0.19,0.00,0.82,0.00,8.61,0.00,0.00,0.00,0.00,87.82,0.00,0.00
141,0.33,0.01,0.83,0.86,0.16,0.09,0.79,0.87,0.68,0.06,0.94,0.03,0.00,36.30,32.83,0.41,0.00,24.73,0.00,0.06
142,0.01,0.00,0.56,0.32,0.13,0.53,0.50,0.14,0.11,0.03,1.43,0.01,0.03,0.01,0.00,0.00,0.00,89.93,6.27,0.00
143,0.42,0.00,0.10,0.00,0.00,0.00,0.00,0.00,0.00,0.00,0.00,0.00,0.00,0.07,0.00,0.00,50.83,48.58,0.00,0.00
144,0.04,0.00,0.00,0.01,0.00,0.00,0.00,0.00,0.01,0.00,0.00,0.00,0.00,0.00,0.00,0.00,10.04,85.22,4.69,0.00
145,0.72,0.00,0.98,1.88,0.29,0.53,3.35,2.38,0.58,0.12,6.60,0.14,0.00,0.17,0.03,0.00,0.39,80.74,0.00,1.10
146,0.00,0.00,0.13,0.00,0.00,0.00,0.00,0.00,0.15,0.00,0.00,0.00,0.00,27.32,0.00,0.00,68.74,3.65,0.00,0.00
147,0.02,0.00,0.02,0.00,0.00,0.00,0.00,0.00,0.17,0.00,0.00,0.00,0.00,0.13,1.41,0.46,0.00,85.03,12.77,0.00
148,0.03,0.00,0.20,0.00,0.01,0.00,0.00,0.00,0.03,0.00,0.00,0.00,0.81,0.02,0.02,0.00,8.58,90.30,0.00,0.00
149,0.06,0.00,0.48,0.12,0.00,0.08,0.00,0.78,0.74,0.00,4.41,0.00,0.03,6.52,1.37,0.00,0.05,75.43,9.92,0.00
150,0.33,0.00,0.40,0.43,0.18,0.08,0.22,0.66,0.28,0.00,1.04,0.00,0.01,49.83,0.01,0.79,24.19,21.54,0.00,0.00
151,6.87,0.00,1.84,1.79,0.41,0.73,1.22,6.07,0.59,3.52,8.99,0.20,0.26,28.95,5.05,3.40,22.18,7.94,0.00,0.00
152,0.06,0.00,0.00,0.00,0.00,0.00,0.00,0.00,0.00,0.00,0.00,0.00,0.00,0.32,0.00,0.00,73.79,25.81,0.00,0.00
153,0.06,0.01,0.46,0.02,0.00,0.00,0.00,0.03,0.27,0.00,0.00,0.00,0.04,0.06,12.32,1.05,6.63,79.04,0.00,0.00
154,0.59,0.00,0.34,0.05,0.02,0.00,0.00,0.22,0.45,0.00,0.16,0.00,0.20,19.74,41.79,4.14,12.24,20.08,0.00,0.00
155,1.24,0.07,0.25,0.08,0.01,0.03,0.01,0.11,0.23,0.00,0.06,0.01,0.00,66.19,0.02,0.38,28.70,2.60,0.00,0.00
156,0.19,0.35,0.14,0.02,0.00,0.00,0.00,0.07,0.20,0.00,0.01,0.00,0.17,8.64,41.05,0.85,1.67,46.64,0.00,0.00
157,0.94,0.01,0.28,0.01,0.03,0.01,0.00,0.01,0.17,0.00,0.02,0.00,0.00,0.13,0.14,0.18,0.56,54.89,42.63,0.00
158,0.55,0.04,0.92,0.54,0.12,0.09,0.24,1.88,0.45,0.06,4.27,0.01,0.06,5.41,2.01,0.20,24.08,52.91,6.17,0.00
159,0.15,0.00,0.57,0.10,0.00,0.05,0.00,0.26,0.09,0.00,0.13,0.00,0.00,0.35,0.19,0.10,0.33,97.69,0.00,0.00
160,0.02,0.00,1.56,0.15,1.02,0.17,0.00,0.25,0.21,0.00,4.72,0.24,0.03,0.00,0.00,0.01,1.42,90.20,0.00,0.00
161,0.14,0.00,0.12,0.00,0.00,0.00,0.00,0.00,0.06,0.00,0.00,0.00,0.00,0.83,0.66,1.46,30.12,66.60,0.00,0.00
162,0.06,0.03,0.22,0.00,0.02,0.00,0.00,0.00,0.20,0.00,0.00,0.00,0.01,11.85,0.01,0.09,51.46,36.05,0.00,0.00
163,0.18,0.41,0.28,0.10,0.01,0.02,0.00,0.32,0.19,0.00,0.20,0.00,0.00,68.88,0.01,0.44,26.27,2.69,0.00,0.00
164,0.03,0.00,0.29,0.02,0.02,0.00,0.00,0.04,0.05,0.00,0.16,0.00,0.00,0.22,4.20,0.87,12.37,81.74,0.00,0.00
165,0.06,0.52,1.94,0.15,0.08,0.00,0.00,0.24,0.40,0.04,0.12,0.00,0.00,11.75,47.44,0.80,5.15,31.31,0.00,0.00
166,0.00,0.00,0.20,0.00,0.00,0.00,0.00,0.00,0.00,0.00,0.00,0.00,0.02,0.00,0.00,0.00,65.22,34.56,0.00,0.00
167,0.02,0.00,0.00,0.00,0.00,0.00,0.00,0.00,0.00,0.00,0.00,0.00,0.00,0.00,0.00,0.00,0.00,16.42,83.56,0.00
168,0.26,0.04,4.63,14.63,5.09,5.43,29.22,7.81,0.88,3.02,6.56,0.01,0.07,0.04,0.01,0.00,0.11,22.20,0.00,0.00
169,1.42,0.00,0.77,0.23,0.10,0.03,0.00,1.56,0.36,0.00,0.87,0.00,0.00,51.91,0.05,6.29,29.75,6.67,0.00,0.00
170,0.24,0.02,1.60,3.93,0.39,4.27,8.95,6.79,1.83,2.99,3.41,0.00,0.08,0.23,0.21,0.12,0.03,59.02,5.87,0.00
171,0.73,0.02,0.07,0.08,0.01,0.02,0.00,0.29,0.33,0.00,0.13,0.07,0.00,7.60,0.66,5.30,32.35,52.35,0.00,0.00
172,0.12,0.00,0.13,0.01,0.00,0.10,0.00,0.30,0.05,0.00,0.82,0.00,0.00,0.01,0.02,0.00,0.08,90.43,7.92,0.00
173,0.12,0.00,3.70,3.44,1.58,1.24,4.83,1.73,0.73,2.13,0.20,0.01,0.03,4.83,0.13,0.04,5.17,70.09,0.00,0.00
174,0.05,0.00,0.06,0.00,0.17,0.00,0.00,0.00,0.07,0.00,0.00,0.00,0.03,7.72,0.00,0.44,59.10,32.35,0.00,0.00
175,0.00,0.00,0.01,0.00,0.00,0.00,0.00,0.00,0.00,0.00,0.00,0.00,0.00,0.00,0.00,0.00,0.00,1.20,98.79,0.00
176,0.00,0.00,0.24,0.01,0.00,0.03,0.00,0.03,0.14,0.00,0.25,0.00,0.00,9.50,0.91,0.01,0.55,82.16,6.17,0.00
177,0.02,0.31,0.33,0.02,0.02,0.00,0.00,0.00,0.03,0.00,0.00,0.00,0.00,0.00,0.01,0.00,11.00,88.27,0.00,0.00
178,0.00,0.00,0.00,0.00,0.00,0.00,0.00,0.00,0.01,0.00,0.00,0.00,0.00,0.00,0.14,0.00,32.65,67.19,0.00,0.00
179,0.01,0.00,0.37,0.00,0.00,0.02,0.00,0.00,0.16,0.00,0.03,0.00,0.00,15.45,0.01,0.01,6.73,77.22,0.00,0.00
180,0.00,0.00,0.28,0.00,0.00,0.00,0.00,0.00,0.19,0.00,0.00,0.00,0.00,19.95,0.98,0.57,11.37,66.66,0.00,0.00
181,0.00,0.00,0.64,0.17,0.00,0.00,0.00,0.13,0.12,0.00,0.27,0.00,0.00,0.00,0.00,0.00,1.30,96.81,0.57,0.00
182,0.11,0.00,0.00,0.00,0.00,0.00,0.00,0.00,0.01,0.00,0.00,0.00,0.01,0.21,0.00,0.00,89.36,10.29,0.00,0.00
183,0.34,0.00,0.39,0.02,0.02,0.01,0.00,0.00,0.27,0.00,0.01,0.00,0.00,3.03,0.65,0.13,6.42,88.70,0.00,0.00
184,0.00,0.00,0.73,1.02,0.04,0.23,0.41,7.46,0.63,0.15,27.05,0.01,0.00,0.00,0.00,0.00,1.12,32.33,28.83,0.00
185,0.01,0.00,0.00,0.00,0.00,0.00,0.00,0.00,0.06,0.00,0.00,0.00,0.00,0.00,0.00,0.00,0.09,99.83,0.00,0.00
186,0.00,0.00,0.10,0.00,0.00,0.00,0.00,0.00,0.00,0.00,0.00,0.00,0.00,0.00,0.00,0.00,0.24,54.30,45.34,0.00
187,2.43,0.00,2.41,5.00,2.58,0.63,5.26,7.33,1.07,4.76,7.91,0.01,0.04,15.59,25.86,4.90,7.09,7.13,0.00,0.00
188,0.44,0.08,0.35,0.02,0.00,0.00,0.00,0.04,0.15,0.00,0.03,0.00,0.00,41.54,2.92,0.20,51.98,2.25,0.00,0.00
189,0.03,0.00,0.06,0.00,0.00,0.00,0.00,0.00,0.01,0.00,0.00,0.00,0.02,0.01,0.06,0.00,3.60,96.21,0.00,0.00
190,0.09,0.00,0.05,0.00,0.00,0.00,0.00,0.00,0.11,0.00,0.00,0.00,0.00,13.67,0.00,0.76,35.00,50.31,0.00,0.00
191,0.04,0.04,0.09,0.01,0.01,0.00,0.00,0.00,0.38,0.00,0.00,0.00,0.13,4.72,17.83,0.06,0.79,75.91,0.00,0.00
192,0.00,0.00,0.20,0.00,0.00,0.00,0.00,0.00,0.04,0.00,0.00,0.00,0.01,0.60,0.00,0.00,0.08,99.07,0.00,0.00
193,0.02,0.00,0.10,0.00,0.00,0.00,0.00,0.00,0.03,0.00,0.00,0.00,0.01,0.00,0.35,0.21,6.00,84.19,9.08,0.00
194,8.15,0.00,0.38,0.31,0.16,0.12,0.65,1.52,0.62,0.00,2.38,0.00,0.00,0.00,3.76,0.11,12.57,69.16,0.00,0.10
195,2.64,30.75,0.16,0.08,0.00,0.06,0.00,0.25,0.39,0.00,0.03,0.00,0.00,16.00,13.08,0.22,0.42,35.93,0.00,0.00
196,0.30,0.00,0.52,0.35,0.08,0.03,0.31,2.03,0.28,0.19,7.68,0.00,1.24,0.60,0.20,0.18,2.08,61.89,22.03,0.00
197,0.00,0.00,0.00,0.00,0.00,0.00,0.00,0.00,0.01,0.00,0.00,0.00,0.00,0.01,0.00,0.00,6.70,93.28,0.00,0.00
198,0.02,0.00,0.24,0.01,0.00,0.00,0.00,0.00,0.02,0.00,0.00,0.00,0.06,0.00,0.01,0.00,11.64,88.01,0.00,0.00
199,0.88,0.00,0.00,0.00,0.00,0.00,0.00,0.00,0.02,0.00,0.00,0.00,0.06,0.00,0.00,0.02,5.29,33.18,60.55,0.00
200,0.21,0.00,0.23,0.00,0.00,0.00,0.00,0.00,0.01,0.00,0.00,0.00,0.00,0.00,0.00,0.00,96.27,3.29,0.00,0.00
201,0.02,0.00,0.00,0.00,0.00,0.00,0.00,0.00,0.02,0.00,0.00,0.00,0.00,0.04,0.00,0.00,47.53,52.39,0.00,0.00
202,0.00,0.00,0.00,0.00,0.00,0.00,0.00,0.00,0.04,0.00,0.00,0.00,0.00,0.00,0.00,0.00,0.00,99.57,0.39,0.00
203,0.29,0.07,0.17,0.27,0.05,0.24,0.25,0.38,0.43,0.09,1.96,0.01,0.01,11.27,0.35,0.02,0.15,84.00,0.00,0.00
204,0.08,0.01,0.45,0.03,0.15,0.00,0.00,0.13,0.18,0.00,0.21,0.01,0.01,12.50,0.01,1.24,55.17,29.83,0.00,0.00
205,0.08,0.00,0.57,0.02,0.00,0.00,0.00,0.00,0.03,0.00,0.00,0.01,0.00,0.00,0.00,0.00,0.00,68.00,31.28,0.00
206,0.01,0.00,0.00,0.00,0.01,0.00,0.00,0.00,0.01,0.00,0.00,0.00,0.00,0.02,0.48,0.01,0.10,84.16,15.20,0.00
207,0.85,0.01,0.00,0.00,0.00,0.00,0.00,0.00,0.05,0.00,0.00,0.00,0.00,10.04,0.00,0.20,6.86,81.99,0.00,0.00
208,0.03,0.00,0.06,0.03,0.60,0.00,0.00,0.00,0.18,0.00,0.00,0.00,0.05,0.00,4.89,0.03,20.08,74.04,0.00,0.00
209,0.04,0.00,0.20,0.01,0.00,0.00,0.00,0.01,0.27,0.00,0.01,0.00,0.00,88.45,4.84,0.04,4.85,1.27,0.00,0.00
210,0.00,0.00,0.12,0.00,0.00,0.00,0.00,0.00,0.00,0.00,0.00,0.00,0.00,0.00,0.09,0.00,0.79,99.00,0.00,0.00
211,0.25,0.00,0.09,0.01,0.04,0.00,0.00,0.00,0.17,0.00,0.00,0.00,0.00,1.91,0.00,0.00,1.71,95.82,0.00,0.00
212,0.00,0.00,0.44,0.00,0.00,0.00,0.00,0.01,0.01,0.00,0.30,0.00,0.00,0.00,0.00,0.00,86.18,13.05,0.00,0.00
213,0.01,0.00,0.11,0.00,0.00,0.00,0.00,0.00,0.13,0.00,0.00,0.00,0.00,0.82,0.36,1.15,28.35,64.26,4.81,0.00
214,7.21,0.00,0.00,0.00,0.00,0.00,0.00,0.00,0.00,0.00,0.00,0.00,0.00,0.00,0.05,0.00,2.00,90.74,0.00,0.00
215,2.29,0.01,0.44,0.64,0.50,0.17,0.44,0.83,0.79,0.63,4.78,0.00,0.02,0.11,0.49,0.25,0.01,87.59,0.00,0.00
216,0.01,0.02,0.20,0.00,0.00,0.00,0.00,0.00,0.01,0.00,0.00,0.00,0.06,0.00,0.17,0.01,1.48,66.92,31.13,0.00
217,0.00,0.00,0.05,0.00,0.00,0.00,0.00,0.00,0.01,0.00,0.00,0.00,0.00,0.71,0.03,0.00,29.24,69.95,0.00,0.00
218,0.19,0.00,0.35,0.00,0.01,0.00,0.00,0.00,0.10,0.00,0.00,0.00,0.01,10.44,0.00,0.06,46.09,42.75,0.00,0.00
219,9.42,0.00,0.49,0.05,0.04,0.06,0.00,0.08,0.85,0.00,0.10,0.00,0.00,3.46,0.29,4.03,58.64,22.49,0.00,0.00
220,0.22,0.00,0.60,0.07,0.00,0.01,0.00,0.24,0.34,0.00,0.23,0.03,0.00,77.54,0.74,0.90,5.51,13.55,0.00,0.00
221,0.10,0.00,2.40,7.54,5.12,1.70,14.69,12.05,1.54,6.57,17.81,0.03,0.51,3.54,1.46,0.26,1.03,18.34,5.30,0.00
222,1.06,0.03,0.20,0.05,0.00,0.01,0.00,0.12,0.27,0.00,0.13,0.01,0.02,70.26,0.16,0.80,22.42,4.46,0.00,0.00
223,0.02,0.00,0.52,0.00,0.00,0.00,0.00,0.00,0.02,0.00,0.00,0.00,0.00,0.00,0.00,0.00,1.33,91.35,6.77,0.00
224,2.74,10.15,0.98,1.07,1.83,0.25,1.44,3.84,0.79,0.58,3.04,0.79,0.94,43.41,4.81,0.79,1.68,20.85,0.00,0.00
225,0.28,0.00,0.22,0.00,0.00,0.00,0.00,0.00,0.11,0.00,0.00,0.00,0.00,1.61,1.22,0.25,5.64,90.67,0.00,0.00
226,0.02,0.00,0.21,0.01,0.00,0.00,0.00,0.02,0.16,0.00,0.02,0.00,0.00,51.46,4.13,0.02,40.11,3.84,0.00,0.00
227,0.02,0.00,0.66,0.09,0.01,0.00,0.01,0.13,0.10,0.02,0.49,0.02,0.02,0.01,0.00,0.00,6.14,92.28,0.00,0.00
228,0.09,0.00,0.21,0.01,0.00,0.00,0.00,0.00,0.07,0.00,0.00,0.00,0.00,2.70,0.00,0.00,5.32,91.52,0.00,0.06
229,0.00,0.00,0.00,0.00,0.00,0.00,0.00,0.00,0.00,0.00,0.00,0.09,0.00,0.00,0.01,0.00,14.43,85.47,0.00,0.00
230,0.00,0.00,0.10,0.00,0.00,0.00,0.00,0.00,0.00,0.00,0.00,0.00,0.00,0.00,0.00,0.00,0.00,1.92,97.97,0.00
231,0.10,0.00,0.65,0.08,0.04,0.00,0.00,0.36,0.10,0.00,0.67,0.00,0.00,2.87,0.00,0.15,40.57,54.40,0.00,0.00
232,0.03,0.02,0.21,0.00,0.00,0.00,0.00,0.00,0.02,0.00,0.00,0.00,0.00,0.95,1.59,0.16,16.05,77.63,3.33,0.00
233,0.00,0.00,0.13,0.00,0.00,0.00,0.00,0.00,0.01,0.00,0.00,0.00,0.00,0.02,0.00,0.00,99.39,0.44,0.00,0.00
234,0.23,0.00,0.17,0.00,0.00,0.00,0.00,0.00,0.01,0.00,0.00,0.00,0.00,0.02,0.00,0.00,74.32,25.26,0.00,0.00
235,0.00,0.00,0.00,0.00,0.00,0.00,0.00,0.00,0.02,0.00,0.00,0.00,0.00,0.00,0.00,0.00,5.51,93.08,1.38,0.00
236,0.02,0.00,0.00,0.00,0.00,0.02,0.00,0.00,0.00,0.00,0.00,0.00,0.00,0.00,0.00,0.00,0.11,99.85,0.00,0.00
237,0.89,0.02,0.73,0.36,0.09,0.28,0.81,3.39,0.65,0.03,5.70,0.01,0.00,5.28,2.19,1.62,0.18,60.99,16.78,0.00
238,0.51,0.00,0.24,0.00,0.00,0.00,0.00,0.00,0.01,0.00,0.00,0.00,0.00,0.18,0.00,0.00,58.49,40.57,0.00,0.00
239,0.03,0.00,0.58,0.14,0.02,0.00,0.00,0.17,0.10,0.00,0.12,0.02,0.02,0.34,0.28,0.05,0.65,97.48,0.00,0.00
240,0.36,0.00,0.00,0.00,0.00,0.00,0.00,0.00,0.00,0.00,0.00,0.00,0.00,0.03,2.59,0.12,4.99,40.13,51.78,0.00
241,0.00,0.00,0.57,0.00,0.10,0.00,0.00,0.00,0.08,0.00,0.00,0.12,0.00,0.01,0.09,0.00,0.16,98.87,0.00,0.00
242,0.00,0.00,0.36,0.02,0.02,0.00,0.00,0.00,0.04,0.00,0.00,0.00,0.00,0.00,0.20,0.00,5.54,12.00,81.83,0.00
243,0.00,0.02,0.42,0.00,0.00,0.00,0.00,0.00,0.08,0.00,0.00,0.00,0.00,0.79,0.00,0.01,10.42,88.25,0.00,0.00
244,0.03,0.00,0.00,0.00,0.00,0.00,0.00,0.00,0.00,0.00,0.00,0.00,0.61,0.00,0.00,0.00,2.51,96.85,0.00,0.00
245,0.72,0.00,0.03,0.00,0.00,0.00,0.00,0.00,0.00,0.00,0.00,0.00,0.00,0.01,0.14,0.00,6.42,92.69,0.00,0.00
246,0.63,0.00,0.46,0.04,0.00,0.00,0.00,0.09,0.28,0.00,0.05,0.00,0.00,26.76,0.01,1.20,54.32,16.17,0.00,0.00
247,0.00,0.00,0.52,0.02,0.00,0.04,0.00,0.00,0.02,0.00,0.00,0.08,0.00,0.57,0.24,0.00,0.00,98.51,0.00,0.00
248,0.43,0.00,0.26,0.00,0.00,0.00,0.00,0.00,0.01,0.00,0.00,0.00,0.00,0.00,0.02,0.00,13.35,85.92,0.00,0.00
249,1.45,0.01,0.46,1.33,0.34,0.41,2.65,1.43,1.09,0.47,4.85,0.00,0.00,9.82,0.65,1.74,5.77,67.54,0.00,0.00
250,0.01,0.00,0.85,3.24,0.18,5.39,6.38,4.21,1.09,2.18,10.35,0.07,0.09,0.28,0.09,0.00,0.00,34.25,31.34,0.00
251,0.00,0.00,0.00,0.00,0.00,0.00,0.00,0.00,0.01,0.00,0.00,0.00,0.05,0.00,0.00,0.00,0.18,75.08,24.67,0.00
252,0.01,0.00,0.04,0.06,0.02,0.00,0.00,0.00,0.07,0.00,0.00,0.00,0.01,0.40,0.19,0.00,5.81,93.41,0.00,0.00
253,0.00,0.00,0.37,0.02,0.00,0.00,0.00,0.06,0.05,0.00,0.30,0.00,0.01,0.77,0.00,0.03,0.02,98.34,0.00,0.00
254,0.04,0.00,0.74,0.15,0.02,0.03,0.16,0.25,0.27,0.00,0.04,0.00,0.02,57.24,0.02,0.02,32.74,8.27,0.00,0.00
255,1.09,0.00,0.00,0.05,0.00,0.00,0.00,0.00,0.02,0.00,0.00,0.00,0.00,0.02,0.35,0.01,0.00,98.47,0.00,0.00
256,0.17,0.00,0.41,0.13,0.00,0.02,0.08,0.25,0.38,0.01,0.16,0.00,0.01,56.97,0.01,0.11,38.89,2.37,0.00,0.00
257,0.00,0.00,0.00,0.00,0.00,0.00,0.00,0.00,0.00,0.00,0.00,0.00,0.00,0.01,0.00,0.00,50.97,49.02,0.00,0.00
258,0.00,0.00,0.00,0.00,0.00,0.00,0.00,0.00,0.03,0.00,0.00,0.00,0.00,0.00,0.00,0.00,23.77,76.20,0.00,0.00
259,0.01,0.00,0.31,0.03,0.00,0.00,0.00,0.00,0.05,0.00,0.00,0.00,0.00,0.01,0.02,0.00,0.24,65.00,34.33,0.00
260,4.09,0.00,0.26,0.01,0.03,0.03,0.00,0.00,0.03,0.00,0.04,0.00,0.56,0.00,0.00,0.00,0.01,83.00,11.95,0.00
261,0.97,0.01,0.73,0.06,0.01,0.01,0.00,0.26,0.40,0.00,0.17,0.00,0.00,9.77,2.04,8.10,31.27,46.20,0.00,0.00
262,5.78,0.04,1.35,1.19,0.39,0.18,0.17,5.56,1.39,0.99,31.40,0.00,0.20,3.46,26.63,2.32,0.78,18.16,0.00,0.00
263,0.00,0.00,0.00,0.00,0.00,0.00,0.00,0.00,0.00,0.00,0.00,0.00,0.21,0.00,0.00,0.00,0.00,45.68,54.11,0.00
264,0.00,0.00,0.09,0.00,0.00,0.00,0.00,0.00,0.00,0.00,0.00,0.00,0.00,0.00,0.00,0.00,21.81,78.10,0.00,0.00
265,0.03,0.00,0.16,0.00,0.00,0.00,0.00,0.00,0.01,0.00,0.00,0.00,0.01,0.00,0.00,0.00,19.44,80.34,0.00,0.00
266,0.45,0.03,0.18,0.12,0.05,0.01,0.00,0.36,0.57,0.00,0.27,0.00,0.00,12.90,11.21,1.07,31.32,41.47,0.00,0.00
267,0.02,0.00,0.31,0.02,0.00,0.00,0.00,0.00,0.00,0.00,0.00,0.00,0.00,0.10,0.11,0.00,25.87,65.29,8.28,0.00
268,0.00,0.01,0.22,0.00,0.00,0.00,0.00,0.00,0.01,0.00,0.00,0.00,0.00,0.00,0.00,0.00,0.01,51.71,48.03,0.00
269,0.00,0.00,0.28,0.00,0.00,0.00,0.00,0.00,0.01,0.00,0.00,0.00,0.00,0.00,0.00,0.00,46.84,52.87,0.00,0.00
270,0.00,0.00,0.00,0.00,0.00,0.00,0.00,0.00,0.01,0.00,0.00,0.00,0.00,0.00,0.00,0.00,80.75,19.24,0.00,0.00
271,0.71,0.00,0.94,0.33,0.04,0.20,0.06,2.28,1.25,0.00,8.82,0.00,0.00,15.68,5.05,2.97,49.96,11.70,0.00,0.00
272,0.00,0.00,0.00,0.00,0.00,0.00,0.00,0.00,0.09,0.00,0.00,0.00,0.04,0.03,0.00,0.00,1.08,98.75,0.00,0.00
273,0.00,0.00,0.00,0.00,0.00,0.00,0.00,0.00,0.00,0.00,0.00,0.00,0.00,0.00,0.00,0.00,32.52,62.75,0.00,4.73
274,0.00,0.00,0.01,0.00,0.00,0.01,0.00,0.00,0.00,0.00,0.00,0.00,0.00,0.00,0.00,0.00,0.00,0.76,99.22,0.00
275,0.05,0.01,1.14,1.08,0.07,2.14,2.13,1.62,0.58,1.33,1.96,0.22,0.02,12.57,7.16,0.00,0.02,22.99,44.88,0.00
276,0.00,0.00,0.49,0.01,0.00,0.00,0.00,0.00,0.03,0.00,0.12,0.00,0.00,0.00,0.00,0.00,0.00,73.17,26.18,0.00
277,0.00,0.00,0.35,0.00,0.00,0.00,0.00,0.00,0.00,0.00,0.00,0.00,0.00,0.06,0.01,0.00,0.04,99.54,0.00,0.00
278,2.68,0.07,0.53,0.04,0.00,0.00,0.00,0.03,0.15,0.00,0.01,0.00,0.00,35.20,0.01,0.25,49.69,11.34,0.00,0.00
279,1.11,0.01,1.00,0.76,0.43,2.11,1.64,3.79,0.74,0.88,5.57,0.00,0.00,0.00,0.01,0.00,4.34,77.61,0.00,0.00
280,0.43,0.00,0.24,0.00,0.00,0.00,0.00,0.00,0.14,0.00,0.00,0.00,0.00,85.77,0.66,0.10,11.72,0.94,0.00,0.00
281,0.00,0.00,0.60,0.01,0.00,0.00,0.00,0.00,0.07,0.00,0.00,0.00,0.01,1.75,0.00,0.03,0.16,97.37,0.00,0.00
282,0.00,0.00,0.53,0.06,0.00,0.00,0.00,0.02,0.08,0.00,0.09,0.00,0.00,0.00,0.00,0.00,0.00,62.67,36.54,0.00
283,0.37,0.00,0.70,1.09,0.25,0.16,0.67,2.19,0.53,0.03,5.68,0.00,0.02,0.96,4.16,0.36,5.01,77.81,0.00,0.00
284,1.45,0.07,0.47,0.11,0.01,0.02,0.00,0.28,0.25,0.00,0.07,0.03,0.00,50.23,0.14,0.54,42.96,3.39,0.00,0.00
285,0.02,0.13,0.05,0.00,0.07,0.00,0.00,0.00,0.09,0.00,0.00,0.00,0.01,3.46,0.00,0.07,73.58,22.52,0.00,0.00
286,0.00,0.00,0.00,0.00,0.00,0.00,0.00,0.00,0.00,0.00,0.00,0.00,0.00,0.00,0.00,0.00,0.00,23.00,77.00,0.00
287,0.49,0.00,0.68,0.77,0.14,0.23,0.28,2.40,0.40,0.00,3.48,0.00,0.06,15.32,5.67,0.70,17.93,51.46,0.00,0.00
288,0.01,0.00,0.00,0.00,0.00,0.00,0.00,0.00,0.03,0.00,0.00,0.00,0.00,0.77,0.00,0.06,12.22,86.91,0.00,0.00
289,0.54,0.00,0.87,0.03,0.01,0.00,0.00,0.14,0.35,0.00,0.05,0.03,0.01,43.18,0.37,4.37,43.88,6.19,0.00,0.00
290,0.00,0.00,0.00,0.00,0.00,0.00,0.00,0.00,0.00,0.00,0.00,0.00,0.00,0.00,0.00,0.00,1.14,96.62,2.24,0.00
291,0.02,0.03,0.38,0.24,0.05,0.06,0.24,0.28,0.83,0.01,0.79,0.00,0.00,10.37,2.97,0.58,16.21,66.95,0.00,0.00
292,0.01,0.00,0.00,0.00,0.00,0.00,0.00,0.00,0.01,0.00,0.00,0.00,0.00,0.01,0.07,0.00,0.00,75.54,24.36,0.00
293,0.03,0.00,0.23,0.00,0.02,0.00,0.00,0.00,0.02,0.00,0.00,0.00,0.00,0.05,1.09,0.11,6.37,90.76,1.32,0.00
294,1.69,0.01,1.48,3.10,0.42,0.88,5.20,4.23,0.96,3.21,1.93,0.00,0.00,17.27,0.34,6.66,29.62,23.00,0.00,0.00
295,0.06,0.00,0.17,0.03,0.00,0.00,0.00,0.00,0.24,0.00,0.00,0.00,0.05,0.04,0.05,0.02,3.50,95.84,0.00,0.00
296,0.00,0.00,0.20,0.00,0.00,0.00,0.00,0.00,0.02,0.00,0.00,0.00,0.03,1.56,0.00,0.00,5.43,89.19,3.56,0.00
297,0.00,0.00,0.00,0.00,0.00,0.00,0.00,0.00,0.00,0.00,0.00,0.00,0.00,0.00,0.00,0.00,0.00,0.13,99.87,0.00
298,0.00,0.06,0.19,0.00,0.00,0.00,0.00,0.00,0.11,0.00,0.00,0.00,0.00,0.85,0.13,0.00,0.15,98.51,0.00,0.00
299,0.24,0.00,0.54,0.16,0.16,0.03,0.00,0.33,0.58,0.00,0.31,0.00,0.00,60.80,1.17,0.39,5.87,29.41,0.00,0.00
300,0.00,0.00,0.54,0.00,0.07,0.00,0.00,0.00,0.06,0.00,0.00,0.06,0.04,9.78,0.01,0.00,75.82,13.61,0.00,0.00
301,0.03,0.00,0.71,0.02,0.00,0.00,0.00,0.00,0.04,0.00,0.00,0.00,0.00,0.11,0.03,0.04,0.10,98.92,0.00,0.00
302,0.00,0.00,0.00,0.00,0.00,0.00,0.00,0.00,0.04,0.00,0.00,0.00,0.00,0.00,0.00,0.00,3.60,96.35,0.00,0.00
303,0.05,0.00,0.25,0.05,0.00,0.00,0.07,0.00,0.10,0.01,0.00,0.05,0.02,5.29,1.78,0.03,0.03,92.27,0.00,0.00
304,0.32,0.04,1.83,2.92,0.57,1.22,3.84,4.83,1.48,1.65,15.54,0.55,0.01,11.24,2.22,1.25,5.86,44.52,0.12,0.00
305,0.06,0.01,0.78,0.37,0.11,0.10,0.25,0.44,0.37,0.01,0.47,0.59,0.02,14.55,18.69,0.29,0.02,51.68,11.18,0.00
306,0.00,0.00,0.00,0.00,0.00,0.00,0.00,0.00,0.00,0.00,0.00,0.00,0.00,0.00,0.00,0.00,0.00,100.00,0.00,0.00
307,0.14,0.00,0.50,0.05,0.00,0.00,0.00,0.13,0.06,0.00,0.41,0.00,0.00,21.07,0.00,0.02,70.65,6.95,0.00,0.00
308,0.00,0.00,0.09,0.00,0.00,0.00,0.00,0.00,0.17,0.00,0.00,0.00,0.00,25.00,0.00,0.00,69.91,4.82,0.00,0.00
309,0.69,0.00,0.82,0.28,0.02,0.01,0.05,0.31,0.33,0.00,0.38,0.00,0.00,62.16,0.30,4.70,24.07,5.89,0.00,0.00
310,0.42,0.00,0.39,0.00,0.71,0.00,0.00,0.00,0.04,0.00,0.00,0.00,1.33,0.01,0.00,0.00,5.82,91.28,0.00,0.00
311,0.00,0.00,0.48,0.12,0.38,0.01,0.10,0.41,0.48,0.00,0.23,0.06,0.05,48.57,0.00,0.03,13.97,35.09,0.00,0.00
312,5.56,3.63,1.43,3.23,1.44,0.53,5.12,5.73,1.22,1.71,7.10,0.12,0.01,15.90,5.79,0.22,2.17,38.98,0.10,0.00
313,0.00,0.00,0.36,0.02,0.00,0.00,0.00,0.33,0.15,0.00,3.83,0.00,0.00,0.00,0.00,0.00,2.75,84.66,7.89,0.00
314,0.00,0.00,0.10,0.00,0.00,0.01,0.00,0.00,0.05,0.00,0.00,0.00,0.00,0.08,0.03,0.00,0.08,99.65,0.00,0.00
315,0.00,0.00,0.16,0.00,0.00,0.00,0.00,0.00,0.00,0.00,0.00,0.00,0.00,0.00,0.00,0.00,0.00,31.73,68.11,0.00
316,0.24,0.01,0.00,0.00,0.00,0.00,0.00,0.00,0.00,0.00,0.00,0.00,0.00,0.00,0.01,0.00,16.84,75.27,7.64,0.00
317,0.00,0.00,0.00,0.00,0.00,0.00,0.00,0.00,0.00,0.00,0.00,0.00,0.00,0.00,0.00,0.00,8.48,91.52,0.00,0.00
318,0.00,0.01,0.31,0.05,0.00,0.01,0.00,0.13,0.16,0.00,0.33,0.00,0.00,0.80,1.28,0.05,0.00,96.53,0.34,0.00
319,0.08,0.29,0.26,0.01,0.00,0.00,0.00,0.00,0.09,0.00,0.00,0.00,0.00,1.26,0.02,0.00,0.04,93.75,4.21,0.00
320,0.50,0.00,0.00,0.00,0.00,0.00,0.00,0.02,0.05,0.00,0.06,0.00,0.00,0.00,0.15,0.01,0.96,98.23,0.00,0.00
321,0.00,0.00,0.00,0.00,0.00,0.00,0.00,0.00,0.00,0.00,0.00,0.00,0.00,0.00,0.00,0.00,4.43,95.36,0.00,0.21
322,0.38,0.01,0.37,0.06,0.03,0.00,0.00,0.17,0.25,0.00,0.11,0.00,0.00,56.01,0.12,2.40,37.70,2.39,0.00,0.00
323,0.04,0.00,0.13,0.01,0.64,0.00,0.00,0.00,0.30,0.00,0.00,0.00,0.01,0.00,9.49,0.13,2.41,86.83,0.00,0.00
324,0.00,0.00,0.02,0.01,0.00,0.00,0.00,0.00,0.01,0.00,0.00,0.00,0.00,0.00,0.00,0.00,6.42,92.17,1.36,0.00
325,0.02,0.00,0.00,0.00,0.00,0.00,0.00,0.00,0.03,0.00,0.00,0.00,0.00,3.33,0.00,0.02,59.47,37.13,0.00,0.00
326,0.15,0.04,0.67,0.26,0.03,0.08,0.00,0.68,0.59,0.00,0.18,0.00,0.01,7.04,60.14,1.91,2.39,25.81,0.00,0.00
327,0.00,0.00,0.16,0.04,0.04,0.03,0.00,0.19,0.03,0.00,0.84,0.00,0.05,0.02,0.00,0.00,7.00,91.60,0.00,0.00
328,0.32,0.01,0.50,0.09,0.01,0.00,0.00,0.18,0.50,0.00,0.07,0.00,0.03,2.09,35.67,2.22,1.44,56.88,0.00,0.00
329,0.13,0.04,0.06,0.21,1.75,0.26,0.01,0.59,0.40,0.09,0.66,0.01,0.00,0.77,0.02,0.02,0.69,54.77,39.53,0.00
330,0.03,0.00,0.56,0.04,0.00,0.00,0.00,0.00,0.18,0.00,0.00,0.00,0.00,2.82,0.00,0.00,0.00,96.35,0.00,0.00
331,0.26,0.00,0.22,0.28,0.03,0.18,0.00,0.28,1.43,0.00,0.32,0.00,0.02,0.55,0.45,0.46,3.43,92.10,0.00,0.00
332,0.31,0.03,0.35,0.04,0.01,0.00,0.00,0.42,0.98,0.00,0.00,0.00,0.00,0.93,3.89,0.70,0.00,86.97,5.37,0.00
333,0.04,0.01,0.31,0.00,0.00,0.00,0.00,0.00,0.02,0.00,0.00,0.00,0.00,9.51,0.36,0.01,82.53,7.20,0.00,0.00
334,0.37,0.00,0.23,0.00,0.00,0.00,0.00,0.00,0.01,0.00,0.00,0.00,0.00,0.34,0.05,0.03,24.65,74.33,0.00,0.00
335,0.25,0.88,0.24,0.09,0.09,0.09,0.05,0.22,0.09,0.02,1.19,0.00,2.32,0.08,0.11,0.00,0.00,94.27,0.00,0.00
336,0.00,0.00,0.15,0.00,0.00,0.00,0.00,0.00,0.00,0.00,0.00,0.00,0.00,0.00,0.00,0.00,0.00,57.16,42.68,0.00
337,0.59,0.00,2.48,6.94,1.89,0.82,8.95,4.62,0.88,3.27,1.35,0.03,0.01,51.93,0.05,0.00,10.72,5.45,0.00,0.00
338,0.00,0.00,0.19,0.00,0.00,0.00,0.00,0.00,0.00,0.00,0.00,0.00,0.00,0.00,0.02,0.01,0.57,98.99,0.21,0.00
339,0.00,0.00,0.00,0.00,0.00,0.00,0.00,0.00,0.00,0.00,0.00,0.00,0.00,0.00,0.00,0.00,47.51,52.49,0.00,0.00
340,0.59,0.00,0.50,0.05,0.01,0.00,0.00,0.16,0.38,0.00,0.10,0.00,0.00,4.04,0.17,0.08,11.73,82.17,0.00,0.00
341,0.35,0.00,0.11,0.02,0.03,0.00,0.00,0.00,0.12,0.00,0.06,0.00,2.08,0.00,0.00,0.00,0.00,66.44,30.77,0.00
342,1.00,0.00,0.76,0.24,0.06,0.10,0.00,0.56,0.38,0.00,0.59,0.02,0.00,1.63,0.09,4.37,60.68,29.52,0.00,0.00
343,0.10,0.00,0.34,0.04,0.00,0.00,0.00,0.07,0.17,0.00,0.06,0.03,0.00,3.32,2.28,1.70,39.03,52.86,0.00,0.00
344,0.19,1.57,0.47,0.31,0.02,0.04,0.12,0.71,0.44,0.00,0.87,0.00,0.00,57.22,4.28,1.76,7.26,24.72,0.00,0.00
345,0.09,0.05,0.85,0.15,0.09,0.00,0.00,0.42,0.27,0.00,0.17,0.00,0.05,9.25,31.00,0.66,2.11,54.83,0.00,0.00
346,0.76,0.78,0.14,0.01,0.00,0.00,0.00,0.00,0.10,0.00,0.00,0.00,0.00,0.04,0.00,0.00,0.00,98.17,0.00,0.00
347,0.02,0.00,0.00,0.00,0.00,0.00,0.00,0.00,0.01,0.00,0.00,0.00,0.00,0.00,0.00,0.00,18.13,81.83,0.00,0.00
348,0.00,0.00,0.00,0.00,0.00,0.00,0.00,0.00,0.00,0.00,0.00,0.00,0.00,0.16,0.02,0.02,16.56,83.24,0.00,0.00
349,0.04,0.00,0.08,0.00,0.00,0.00,0.00,0.00,0.07,0.00,0.00,0.00,0.00,1.67,0.30,0.01,1.12,69.88,26.81,0.00
350,0.12,0.00,0.14,0.00,0.00,0.00,0.00,0.00,0.02,0.00,0.00,0.00,0.00,0.00,0.00,0.00,13.57,86.16,0.00,0.00
351,0.00,0.00,0.33,0.03,0.00,0.01,0.00,0.14,0.12,0.00,1.19,0.00,0.00,3.09,5.43,0.22,7.72,72.01,9.72,0.00
352,0.33,0.01,1.99,3.32,0.70,0.50,6.86,5.18,1.59,3.50,8.76,0.15,0.01,3.02,16.52,5.00,16.33,26.26,0.00,0.00
353,0.01,0.00,0.00,0.00,0.00,0.00,0.00,0.00,0.13,0.00,0.00,0.00,0.10,0.07,2.19,0.16,0.98,96.36,0.00,0.00
354,0.01,0.00,0.00,0.00,0.00,0.00,0.00,0.00,0.00,0.00,0.00,0.00,0.00,0.06,0.00,0.00,34.84,63.40,1.68,0.00
355,0.63,0.02,0.75,0.14,0.09,0.24,0.13,0.44,1.10,0.01,0.19,0.00,0.00,45.07,0.05,0.22,45.03,5.89,0.00,0.00
356,0.00,0.00,0.00,0.00,0.00,0.00,0.00,0.00,0.01,0.00,0.00,0.00,0.00,0.00,0.03,0.00,1.04,98.01,0.90,0.00
357,0.17,0.00,0.82,0.89,0.17,0.05,0.73,1.49,1.78,0.14,4.05,0.00,0.42,0.07,0.00,0.47,29.38,59.37,0.00,0.00
358,1.46,0.01,0.38,0.31,0.03,0.14,0.06,0.92,0.50,0.70,2.52,0.00,0.26,4.88,5.05,4.61,47.20,30.98,0.00,0.00
359,0.01,0.00,0.04,0.00,0.00,0.00,0.00,0.00,0.20,0.00,0.00,0.00,0.00,5.21,0.13,1.04,61.01,32.36,0.00,0.00
360,0.24,0.08,0.21,0.03,0.00,0.00,0.00,0.11,0.15,0.00,0.01,0.00,0.00,0.00,14.26,1.01,23.78,59.33,0.78,0.00
361,1.44,0.05,0.00,0.00,0.00,0.00,0.00,0.00,0.00,0.00,0.00,0.00,0.01,0.00,0.29,0.00,0.09,57.43,40.69,0.00
362,0.00,0.00,0.00,0.00,0.00,0.00,0.00,0.00,0.00,0.00,0.00,0.00,0.00,0.00,0.00,0.00,0.00,0.84,99.16,0.00
363,2.20,0.01,0.21,0.35,4.08,0.26,1.07,0.71,0.14,1.21,3.13,0.00,0.03,0.30,0.10,0.04,29.01,57.13,0.00,0.00
364,0.03,0.00,0.08,0.00,0.00,0.00,0.00,0.00,0.00,0.00,0.00,0.00,0.00,0.00,0.00,0.00,0.00,92.72,7.17,0.00
365,0.01,0.00,0.09,0.00,0.00,0.00,0.00,0.00,0.01,0.00,0.05,0.00,0.00,0.00,0.00,0.00,54.37,45.46,0.00,0.00
366,0.67,0.00,0.05,0.01,0.00,0.00,0.00,0.03,0.27,0.00,0.04,0.00,0.00,50.45,0.01,0.21,30.35,17.91,0.00,0.00
367,0.00,0.00,0.01,0.00,0.00,0.00,0.00,0.00,0.02,0.00,0.00,0.00,0.00,0.09,0.00,0.00,8.08,91.81,0.00,0.00
368,0.19,0.00,0.28,0.07,0.05,0.22,0.00,0.36,0.44,0.00,3.80,0.00,2.04,50.56,0.12,0.73,13.12,28.01,0.00,0.00
369,0.09,0.12,0.50,0.10,0.00,0.00,0.00,0.23,0.50,0.00,0.07,0.00,0.48,16.27,35.60,0.56,7.22,38.27,0.00,0.00
370,5.30,0.92,0.29,0.08,0.00,0.03,0.00,0.20,0.21,0.00,0.07,0.00,0.00,48.65,0.21,1.31,19.74,22.98,0.00,0.00
371,0.00,0.00,0.00,0.00,0.10,0.00,0.00,0.00,0.03,0.00,0.00,0.00,0.00,0.00,0.00,0.00,0.07,99.80,0.00,0.00
372,0.52,0.00,0.19,0.03,0.00,0.01,0.00,0.23,0.39,0.00,0.48,0.00,0.00,5.09,1.96,0.54,29.81,60.74,0.00,0.00
373,0.03,0.01,0.05,0.00,0.00,0.00,0.00,0.00,0.05,0.00,0.00,0.00,0.00,2.31,0.71,0.07,93.54,3.24,0.00,0.00
374,0.08,0.00,0.11,0.02,0.00,0.00,0.00,0.12,0.07,0.00,1.09,0.00,0.00,0.06,0.05,0.01,0.01,98.38,0.00,0.00
375,1.65,0.09,0.37,0.09,0.03,0.06,0.00,0.36,0.23,0.00,0.59,0.00,0.00,44.28,0.16,1.44,47.16,3.49,0.00,0.00
