uniqid_huc10,NWALT82_11_huc10,NWALT82_12_huc10,NWALT82_21_huc10,NWALT82_22_huc10,NWALT82_23_huc10,NWALT82_24_huc10,NWALT82_25_huc10,NWALT82_26_huc10,NWALT82_27_huc10,NWALT82_31_huc10,NWALT82_32_huc10,NWALT82_33_huc10,NWALT82_41_huc10,NWALT82_43_huc10,NWALT82_44_huc10,NWALT82_45_huc10,NWALT82_46_huc10,NWALT82_50_huc10,NWALT82_60_huc10,NWALT82_9999_huc10
1,0.04,0.00,12.09,20.16,22.76,5.08,35.44,1.37,1.03,1.66,0.00,0.00,0.02,0.13,0.22,0.00,0.00,0.00,0.00,0.00
2,0.00,0.00,0.00,0.00,0.05,0.00,0.00,0.00,0.02,0.00,0.00,0.00,0.00,0.00,0.00,0.00,0.37,99.55,0.00,0.00
3,0.05,0.00,0.22,0.00,0.04,0.00,0.00,0.03,0.50,0.00,0.03,0.00,0.00,75.28,0.20,0.00,19.52,4.12,0.00,0.00
4,0.00,0.00,0.31,0.02,0.00,0.00,0.00,0.00,0.01,0.00,0.00,0.00,0.00,0.00,0.00,0.00,0.06,99.60,0.00,0.00
5,0.01,0.00,0.02,0.00,0.00,0.00,0.00,0.00,0.13,0.00,0.00,0.00,0.00,67.67,12.52,0.00,14.51,5.14,0.00,0.00
6,0.01,0.00,0.25,0.00,0.00,0.00,0.00,0.01,0.01,0.00,0.25,0.00,0.01,0.00,0.00,0.00,2.57,96.88,0.00,0.00
7,0.21,0.01,0.16,0.00,0.07,0.00,0.00,0.00,0.19,0.00,0.00,0.00,0.00,53.89,0.73,0.05,26.16,18.52,0.00,0.00
8,0.02,0.00,0.22,0.00,0.00,0.00,0.00,0.00,0.06,0.00,0.00,0.00,0.00,13.23,0.30,0.06,77.93,8.17,0.00,0.00
9,0.00,0.00,0.00,0.00,0.00,0.00,0.00,0.00,0.00,0.00,0.00,0.00,0.00,0.00,0.00,0.00,1.71,98.28,0.00,0.00
10,0.02,0.00,0.00,0.00,0.00,0.00,0.00,0.00,0.01,0.00,0.00,0.00,0.00,0.00,0.00,0.00,3.10,96.88,0.00,0.00
11,0.00,0.00,0.00,0.00,0.00,0.00,0.00,0.00,0.00,0.00,0.00,0.00,0.00,0.00,0.00,0.00,24.57,75.43,0.00,0.00
12,0.00,0.00,0.12,0.00,0.00,0.00,0.00,0.00,0.01,0.00,0.00,0.00,0.16,0.00,0.00,0.00,0.12,98.82,0.77,0.00
13,0.19,0.05,1.17,1.98,0.74,0.50,0.31,10.51,1.80,17.02,3.29,0.22,0.46,0.71,0.37,0.11,0.46,60.09,0.00,0.00
14,0.00,0.00,0.35,0.01,0.01,0.00,0.00,0.00,0.19,0.00,0.00,0.09,0.02,1.86,0.05,0.00,0.00,80.02,17.39,0.00
15,0.01,0.00,0.17,0.02,0.00,0.00,0.00,0.03,0.01,0.00,2.04,0.00,0.00,0.00,0.00,0.00,0.97,96.75,0.00,0.00
16,1.06,0.02,0.99,0.41,0.64,0.06,0.59,0.85,0.60,0.00,0.40,0.20,0.00,57.72,9.65,3.39,16.20,7.22,0.00,0.00
17,0.34,0.00,0.07,0.00,0.00,0.00,0.00,0.00,0.00,0.00,0.00,0.00,0.00,0.00,0.00,0.01,2.10,6.61,90.88,0.00
18,0.07,0.00,0.06,0.00,0.00,0.00,0.00,0.00,0.15,0.00,0.00,0.00,0.00,44.73,0.45,0.08,51.39,3.07,0.00,0.00
19,0.01,0.09,0.13,0.00,0.00,0.00,0.00,0.00,0.01,0.00,0.00,0.00,0.00,0.00,0.00,0.00,27.00,72.75,0.00,0.00
20,1.50,0.02,0.65,0.70,0.22,0.12,0.00,1.28,1.86,0.00,3.64,0.00,0.11,3.30,20.21,4.08,2.75,59.55,0.00,0.00
21,0.11,0.00,0.00,0.00,0.00,0.00,0.00,0.00,0.01,0.00,0.00,0.00,0.00,0.00,0.00,0.00,0.00,99.89,0.00,0.00
22,0.00,0.00,0.00,0.00,0.00,0.00,0.00,0.00,0.00,0.00,0.00,0.00,0.00,0.00,0.00,0.00,46.98,53.02,0.00,0.00
23,0.55,0.03,0.73,0.34,0.01,0.16,0.26,0.55,0.24,0.00,0.51,0.00,0.01,72.78,4.02,0.25,11.28,8.29,0.00,0.00
24,0.32,2.15,0.54,0.24,0.13,0.13,0.00,0.55,1.94,0.00,1.03,0.19,0.00,17.34,1.00,0.07,1.39,72.97,0.00,0.00
25,0.09,0.00,0.52,0.01,0.01,0.00,0.00,0.04,0.03,0.00,0.52,0.00,0.15,0.00,0.00,0.00,0.54,98.10,0.00,0.00
26,0.04,0.00,0.01,0.00,0.00,0.00,0.00,0.00,0.03,0.00,0.00,0.00,0.00,1.53,0.79,0.02,77.91,19.66,0.00,0.00
27,0.00,0.07,0.00,0.00,0.00,0.01,0.00,0.00,0.00,0.00,0.00,0.00,0.00,0.01,0.01,0.00,0.04,99.87,0.00,0.00
28,0.01,0.00,0.03,0.00,0.00,0.00,0.00,0.00,0.02,0.00,0.00,0.00,0.00,0.01,0.00,0.01,3.69,96.23,0.00,0.00
29,0.04,0.00,0.14,0.01,0.00,0.00,0.00,0.02,0.24,0.00,0.01,0.00,0.00,26.65,0.04,0.00,65.27,7.58,0.00,0.00
30,0.76,0.00,0.21,0.00,0.13,0.00,0.00,0.00,0.08,0.00,0.00,0.00,0.01,16.74,0.22,2.09,67.68,12.08,0.00,0.00
31,0.11,0.03,0.98,0.00,0.00,0.00,0.00,0.00,0.01,0.00,0.00,0.00,0.13,0.00,0.00,0.00,0.08,92.26,0.00,6.39
32,0.00,0.00,0.04,0.05,0.00,0.08,0.00,0.17,0.72,0.00,0.99,0.00,0.22,1.63,0.88,0.23,18.39,76.61,0.00,0.00
33,0.00,0.00,0.08,0.00,0.00,0.00,0.00,0.00,0.70,0.00,0.27,0.00,0.01,4.09,0.28,0.20,41.86,52.50,0.00,0.00
34,0.04,0.00,0.54,0.03,0.31,0.03,0.00,0.00,0.49,0.00,0.00,0.00,0.01,0.00,0.00,0.00,0.00,98.55,0.00,0.00
35,0.09,0.30,0.18,0.02,0.00,0.00,0.00,0.00,0.27,0.00,0.00,0.00,0.00,0.40,0.03,3.12,8.49,87.10,0.00,0.00
36,0.34,0.00,0.53,0.25,0.01,0.07,0.01,0.61,0.42,0.01,0.36,0.04,0.00,2.01,1.34,0.90,51.18,41.93,0.00,0.00
37,0.06,0.00,0.13,0.00,0.00,0.00,0.00,0.00,0.00,0.00,0.00,0.00,0.00,0.02,0.58,0.70,21.70,76.79,0.02,0.00
38,0.95,0.00,0.44,0.15,0.11,0.04,0.08,0.33,0.23,0.00,0.38,0.00,0.00,45.06,0.44,3.20,36.07,12.53,0.00,0.00
39,3.69,0.00,0.52,0.39,0.02,0.22,0.09,1.02,1.32,0.00,0.47,0.02,0.01,0.83,4.61,4.06,37.70,45.04,0.00,0.00
40,0.00,0.00,0.00,0.00,0.00,0.00,0.00,0.00,0.00,0.00,0.00,0.00,0.00,0.00,0.00,0.00,0.00,98.83,0.21,0.97
41,0.45,0.00,0.44,0.06,0.30,0.00,0.00,0.15,0.51,0.00,0.40,0.01,0.00,36.51,0.88,7.69,35.74,16.86,0.00,0.00
42,0.76,0.00,0.08,0.00,0.00,0.00,0.00,0.00,0.20,0.00,0.00,0.00,0.00,35.17,1.21,2.23,31.98,28.38,0.00,0.00
43,0.31,0.10,0.53,0.03,0.03,0.00,0.00,0.00,0.15,0.00,0.00,0.00,0.00,0.01,0.09,0.00,3.77,94.98,0.00,0.00
44,0.00,0.00,0.00,0.00,0.00,0.00,0.00,0.00,0.00,0.00,0.00,0.00,0.00,0.00,0.00,0.00,38.10,61.49,0.41,0.00
45,0.03,0.00,0.00,0.00,0.00,0.00,0.00,0.00,0.01,0.00,0.00,0.00,0.00,0.43,0.03,0.00,0.09,89.39,10.01,0.00
46,1.82,0.14,0.27,0.27,0.02,0.08,0.39,0.12,0.26,0.02,0.07,0.00,0.01,35.17,0.45,0.50,56.58,3.82,0.00,0.00
47,5.08,0.00,1.60,3.76,4.19,3.02,4.95,6.89,2.87,9.75,2.33,0.08,0.14,0.63,3.28,10.35,17.73,23.37,0.00,0.00
48,0.01,0.00,0.00,0.00,0.00,0.00,0.00,0.09,0.01,0.00,0.46,0.00,0.00,0.12,0.04,0.24,9.40,88.79,0.85,0.00
49,0.07,0.01,0.72,0.52,0.04,0.03,0.00,1.48,1.80,0.00,1.18,0.00,0.77,10.69,28.34,2.55,5.37,46.41,0.00,0.00
50,0.14,0.00,0.18,0.50,1.71,0.20,0.57,1.89,0.37,0.13,3.56,0.20,0.01,0.02,0.00,0.00,0.08,90.44,0.00,0.00
51,0.36,0.18,0.02,0.00,0.03,0.00,0.00,0.00,0.20,0.00,0.00,0.02,0.00,4.04,1.04,0.03,9.65,84.43,0.00,0.00
52,0.44,0.15,0.38,0.06,0.01,0.00,0.00,0.12,0.22,0.00,0.07,0.00,0.00,51.77,1.26,1.31,41.56,2.64,0.00,0.00
53,0.02,0.00,0.05,0.00,0.00,0.01,0.00,0.00,0.00,0.00,0.00,0.00,0.00,0.00,0.04,0.00,1.26,98.64,0.00,0.00
54,0.00,0.00,0.17,0.02,0.00,0.00,0.00,0.00,0.04,0.00,0.00,0.00,0.00,0.89,0.19,0.75,0.93,93.49,3.51,0.00
55,0.00,0.00,0.01,0.00,0.00,0.00,0.00,0.00,0.04,0.00,0.00,0.00,0.00,0.09,0.30,1.49,0.13,95.03,2.92,0.00
56,0.00,0.00,0.00,0.00,0.00,0.00,0.00,0.00,0.00,0.00,0.00,0.00,0.00,0.07,0.00,0.00,24.26,75.67,0.00,0.00
57,0.00,0.01,0.09,0.01,0.00,0.00,0.00,0.00,0.13,0.00,0.00,0.00,0.00,0.04,0.49,0.08,6.35,92.80,0.00,0.00
58,0.13,0.00,0.32,0.02,0.00,0.00,0.00,0.01,0.33,0.00,0.01,0.00,0.00,2.30,0.07,0.11,11.56,85.14,0.00,0.00
59,0.01,0.00,0.70,0.06,0.23,0.05,0.00,0.63,0.50,0.00,1.73,0.03,0.11,28.52,0.41,0.07,35.85,31.10,0.00,0.00
60,0.00,0.00,0.09,0.01,0.00,0.00,0.00,0.00,0.13,0.00,0.00,0.00,0.00,0.00,0.00,0.00,0.00,99.77,0.00,0.00
61,0.04,0.00,0.18,0.00,0.00,0.00,0.00,0.00,0.18,0.00,0.01,0.00,0.00,13.34,9.91,3.31,16.39,56.62,0.00,0.00
62,0.02,0.00,0.00,0.00,0.00,0.00,0.00,0.00,0.01,0.00,0.00,0.00,0.00,0.01,0.02,0.00,0.28,99.67,0.00,0.00
63,0.02,0.00,0.35,0.01,0.00,0.00,0.00,0.02,0.14,0.00,0.14,0.00,0.00,0.26,0.01,0.00,17.76,81.29,0.00,0.00
64,0.00,0.00,0.00,0.00,0.00,0.00,0.00,0.00,0.00,0.00,0.00,0.00,0.00,0.00,0.00,0.00,17.69,82.16,0.00,0.14
65,2.71,0.79,0.46,0.04,0.14,0.02,0.00,0.00,0.52,0.00,0.00,0.00,0.04,0.57,26.63,2.14,0.25,65.69,0.00,0.00
66,0.01,0.00,0.20,0.01,0.00,0.00,0.00,0.00,0.17,0.00,0.00,0.00,0.00,5.24,28.01,0.65,35.99,29.72,0.00,0.00
67,0.01,0.00,0.06,0.00,0.00,0.00,0.00,0.00,0.07,0.00,0.00,0.00,0.01,0.01,0.10,0.01,4.87,94.87,0.00,0.00
68,0.00,0.00,0.15,0.00,0.00,0.00,0.00,0.00,0.03,0.00,0.00,0.00,0.00,0.02,0.00,0.01,69.60,30.18,0.00,0.00
69,1.23,0.32,0.15,0.00,0.01,0.00,0.00,0.00,0.03,0.00,0.00,0.03,0.01,0.02,0.11,0.00,0.17,97.92,0.00,0.00
70,0.05,0.01,0.24,0.03,0.05,0.01,0.00,0.17,0.23,0.00,0.36,0.00,0.01,18.59,0.11,0.78,66.51,12.84,0.00,0.00
71,0.00,0.00,0.20,0.00,0.03,0.00,0.00,0.00,0.00,0.00,0.00,0.09,0.01,0.00,0.00,0.00,11.25,88.43,0.00,0.00
72,0.00,0.00,0.15,0.06,0.02,0.00,0.00,0.23,0.21,0.00,0.28,0.00,0.02,1.19,0.05,0.01,8.40,89.37,0.00,0.00
73,0.01,0.13,0.81,0.63,0.06,0.13,0.48,1.00,0.82,0.02,1.23,0.03,0.05,23.74,24.51,0.82,1.12,44.41,0.00,0.00
74,0.02,0.00,0.00,0.00,0.00,0.00,0.00,0.00,0.02,0.00,0.00,0.00,0.00,0.03,0.00,0.00,0.12,65.04,34.55,0.22
75,0.72,0.01,0.11,0.02,0.03,0.00,0.00,0.11,0.30,0.00,0.02,0.00,0.04,57.84,0.58,2.87,28.95,8.41,0.00,0.00
76,0.61,0.00,0.53,0.28,0.01,0.14,0.16,0.57,0.66,0.01,1.14,0.00,0.00,2.78,21.31,0.47,0.40,66.39,4.57,0.00
77,0.03,0.04,1.12,2.12,1.50,0.86,1.73,2.47,1.96,4.69,0.98,0.05,0.05,2.31,2.04,0.27,5.19,72.28,0.30,0.00
78,0.23,0.24,0.39,0.00,0.00,0.00,0.00,0.00,0.17,0.00,0.00,0.00,0.00,46.48,0.98,0.12,33.47,17.92,0.00,0.00
79,0.00,0.00,0.27,0.03,0.02,0.00,0.00,0.15,0.08,0.00,1.62,0.00,0.01,0.94,0.00,0.00,0.07,90.75,6.06,0.00
80,0.00,0.00,0.00,0.00,0.00,0.00,0.00,0.00,0.00,0.00,0.00,0.00,0.00,0.00,0.00,0.00,7.82,92.18,0.00,0.00
81,6.70,0.32,0.17,0.06,0.01,0.01,0.00,0.04,0.63,0.00,0.36,0.00,0.02,23.70,5.09,2.91,43.49,16.46,0.00,0.00
82,2.44,0.07,0.57,0.39,0.12,0.12,0.50,1.39,1.00,0.30,1.52,0.00,0.00,53.04,4.86,1.84,19.71,12.14,0.00,0.00
83,0.00,0.00,0.23,0.01,0.00,0.00,0.00,0.00,0.02,0.00,0.00,0.00,0.00,0.00,0.02,0.00,1.61,98.11,0.00,0.00
84,0.70,0.20,1.73,5.42,0.63,1.97,7.43,15.61,4.13,14.98,4.34,0.00,0.00,3.50,1.14,0.18,0.99,37.06,0.00,0.00
85,0.00,0.00,0.00,0.00,0.00,0.00,0.00,0.00,0.00,0.00,0.00,0.00,0.00,0.00,0.00,0.00,0.00,97.94,2.06,0.00
86,0.12,0.00,0.33,0.03,0.00,0.00,0.00,0.07,0.39,0.00,0.30,0.00,0.00,22.26,0.96,0.02,6.64,68.87,0.00,0.00
87,0.26,0.00,0.20,0.01,0.00,0.00,0.00,0.01,0.26,0.00,0.00,0.00,0.00,25.29,1.71,6.95,37.81,27.50,0.00,0.00
88,0.32,0.00,0.41,0.02,0.00,0.00,0.00,0.13,0.32,0.00,0.12,0.00,0.00,7.29,0.34,5.59,37.69,47.77,0.00,0.00
89,0.21,0.03,0.20,0.02,0.00,0.00,0.00,0.05,0.19,0.00,0.27,0.02,0.01,2.49,0.09,0.03,4.22,90.11,2.06,0.00
90,0.00,0.00,0.00,0.00,0.00,0.00,0.00,0.00,0.00,0.00,0.00,0.00,0.00,0.00,0.00,0.00,1.04,98.96,0.00,0.00
91,0.00,0.00,0.17,0.00,0.00,0.00,0.00,0.00,0.01,0.00,0.00,0.00,0.06,0.00,0.00,0.00,0.77,98.99,0.00,0.00
92,0.01,0.00,0.36,0.00,0.01,0.00,0.00,0.00,0.16,0.00,0.00,0.00,0.02,7.32,0.74,3.29,81.02,7.07,0.00,0.00
93,0.60,0.01,0.38,0.40,0.01,0.55,0.00,1.81,1.87,0.00,5.86,0.01,0.01,2.83,2.85,0.58,0.00,58.16,24.06,0.00
94,0.31,0.00,0.14,0.00,0.00,0.00,0.00,0.00,0.11,0.00,0.00,0.00,0.07,33.19,0.90,0.18,38.99,26.12,0.00,0.00
95,0.00,0.00,0.00,0.00,0.00,0.00,0.00,0.00,0.01,0.00,0.00,0.00,0.00,0.00,0.00,0.00,0.35,99.64,0.00,0.00
96,1.65,0.00,0.18,0.06,0.04,0.05,0.00,0.22,0.47,0.00,0.12,0.00,0.03,9.64,5.17,7.67,41.74,32.96,0.00,0.00
97,0.00,0.00,0.00,0.01,0.00,0.00,0.00,0.00,0.05,0.00,0.00,0.00,0.00,0.00,0.00,0.00,3.63,96.32,0.00,0.00
98,0.15,0.00,0.21,0.00,0.00,0.00,0.00,0.00,0.14,0.00,0.00,0.00,0.07,3.00,0.08,0.05,0.78,95.51,0.00,0.00
99,0.35,0.09,0.45,0.11,0.01,0.01,0.00,0.40,0.83,0.00,0.20,0.00,0.00,20.69,18.66,15.16,22.86,20.19,0.00,0.00
100,0.00,0.00,0.01,0.00,0.00,0.00,0.00,0.00,0.01,0.00,0.00,0.00,0.19,0.00,0.00,0.00,0.32,99.36,0.12,0.00
101,0.18,0.01,0.00,0.00,0.00,0.01,0.00,0.00,0.00,0.00,0.00,0.00,0.00,0.00,0.00,0.00,0.03,96.35,3.41,0.00
102,0.22,0.00,0.71,4.07,0.23,2.11,4.75,7.68,1.92,11.98,7.94,0.03,0.00,4.43,1.01,0.01,1.48,51.41,0.00,0.00
103,0.01,0.00,0.33,0.00,0.00,0.00,0.00,0.00,0.02,0.00,0.00,0.00,0.01,0.00,0.00,0.00,0.18,99.45,0.00,0.00
104,0.02,0.00,0.32,0.05,0.01,0.26,0.00,0.43,0.71,0.00,2.18,0.00,0.00,1.21,0.36,0.37,2.15,91.53,0.40,0.00
105,0.04,0.00,0.48,0.03,0.00,0.00,0.00,0.18,0.05,0.00,0.21,0.00,0.00,0.00,0.01,0.01,0.83,98.15,0.00,0.00
106,0.13,0.00,0.39,0.09,0.00,0.02,0.14,0.12,0.14,0.02,0.12,0.00,0.01,32.61,0.16,0.04,22.20,43.80,0.00,0.00
107,0.10,0.00,0.03,0.00,0.00,0.00,0.00,0.00,0.04,0.00,0.00,0.00,0.00,3.32,0.01,0.00,23.25,73.25,0.00,0.00
108,0.05,0.00,0.31,0.00,0.00,0.01,0.00,0.00,0.00,0.00,0.00,0.00,0.00,0.00,0.00,0.00,0.28,99.34,0.00,0.00
109,0.05,0.01,0.16,0.00,0.00,0.00,0.00,0.01,0.00,0.00,0.04,0.00,0.01,0.00,0.01,0.00,0.76,98.94,0.00,0.00
110,0.00,0.00,0.55,0.00,0.00,0.00,0.00,0.00,0.01,0.00,0.00,0.00,0.00,0.00,0.00,0.00,98.30,1.14,0.00,0.00
111,0.09,0.00,0.32,0.05,0.13,0.00,0.00,0.00,0.27,0.00,0.00,0.11,2.06,41.71,2.12,2.12,18.19,32.82,0.00,0.00
112,0.02,0.00,0.46,0.24,0.01,0.02,0.00,0.61,0.16,0.00,1.52,0.00,0.00,0.24,0.90,0.50,4.01,90.28,1.02,0.00
113,0.03,0.01,0.42,0.04,0.00,0.00,0.00,0.12,0.10,0.00,0.29,0.00,0.00,0.25,1.13,0.02,17.02,80.56,0.00,0.00
114,0.02,0.00,0.35,0.00,0.00,0.00,0.00,0.00,0.06,0.00,0.00,0.00,0.01,1.81,0.05,0.00,2.40,93.93,1.37,0.00
115,0.24,0.00,0.44,0.01,0.00,0.00,0.00,0.03,0.08,0.00,0.04,0.00,0.00,0.66,0.02,0.04,0.30,98.03,0.11,0.00
116,0.14,0.00,0.02,0.00,0.09,0.00,0.00,0.00,0.06,0.00,0.00,0.00,0.01,4.94,0.08,0.02,5.24,89.41,0.00,0.00
117,0.72,0.00,0.19,0.10,0.11,0.11,0.00,0.56,0.48,0.00,3.41,0.00,0.00,2.38,6.35,8.05,28.21,49.34,0.00,0.00
118,0.13,0.00,0.09,0.01,0.00,0.00,0.00,0.00,0.04,0.00,0.00,0.00,0.00,0.00,0.04,0.01,15.15,84.53,0.00,0.00
119,0.36,0.00,0.13,0.00,0.00,0.00,0.00,0.00,0.00,0.00,0.00,0.00,0.02,0.06,0.00,0.00,21.17,78.12,0.14,0.00
120,1.37,0.31,0.03,0.01,0.00,0.00,0.00,0.00,0.29,0.00,0.00,0.00,0.00,2.78,14.77,1.85,27.01,51.59,0.00,0.00
121,0.41,0.00,0.08,0.00,0.00,0.00,0.00,0.00,0.06,0.00,0.01,0.00,0.00,0.05,0.11,0.48,27.89,70.90,0.00,0.00
122,0.00,0.00,0.02,0.01,0.00,0.00,0.00,0.00,0.03,0.00,0.00,0.00,0.00,0.00,0.00,0.00,0.00,99.95,0.00,0.00
123,0.00,0.00,0.00,0.00,0.00,0.00,0.00,0.00,0.00,0.00,0.00,0.00,0.00,0.00,0.02,0.00,3.77,96.21,0.00,0.00
124,0.18,0.00,0.24,0.10,0.06,0.01,0.08,0.17,0.35,0.00,0.08,0.00,0.00,9.16,1.28,0.03,12.21,76.07,0.00,0.00
125,0.00,0.00,0.14,0.00,0.01,0.00,0.00,0.00,0.02,0.00,0.00,0.00,0.00,0.03,0.00,0.00,0.17,99.63,0.00,0.00
126,0.01,0.00,0.73,0.06,0.08,0.02,0.00,0.00,0.10,0.00,0.00,0.00,0.05,0.11,0.15,1.58,20.12,76.99,0.00,0.00
127,0.29,0.00,0.34,0.10,0.08,0.01,0.01,0.19,0.45,0.15,0.13,0.19,0.02,74.16,0.30,0.06,16.25,7.27,0.00,0.00
128,0.67,0.04,0.37,0.15,0.02,0.16,0.00,1.03,0.64,0.00,3.51,0.00,0.00,0.06,0.02,0.04,0.00,86.19,7.10,0.00
129,0.01,0.00,0.00,0.00,0.00,0.00,0.00,0.00,0.02,0.00,0.00,0.00,0.00,0.00,0.00,0.00,7.81,92.15,0.00,0.00
130,0.00,0.00,0.29,0.00,0.04,0.00,0.00,0.00,0.04,0.00,0.00,0.00,0.01,0.00,0.04,0.00,0.39,99.17,0.00,0.00
131,0.01,0.00,0.10,0.00,0.00,0.00,0.00,0.00,0.01,0.00,0.00,0.00,0.00,0.00,0.00,0.00,11.28,88.59,0.00,0.00
132,0.01,0.00,0.73,0.03,0.01,0.00,0.00,0.00,0.09,0.00,0.00,0.00,0.22,0.16,0.01,0.00,15.51,83.24,0.00,0.00
133,0.16,0.00,0.70,0.13,0.09,0.00,0.00,0.05,0.43,0.00,0.01,0.00,1.44,44.88,2.96,0.98,30.00,18.16,0.00,0.00
134,0.07,0.00,0.69,0.41,0.35,0.00,0.00,0.01,0.31,0.00,0.00,0.00,0.00,81.11,1.79,0.72,9.83,4.71,0.00,0.00
135,0.11,0.00,0.55,0.02,0.31,0.00,0.00,0.01,0.07,0.00,0.18,0.07,0.21,0.00,0.00,0.00,10.56,87.94,0.00,0.00
136,0.51,0.01,0.49,0.09,0.01,0.06,0.00,0.35,0.22,0.00,0.19,0.00,0.00,37.50,5.22,4.30,45.21,5.84,0.00,0.00
137,0.65,0.00,0.40,0.10,0.04,0.02,0.00,0.36,0.44,0.04,0.66,0.00,0.00,7.99,0.45,5.27,46.13,37.44,0.00,0.00
138,0.02,0.00,0.00,0.00,0.00,0.00,0.00,0.00,0.02,0.00,0.00,0.00,0.00,0.00,0.00,0.00,0.93,99.03,0.00,0.00
139,0.01,0.00,0.57,0.01,0.01,0.00,0.00,0.00,0.02,0.00,0.00,0.00,0.00,0.02,0.00,0.00,8.21,91.16,0.00,0.00
140,0.15,0.00,0.60,0.27,0.49,0.01,0.14,0.31,0.19,0.00,0.91,0.00,8.09,0.00,0.00,0.00,0.00,88.83,0.00,0.00
141,0.33,0.01,0.74,0.64,0.14,0.08,0.50,0.66,0.59,0.01,0.35,0.04,0.00,35.58,33.99,0.45,0.01,25.82,0.00,0.06
142,0.01,0.00,0.35,0.28,0.12,0.15,0.24,0.32,0.14,0.02,0.14,0.01,0.03,0.00,0.00,0.00,0.00,98.19,0.00,0.00
143,0.42,0.00,0.09,0.00,0.00,0.00,0.00,0.00,0.00,0.00,0.00,0.00,0.00,0.00,0.00,0.00,50.85,48.64,0.00,0.00
144,0.04,0.00,0.00,0.01,0.00,0.00,0.00,0.00,0.01,0.00,0.00,0.00,0.00,0.00,0.01,0.00,10.62,89.32,0.00,0.00
145,0.72,0.00,0.88,1.52,0.24,0.25,1.18,3.63,0.61,0.21,3.12,0.14,0.00,0.06,0.00,0.00,0.39,85.93,0.00,1.10
146,0.00,0.00,0.11,0.00,0.00,0.00,0.00,0.00,0.14,0.00,0.00,0.00,0.00,24.73,0.06,0.00,69.29,5.66,0.00,0.00
147,0.02,0.00,0.02,0.00,0.00,0.00,0.00,0.00,0.14,0.00,0.00,0.00,0.00,0.23,1.65,0.41,0.00,94.96,2.58,0.00
148,0.03,0.00,0.17,0.00,0.01,0.00,0.00,0.00,0.03,0.00,0.00,0.00,0.86,0.03,0.11,0.00,8.58,90.18,0.00,0.00
149,0.06,0.00,0.42,0.10,0.00,0.05,0.00,0.62,0.52,0.00,2.23,0.00,0.02,6.34,1.17,0.00,0.07,88.36,0.03,0.00
150,0.33,0.00,0.35,0.32,0.17,0.06,0.13,0.62,0.27,0.00,1.13,0.00,0.00,48.82,0.48,0.77,24.37,22.18,0.00,0.00
151,6.87,0.00,1.58,1.37,0.37,0.57,0.90,4.01,1.11,4.74,1.80,0.41,0.08,24.61,4.41,3.52,28.05,15.59,0.00,0.00
152,0.06,0.00,0.00,0.00,0.00,0.00,0.00,0.00,0.00,0.00,0.00,0.00,0.00,0.12,0.00,0.01,73.86,25.95,0.00,0.00
153,0.06,0.01,0.45,0.02,0.00,0.00,0.00,0.03,0.21,0.00,0.00,0.00,0.00,0.39,5.37,1.29,7.08,85.07,0.00,0.00
154,0.59,0.00,0.31,0.04,0.00,0.00,0.00,0.18,0.43,0.00,0.19,0.00,0.03,17.10,39.85,4.58,12.60,24.08,0.00,0.00
155,1.24,0.07,0.17,0.03,0.01,0.00,0.01,0.10,0.23,0.00,0.06,0.01,0.00,66.95,0.69,0.35,27.35,2.74,0.00,0.00
156,0.19,0.35,0.13,0.02,0.00,0.00,0.00,0.07,0.18,0.00,0.01,0.00,0.05,8.27,36.05,0.89,1.75,52.04,0.00,0.00
157,0.94,0.01,0.26,0.00,0.03,0.00,0.00,0.01,0.16,0.00,0.01,0.00,0.00,0.16,0.13,0.18,0.56,96.47,1.07,0.00
158,0.55,0.04,0.80,0.40,0.09,0.06,0.03,1.19,0.45,0.00,1.81,0.01,0.05,5.65,2.82,0.04,24.54,55.32,6.17,0.00
159,0.15,0.00,0.53,0.10,0.00,0.04,0.00,0.24,0.08,0.00,0.17,0.00,0.00,0.21,0.26,0.10,0.33,97.79,0.00,0.00
160,0.02,0.00,1.41,0.14,0.93,0.15,0.00,0.22,0.19,0.00,4.81,0.25,0.03,0.01,0.01,0.01,1.42,90.40,0.00,0.00
161,0.14,0.00,0.11,0.00,0.00,0.00,0.00,0.00,0.05,0.00,0.00,0.00,0.00,0.50,0.92,1.46,30.03,66.79,0.00,0.00
162,0.06,0.03,0.19,0.00,0.01,0.00,0.00,0.00,0.18,0.00,0.00,0.00,0.00,11.39,0.31,0.10,51.37,36.35,0.00,0.00
163,0.18,0.41,0.18,0.09,0.01,0.02,0.00,0.32,0.18,0.00,0.17,0.00,0.00,69.82,1.46,0.38,24.69,2.08,0.00,0.00
164,0.03,0.00,0.22,0.01,0.02,0.00,0.00,0.03,0.04,0.00,0.18,0.00,0.00,0.32,4.17,0.84,12.34,81.79,0.00,0.00
165,0.06,0.52,1.88,0.15,0.06,0.00,0.00,0.23,0.38,0.05,0.13,0.00,0.00,12.06,43.30,0.84,5.30,35.04,0.00,0.00
166,0.00,0.00,0.19,0.00,0.00,0.00,0.00,0.00,0.00,0.00,0.00,0.00,0.04,0.00,0.00,0.00,65.23,34.54,0.00,0.00
167,0.02,0.00,0.00,0.00,0.00,0.00,0.00,0.00,0.00,0.00,0.00,0.00,0.00,0.00,0.00,0.00,0.00,98.02,1.96,0.00
168,0.26,0.04,4.40,13.65,4.48,4.73,21.48,10.25,1.22,5.38,3.76,0.01,0.04,0.67,0.18,0.00,0.12,29.34,0.00,0.00
169,1.42,0.00,0.67,0.21,0.09,0.03,0.00,1.40,0.34,0.00,0.97,0.00,0.00,49.96,0.77,6.31,30.09,7.73,0.00,0.00
170,0.23,0.02,1.23,2.74,0.29,2.20,3.96,4.61,1.66,4.26,4.00,0.00,0.08,1.90,0.80,0.11,0.28,71.51,0.12,0.00
171,0.73,0.02,0.05,0.07,0.01,0.02,0.00,0.29,0.31,0.00,0.14,0.07,0.00,5.96,0.38,5.43,32.65,53.88,0.00,0.00
172,0.12,0.00,0.12,0.01,0.00,0.06,0.00,0.10,0.07,0.00,0.55,0.00,0.00,0.02,0.02,0.00,0.08,98.31,0.55,0.00
173,0.12,0.00,3.41,3.39,1.52,1.09,4.70,1.66,0.68,2.34,0.20,0.03,0.02,4.79,0.21,0.04,5.17,70.62,0.00,0.00
174,0.05,0.00,0.05,0.00,0.08,0.00,0.00,0.00,0.06,0.00,0.00,0.00,0.02,7.05,0.11,0.44,59.09,33.04,0.00,0.00
175,0.00,0.00,0.01,0.00,0.00,0.00,0.00,0.00,0.00,0.00,0.00,0.00,0.00,0.00,0.00,0.00,0.12,99.86,0.02,0.00
176,0.00,0.00,0.23,0.01,0.00,0.03,0.00,0.02,0.13,0.00,0.08,0.00,0.00,9.42,0.76,0.01,0.56,88.75,0.00,0.00
177,0.02,0.31,0.31,0.01,0.01,0.00,0.00,0.00,0.02,0.00,0.00,0.00,0.01,0.00,0.00,0.00,11.00,88.32,0.00,0.00
178,0.00,0.00,0.00,0.00,0.00,0.00,0.00,0.00,0.01,0.00,0.00,0.00,0.00,0.00,0.10,0.00,32.66,67.23,0.00,0.00
179,0.01,0.00,0.28,0.00,0.00,0.01,0.00,0.00,0.15,0.00,0.03,0.00,0.00,14.60,0.14,0.01,6.75,78.02,0.00,0.00
180,0.00,0.00,0.20,0.00,0.00,0.00,0.00,0.00,0.18,0.00,0.00,0.00,0.00,17.80,1.32,0.59,11.57,68.34,0.00,0.00
181,0.00,0.00,0.44,0.12,0.00,0.00,0.00,0.12,0.08,0.00,0.27,0.00,0.00,0.00,0.00,0.00,1.30,97.66,0.00,0.00
182,0.11,0.00,0.00,0.00,0.00,0.00,0.00,0.00,0.01,0.00,0.00,0.00,0.00,0.00,0.00,0.00,89.51,10.37,0.00,0.00
183,0.34,0.00,0.37,0.02,0.02,0.01,0.00,0.00,0.27,0.00,0.00,0.00,0.03,3.67,0.70,0.05,6.43,88.11,0.00,0.00
184,0.00,0.00,0.65,0.86,0.04,0.23,0.00,5.98,1.51,0.00,16.87,0.01,0.00,0.00,0.00,0.00,1.25,48.96,23.64,0.00
185,0.01,0.00,0.00,0.00,0.00,0.00,0.00,0.00,0.06,0.00,0.00,0.00,0.00,0.00,0.03,0.00,0.09,99.81,0.00,0.00
186,0.00,0.00,0.10,0.00,0.00,0.00,0.00,0.00,0.00,0.00,0.00,0.00,0.00,0.02,0.00,0.00,0.23,54.31,45.34,0.00
187,2.37,0.00,2.18,4.23,1.97,0.60,4.30,4.43,1.97,7.03,1.23,0.01,0.01,15.01,23.50,5.27,10.56,15.32,0.00,0.00
188,0.44,0.08,0.28,0.02,0.00,0.00,0.00,0.03,0.14,0.00,0.03,0.00,0.00,41.09,2.95,0.20,52.04,2.71,0.00,0.00
189,0.03,0.00,0.06,0.00,0.00,0.00,0.00,0.00,0.01,0.00,0.00,0.00,0.01,0.00,0.01,0.00,3.60,96.28,0.00,0.00
190,0.09,0.00,0.04,0.00,0.00,0.00,0.00,0.00,0.11,0.00,0.00,0.00,0.00,13.16,0.81,0.74,34.72,50.33,0.00,0.00
191,0.04,0.04,0.08,0.01,0.00,0.00,0.00,0.00,0.25,0.00,0.00,0.00,0.05,4.89,16.51,0.07,0.81,77.25,0.00,0.00
192,0.00,0.00,0.19,0.00,0.00,0.00,0.00,0.00,0.03,0.00,0.00,0.00,0.01,0.21,0.03,0.00,0.08,99.45,0.00,0.00
193,0.02,0.00,0.10,0.00,0.00,0.00,0.00,0.00,0.03,0.00,0.00,0.00,0.01,0.01,0.29,0.19,6.00,84.27,9.08,0.00
194,8.15,0.00,0.33,0.25,0.08,0.09,0.00,1.68,0.53,0.00,1.59,0.00,0.00,0.13,3.13,0.11,13.17,70.64,0.00,0.10
195,2.64,30.75,0.15,0.07,0.00,0.06,0.00,0.22,0.36,0.00,0.03,0.00,0.00,16.62,12.49,0.19,0.36,36.07,0.00,0.00
196,0.30,0.00,0.44,0.16,0.06,0.03,0.00,1.61,0.32,0.02,2.72,0.03,0.97,0.32,0.43,0.33,2.27,89.89,0.11,0.00
197,0.00,0.00,0.00,0.00,0.00,0.00,0.00,0.00,0.01,0.00,0.00,0.00,0.00,0.00,0.00,0.00,6.70,93.29,0.00,0.00
198,0.02,0.00,0.22,0.01,0.00,0.00,0.00,0.00,0.02,0.00,0.00,0.00,0.02,0.00,0.00,0.00,11.64,88.07,0.00,0.00
199,0.88,0.00,0.00,0.00,0.00,0.00,0.00,0.00,0.02,0.00,0.00,0.00,0.04,0.00,0.00,0.02,5.30,33.21,60.55,0.00
200,0.21,0.00,0.21,0.00,0.00,0.00,0.00,0.00,0.01,0.00,0.00,0.00,0.00,0.00,0.00,0.00,96.28,3.29,0.00,0.00
201,0.02,0.00,0.00,0.00,0.00,0.00,0.00,0.00,0.02,0.00,0.00,0.00,0.00,0.00,0.00,0.00,47.53,52.43,0.00,0.00
202,0.00,0.00,0.00,0.00,0.00,0.00,0.00,0.00,0.04,0.00,0.00,0.00,0.00,0.00,0.00,0.00,0.00,99.57,0.39,0.00
203,0.29,0.07,0.14,0.12,0.03,0.02,0.00,0.21,0.41,0.00,0.19,0.01,0.02,11.57,0.29,0.02,0.15,86.45,0.00,0.00
204,0.08,0.01,0.43,0.03,0.06,0.00,0.00,0.13,0.17,0.00,0.19,0.01,0.00,10.63,0.15,1.25,55.40,31.46,0.00,0.00
205,0.08,0.00,0.52,0.02,0.00,0.00,0.00,0.00,0.02,0.00,0.00,0.01,0.00,0.00,0.00,0.00,0.08,99.27,0.00,0.00
206,0.01,0.00,0.00,0.00,0.01,0.00,0.00,0.00,0.01,0.00,0.00,0.00,0.00,0.02,0.19,0.01,0.20,99.55,0.00,0.00
207,0.85,0.01,0.00,0.00,0.00,0.00,0.00,0.00,0.05,0.00,0.00,0.00,0.00,9.87,0.20,0.20,6.86,81.96,0.00,0.00
208,0.03,0.00,0.06,0.01,0.20,0.00,0.00,0.00,0.16,0.00,0.00,0.00,0.01,0.20,3.39,0.04,20.24,75.67,0.00,0.00
209,0.04,0.00,0.19,0.01,0.00,0.00,0.00,0.01,0.26,0.00,0.01,0.00,0.00,87.40,5.05,0.04,4.86,2.13,0.00,0.00
210,0.00,0.00,0.11,0.00,0.00,0.00,0.00,0.00,0.00,0.00,0.00,0.00,0.00,0.01,0.07,0.00,0.79,99.01,0.00,0.00
211,0.06,0.00,0.08,0.01,0.04,0.00,0.00,0.00,0.10,0.00,0.00,0.00,0.00,1.63,0.06,0.00,1.71,96.31,0.00,0.00
212,0.00,0.00,0.41,0.00,0.00,0.00,0.00,0.01,0.01,0.00,0.30,0.00,0.00,0.00,0.00,0.00,86.19,13.07,0.00,0.00
213,0.01,0.00,0.09,0.00,0.00,0.00,0.00,0.00,0.11,0.00,0.00,0.00,0.00,0.84,0.38,1.15,28.27,69.14,0.00,0.00
214,7.21,0.00,0.00,0.00,0.00,0.00,0.00,0.00,0.00,0.00,0.00,0.00,0.00,0.00,0.05,0.00,2.00,90.74,0.00,0.00
215,2.29,0.01,0.40,0.26,0.23,0.15,0.00,0.34,0.90,0.57,1.69,0.00,0.01,0.27,0.64,0.25,0.01,92.00,0.00,0.00
216,0.01,0.02,0.18,0.00,0.00,0.00,0.00,0.00,0.01,0.00,0.00,0.00,0.12,0.01,0.04,0.01,1.53,98.07,0.00,0.00
217,0.00,0.00,0.03,0.00,0.00,0.00,0.00,0.00,0.01,0.00,0.00,0.00,0.00,0.51,0.05,0.00,29.24,70.15,0.00,0.00
218,0.19,0.00,0.32,0.00,0.01,0.00,0.00,0.00,0.09,0.00,0.00,0.00,0.00,9.36,0.16,0.06,46.10,43.70,0.00,0.00
219,9.32,0.00,0.42,0.05,0.04,0.06,0.00,0.04,0.80,0.00,0.14,0.00,0.00,3.01,0.34,4.02,58.69,23.05,0.00,0.00
220,0.16,0.00,0.42,0.05,0.00,0.01,0.00,0.24,0.31,0.00,0.23,0.03,0.00,76.93,1.62,0.88,5.45,13.66,0.00,0.00
221,0.10,0.00,1.83,3.68,4.05,0.65,2.24,7.10,2.73,11.42,10.09,0.04,0.45,5.12,3.13,0.37,2.97,44.03,0.00,0.00
222,1.06,0.03,0.13,0.03,0.00,0.00,0.00,0.12,0.23,0.00,0.12,0.00,0.01,72.35,1.77,0.66,19.68,3.81,0.00,0.00
223,0.02,0.00,0.48,0.00,0.00,0.00,0.00,0.00,0.01,0.00,0.00,0.00,0.00,0.00,0.00,0.00,1.33,91.39,6.77,0.00
224,2.74,10.15,0.78,0.79,1.48,0.04,0.40,2.75,0.58,1.38,2.24,0.70,0.75,45.22,4.44,0.87,1.70,22.98,0.00,0.00
225,0.28,0.00,0.20,0.00,0.00,0.00,0.00,0.00,0.11,0.00,0.00,0.00,0.00,0.89,0.63,0.32,5.76,91.81,0.00,0.00
226,0.02,0.00,0.12,0.01,0.00,0.00,0.00,0.02,0.15,0.00,0.02,0.00,0.00,50.49,5.23,0.01,39.64,4.28,0.00,0.00
227,0.00,0.00,0.60,0.06,0.01,0.00,0.01,0.08,0.05,0.02,0.55,0.02,0.02,0.00,0.00,0.00,6.14,92.46,0.00,0.00
228,0.09,0.00,0.16,0.00,0.00,0.00,0.00,0.00,0.07,0.00,0.00,0.00,0.02,2.11,0.22,0.00,5.32,91.95,0.00,0.06
229,0.00,0.00,0.00,0.00,0.00,0.00,0.00,0.00,0.00,0.00,0.00,0.09,0.00,0.00,0.00,0.00,14.43,85.47,0.00,0.00
230,0.00,0.00,0.09,0.00,0.00,0.00,0.00,0.00,0.00,0.00,0.00,0.00,0.00,0.00,0.00,0.00,0.00,98.47,1.44,0.00
231,0.10,0.00,0.60,0.07,0.04,0.00,0.00,0.35,0.09,0.00,0.69,0.05,0.00,2.86,0.02,0.14,40.52,54.44,0.00,0.00
232,0.03,0.02,0.19,0.00,0.00,0.00,0.00,0.00,0.02,0.00,0.00,0.00,0.00,0.77,0.57,0.21,16.13,78.72,3.33,0.00
233,0.00,0.00,0.13,0.00,0.00,0.00,0.00,0.00,0.01,0.00,0.00,0.00,0.00,0.00,0.00,0.00,99.40,0.47,0.00,0.00
234,0.23,0.00,0.16,0.00,0.00,0.00,0.00,0.00,0.01,0.00,0.00,0.00,0.01,0.00,0.00,0.00,74.34,25.25,0.00,0.00
235,0.00,0.00,0.00,0.00,0.00,0.00,0.00,0.00,0.02,0.00,0.00,0.00,0.00,0.00,0.00,0.00,5.51,93.08,1.38,0.00
236,0.02,0.00,0.00,0.00,0.00,0.02,0.00,0.00,0.00,0.00,0.00,0.00,0.00,0.01,0.00,0.00,0.11,99.85,0.00,0.00
237,0.89,0.02,0.66,0.30,0.09,0.22,0.50,2.12,1.62,0.01,2.00,0.01,0.00,5.92,2.65,1.58,1.06,63.58,16.78,0.00
238,0.48,0.00,0.23,0.00,0.00,0.00,0.00,0.00,0.01,0.00,0.00,0.00,0.00,0.12,0.01,0.00,58.49,40.65,0.00,0.00
239,0.03,0.00,0.51,0.12,0.01,0.00,0.00,0.16,0.09,0.00,0.14,0.03,0.00,0.21,0.30,0.05,0.65,97.69,0.00,0.00
240,0.36,0.00,0.00,0.00,0.00,0.00,0.00,0.00,0.00,0.00,0.00,0.00,0.00,0.05,1.80,0.15,5.06,40.81,51.78,0.00
241,0.00,0.00,0.52,0.00,0.09,0.00,0.00,0.00,0.07,0.00,0.00,0.13,0.00,0.01,0.02,0.00,0.17,98.99,0.00,0.00
242,0.00,0.00,0.34,0.02,0.01,0.00,0.00,0.00,0.03,0.00,0.00,0.00,0.00,0.00,0.16,0.00,7.37,86.59,5.48,0.00
243,0.00,0.02,0.39,0.00,0.00,0.00,0.00,0.00,0.07,0.00,0.00,0.00,0.00,0.43,0.00,0.01,10.43,88.62,0.00,0.00
244,0.03,0.00,0.00,0.00,0.00,0.00,0.00,0.00,0.00,0.00,0.00,0.00,0.67,0.00,0.00,0.00,2.51,96.79,0.00,0.00
245,0.72,0.00,0.02,0.00,0.00,0.00,0.00,0.00,0.00,0.00,0.00,0.00,0.00,0.01,0.12,0.00,6.42,92.71,0.00,0.00
246,0.63,0.00,0.33,0.03,0.00,0.00,0.00,0.08,0.26,0.00,0.05,0.00,0.00,23.77,0.28,1.19,54.89,18.48,0.00,0.00
247,0.00,0.00,0.49,0.01,0.00,0.01,0.00,0.00,0.02,0.00,0.00,0.08,0.00,0.77,0.39,0.00,0.00,98.23,0.00,0.00
248,0.43,0.00,0.24,0.00,0.00,0.00,0.00,0.00,0.01,0.00,0.00,0.00,0.00,0.00,0.01,0.00,13.35,85.95,0.00,0.00
249,1.45,0.01,0.43,1.18,0.29,0.26,1.05,2.40,1.09,0.08,5.37,0.00,0.00,9.99,0.76,1.73,5.49,68.44,0.00,0.00
250,0.01,0.00,0.75,2.04,0.14,2.74,1.37,4.79,1.77,4.57,2.37,0.08,0.07,0.76,0.70,0.00,0.01,47.90,29.93,0.00
251,0.00,0.00,0.00,0.00,0.00,0.00,0.00,0.00,0.01,0.00,0.00,0.00,0.05,0.00,0.00,0.00,0.18,75.09,24.67,0.00
252,0.01,0.00,0.04,0.04,0.01,0.00,0.00,0.00,0.07,0.00,0.00,0.00,0.00,0.17,0.06,0.00,5.81,93.78,0.00,0.00
253,0.00,0.00,0.32,0.02,0.00,0.00,0.00,0.06,0.05,0.00,0.30,0.00,0.01,0.55,0.00,0.07,0.03,98.58,0.00,0.00
254,0.04,0.00,0.48,0.12,0.02,0.02,0.00,0.33,0.25,0.00,0.05,0.01,0.01,55.47,0.73,0.02,32.78,9.68,0.00,0.00
255,1.09,0.00,0.00,0.04,0.00,0.00,0.00,0.00,0.02,0.00,0.00,0.00,0.00,0.02,0.09,0.00,0.00,98.73,0.00,0.00
256,0.17,0.00,0.32,0.13,0.00,0.02,0.14,0.17,0.38,0.01,0.15,0.00,0.02,56.44,0.63,0.11,38.49,2.80,0.00,0.00
257,0.00,0.00,0.00,0.00,0.00,0.00,0.00,0.00,0.00,0.00,0.00,0.00,0.00,0.01,0.00,0.00,50.97,49.02,0.00,0.00
258,0.00,0.00,0.00,0.00,0.00,0.00,0.00,0.00,0.03,0.00,0.00,0.00,0.00,0.00,0.00,0.00,23.77,76.20,0.00,0.00
259,0.01,0.00,0.29,0.03,0.00,0.00,0.00,0.00,0.04,0.00,0.00,0.00,0.00,0.00,0.01,0.00,0.52,99.11,0.00,0.00
260,4.09,0.00,0.23,0.01,0.03,0.02,0.00,0.00,0.02,0.00,0.00,0.00,0.48,0.00,0.00,0.00,0.01,95.11,0.00,0.00
261,0.94,0.01,0.64,0.06,0.01,0.01,0.00,0.25,0.38,0.00,0.19,0.00,0.00,8.32,0.96,8.36,31.62,48.26,0.00,0.00
262,5.78,0.04,1.06,0.89,0.35,0.17,0.00,1.37,3.30,1.13,8.86,0.00,0.13,3.83,23.96,2.46,2.23,44.44,0.00,0.00
263,0.00,0.00,0.00,0.00,0.00,0.00,0.00,0.00,0.00,0.00,0.00,0.00,0.18,0.00,0.00,0.00,0.00,99.51,0.30,0.00
264,0.00,0.00,0.08,0.00,0.00,0.00,0.00,0.00,0.00,0.00,0.00,0.00,0.00,0.00,0.00,0.00,21.81,78.11,0.00,0.00
265,0.03,0.00,0.14,0.00,0.00,0.00,0.00,0.00,0.01,0.00,0.00,0.00,0.01,0.00,0.00,0.00,19.44,80.37,0.00,0.00
266,0.45,0.03,0.16,0.12,0.05,0.01,0.00,0.35,0.52,0.00,0.31,0.00,0.00,10.19,7.30,1.17,32.69,46.66,0.00,0.00
267,0.02,0.00,0.29,0.01,0.00,0.00,0.00,0.00,0.00,0.00,0.00,0.00,0.00,0.12,0.10,0.00,25.86,65.31,8.28,0.00
268,0.00,0.01,0.20,0.00,0.00,0.00,0.00,0.00,0.01,0.00,0.00,0.00,0.00,0.00,0.00,0.00,2.49,97.28,0.00,0.00
269,0.00,0.00,0.26,0.00,0.00,0.00,0.00,0.00,0.01,0.00,0.00,0.00,0.00,0.08,0.00,0.00,46.80,52.85,0.00,0.00
270,0.00,0.00,0.00,0.00,0.00,0.00,0.00,0.00,0.01,0.00,0.00,0.00,0.00,0.00,0.00,0.00,80.75,19.24,0.00,0.00
271,0.71,0.00,0.67,0.24,0.03,0.16,0.06,0.73,1.83,0.00,0.98,0.00,0.00,11.60,4.35,3.02,58.26,17.37,0.00,0.00
272,0.00,0.00,0.00,0.00,0.00,0.00,0.00,0.00,0.07,0.00,0.00,0.00,0.02,0.00,0.00,0.00,1.08,98.83,0.00,0.00
273,0.00,0.00,0.00,0.00,0.00,0.00,0.00,0.00,0.00,0.00,0.00,0.00,0.00,0.00,0.00,0.00,32.52,62.75,0.00,4.73
274,0.00,0.00,0.01,0.00,0.00,0.01,0.00,0.00,0.00,0.00,0.00,0.00,0.00,0.00,0.00,0.00,0.00,92.90,7.07,0.00
275,0.05,0.01,0.96,0.58,0.04,0.51,0.10,1.35,0.64,1.39,1.39,0.22,0.02,13.98,7.77,0.01,0.04,69.78,1.15,0.00
276,0.00,0.00,0.46,0.01,0.00,0.00,0.00,0.00,0.03,0.00,0.00,0.00,0.00,0.00,0.00,0.00,0.00,98.17,1.33,0.00
277,0.00,0.00,0.33,0.00,0.00,0.00,0.00,0.00,0.00,0.00,0.00,0.00,0.00,0.00,0.00,0.00,0.04,99.63,0.00,0.00
278,2.68,0.07,0.30,0.04,0.00,0.00,0.00,0.03,0.14,0.00,0.01,0.00,0.00,33.99,1.51,0.25,49.54,11.43,0.00,0.00
279,1.11,0.01,0.58,0.57,0.34,1.35,0.89,3.68,0.57,1.44,0.67,0.00,0.00,0.36,0.11,0.00,5.09,83.24,0.00,0.00
280,0.43,0.00,0.20,0.00,0.00,0.00,0.00,0.00,0.12,0.00,0.00,0.00,0.00,84.59,0.57,0.12,11.83,2.13,0.00,0.00
281,0.00,0.00,0.55,0.00,0.00,0.00,0.00,0.00,0.07,0.00,0.00,0.00,0.04,0.88,0.03,0.07,0.16,98.19,0.00,0.00
282,0.00,0.00,0.50,0.02,0.00,0.00,0.00,0.01,0.07,0.00,0.12,0.00,0.00,0.00,0.00,0.00,0.00,97.75,1.51,0.00
283,0.37,0.00,0.57,0.96,0.19,0.09,0.37,1.52,0.70,0.01,2.21,0.05,0.01,1.04,3.01,0.43,6.24,82.22,0.00,0.00
284,1.45,0.07,0.39,0.10,0.01,0.00,0.00,0.26,0.24,0.00,0.08,0.03,0.00,49.89,0.54,0.52,42.78,3.65,0.00,0.00
285,0.02,0.13,0.04,0.00,0.02,0.00,0.00,0.00,0.06,0.00,0.00,0.00,0.01,3.28,0.04,0.07,73.69,22.64,0.00,0.00
286,0.00,0.00,0.00,0.00,0.00,0.00,0.00,0.00,0.00,0.00,0.00,0.00,0.00,0.01,0.00,0.00,0.00,99.34,0.64,0.00
287,0.49,0.00,0.57,0.62,0.10,0.12,0.21,1.38,0.50,0.03,3.64,0.00,0.04,10.65,4.33,1.00,18.33,57.99,0.00,0.00
288,0.01,0.00,0.00,0.00,0.00,0.00,0.00,0.00,0.03,0.00,0.00,0.00,0.00,0.34,0.00,0.09,12.22,87.32,0.00,0.00
289,0.54,0.00,0.73,0.02,0.01,0.00,0.00,0.14,0.33,0.00,0.05,0.03,0.00,42.69,0.58,4.35,43.96,6.58,0.00,0.00
290,0.00,0.00,0.00,0.00,0.00,0.00,0.00,0.00,0.00,0.00,0.00,0.00,0.00,0.00,0.00,0.00,1.14,96.62,2.24,0.00
291,0.02,0.03,0.35,0.21,0.04,0.03,0.00,0.39,0.71,0.00,0.07,0.00,0.00,7.90,3.57,0.75,16.78,69.13,0.00,0.00
292,0.01,0.00,0.00,0.00,0.00,0.00,0.00,0.00,0.01,0.00,0.00,0.00,0.00,0.00,0.02,0.00,0.00,75.60,24.36,0.00
293,0.03,0.00,0.21,0.00,0.02,0.00,0.00,0.00,0.02,0.00,0.00,0.00,0.01,0.15,0.77,0.08,6.39,91.02,1.32,0.00
294,1.69,0.01,1.21,2.85,0.38,0.86,3.85,4.32,0.98,4.14,1.30,0.00,0.00,15.59,0.72,6.81,30.53,24.77,0.00,0.00
295,0.06,0.00,0.15,0.02,0.00,0.00,0.00,0.00,0.19,0.00,0.00,0.00,0.02,0.01,0.00,0.02,3.52,96.01,0.00,0.00
296,0.00,0.00,0.19,0.00,0.00,0.00,0.00,0.00,0.02,0.00,0.00,0.00,0.03,1.03,0.03,0.00,5.44,91.35,1.91,0.00
297,0.00,0.00,0.00,0.00,0.00,0.00,0.00,0.00,0.00,0.00,0.00,0.00,0.00,0.00,0.00,0.00,0.00,99.15,0.84,0.00
298,0.00,0.06,0.18,0.00,0.00,0.00,0.00,0.00,0.10,0.00,0.00,0.00,0.00,0.87,0.19,0.00,0.14,98.45,0.00,0.00
299,0.24,0.00,0.39,0.15,0.16,0.02,0.13,0.20,0.50,0.00,0.35,0.00,0.00,60.07,2.27,0.38,5.85,29.29,0.00,0.00
300,0.00,0.00,0.46,0.00,0.02,0.00,0.00,0.00,0.05,0.00,0.00,0.06,0.04,7.59,0.16,0.00,75.98,15.63,0.00,0.00
301,0.03,0.00,0.67,0.01,0.00,0.00,0.00,0.00,0.03,0.00,0.00,0.00,0.00,0.02,0.05,0.04,0.10,99.03,0.00,0.00
302,0.00,0.00,0.00,0.00,0.00,0.00,0.00,0.00,0.04,0.00,0.00,0.00,0.00,0.00,0.00,0.00,3.60,96.36,0.00,0.00
303,0.05,0.00,0.22,0.03,0.00,0.00,0.07,0.00,0.09,0.01,0.00,0.05,0.01,5.23,1.52,0.06,0.00,92.64,0.00,0.00
304,0.32,0.04,1.65,2.53,0.55,0.93,2.93,3.64,1.81,1.67,4.19,0.62,0.01,12.10,3.13,1.17,8.28,54.30,0.12,0.00
305,0.06,0.01,0.73,0.35,0.10,0.09,0.07,0.45,0.40,0.00,0.14,0.59,0.02,15.99,17.39,0.24,0.02,62.27,1.07,0.00
306,0.00,0.00,0.00,0.00,0.00,0.00,0.00,0.00,0.00,0.00,0.00,0.00,0.00,0.00,0.00,0.00,0.00,100.00,0.00,0.00
307,0.14,0.00,0.41,0.04,0.00,0.00,0.00,0.13,0.05,0.00,0.42,0.00,0.01,19.13,0.23,0.02,70.89,8.52,0.00,0.00
308,0.00,0.00,0.08,0.00,0.00,0.00,0.00,0.00,0.16,0.00,0.00,0.00,0.00,23.90,0.04,0.00,70.19,5.63,0.00,0.00
309,0.69,0.00,0.72,0.26,0.02,0.01,0.04,0.31,0.29,0.00,0.16,0.00,0.00,61.13,0.95,4.64,24.18,6.61,0.00,0.00
310,0.42,0.00,0.37,0.00,0.17,0.00,0.00,0.00,0.03,0.00,0.00,0.00,0.57,0.00,0.00,0.00,5.86,92.58,0.00,0.00
311,0.00,0.00,0.45,0.12,0.19,0.01,0.09,0.37,0.39,0.00,0.27,0.06,0.07,47.20,0.53,0.03,13.97,36.25,0.00,0.00
312,5.44,3.63,1.28,2.14,1.16,0.41,1.09,3.79,2.46,2.24,3.28,0.15,0.01,18.21,6.57,0.22,2.72,45.10,0.10,0.00
313,0.00,0.00,0.33,0.02,0.00,0.00,0.00,0.00,0.30,0.00,0.00,0.00,0.00,0.00,0.00,0.00,3.06,96.30,0.00,0.00
314,0.00,0.00,0.09,0.00,0.00,0.01,0.00,0.00,0.05,0.00,0.00,0.00,0.00,0.01,0.03,0.00,0.08,99.73,0.00,0.00
315,0.00,0.00,0.14,0.00,0.00,0.00,0.00,0.00,0.00,0.00,0.00,0.00,0.00,0.00,0.00,0.00,0.00,80.57,19.29,0.00
316,0.24,0.01,0.00,0.00,0.00,0.00,0.00,0.00,0.00,0.00,0.00,0.00,0.00,0.00,0.01,0.00,16.84,75.27,7.64,0.00
317,0.00,0.00,0.00,0.00,0.00,0.00,0.00,0.00,0.00,0.00,0.00,0.00,0.00,0.00,0.00,0.00,8.48,91.52,0.00,0.00
318,0.00,0.01,0.29,0.03,0.00,0.00,0.00,0.10,0.10,0.00,0.38,0.00,0.00,0.82,1.23,0.07,0.00,96.98,0.00,0.00
319,0.08,0.29,0.23,0.00,0.00,0.00,0.00,0.00,0.09,0.00,0.00,0.00,0.00,1.02,0.14,0.00,0.04,98.10,0.00,0.00
320,0.50,0.00,0.00,0.00,0.00,0.00,0.00,0.02,0.02,0.00,0.06,0.00,0.00,0.01,0.06,0.01,0.97,98.35,0.00,0.00
321,0.00,0.00,0.00,0.00,0.00,0.00,0.00,0.00,0.00,0.00,0.00,0.00,0.00,0.00,0.00,0.00,4.43,95.36,0.00,0.21
322,0.38,0.01,0.29,0.05,0.03,0.00,0.00,0.16,0.23,0.00,0.11,0.00,0.00,55.05,0.49,2.38,37.79,3.01,0.00,0.00
323,0.04,0.00,0.12,0.01,0.37,0.00,0.00,0.00,0.25,0.00,0.00,0.00,0.01,0.16,1.74,0.28,2.49,94.54,0.00,0.00
324,0.00,0.00,0.02,0.01,0.00,0.00,0.00,0.00,0.01,0.00,0.00,0.00,0.00,0.00,0.00,0.00,6.42,93.54,0.00,0.00
325,0.02,0.00,0.00,0.00,0.00,0.00,0.00,0.00,0.03,0.00,0.00,0.00,0.00,3.14,0.08,0.00,59.47,37.27,0.00,0.00
326,0.15,0.04,0.63,0.23,0.03,0.04,0.00,0.62,0.54,0.00,0.24,0.00,0.01,6.91,54.28,2.12,2.51,31.66,0.00,0.00
327,0.00,0.00,0.14,0.04,0.02,0.02,0.00,0.18,0.02,0.00,0.86,0.00,0.04,0.00,0.00,0.00,7.00,91.67,0.00,0.00
328,0.32,0.01,0.47,0.08,0.00,0.00,0.00,0.16,0.48,0.00,0.12,0.00,0.03,1.64,22.87,3.97,1.59,68.24,0.00,0.00
329,0.13,0.04,0.06,0.08,1.26,0.09,0.01,0.02,0.44,0.14,0.39,0.01,0.00,0.76,0.03,0.02,0.71,94.77,1.07,0.00
330,0.03,0.00,0.50,0.03,0.00,0.00,0.00,0.00,0.17,0.00,0.00,0.00,0.00,2.63,0.29,0.00,0.00,96.33,0.00,0.00
331,0.26,0.00,0.20,0.24,0.02,0.15,0.00,0.25,1.36,0.00,0.37,0.00,0.00,0.32,0.42,0.47,3.45,92.49,0.00,0.00
332,0.31,0.03,0.28,0.03,0.01,0.00,0.00,0.00,1.21,0.00,0.00,0.00,0.00,1.26,3.77,0.68,0.00,91.69,0.73,0.00
333,0.04,0.01,0.23,0.00,0.00,0.00,0.00,0.00,0.02,0.00,0.00,0.00,0.00,6.29,0.07,0.01,83.40,9.93,0.00,0.00
334,0.37,0.00,0.22,0.00,0.00,0.00,0.00,0.00,0.01,0.00,0.00,0.00,0.01,0.26,0.03,0.03,24.68,74.40,0.00,0.00
335,0.17,0.88,0.21,0.08,0.09,0.08,0.05,0.15,0.09,0.02,1.08,0.00,2.37,0.08,0.11,0.00,0.00,94.54,0.00,0.00
336,0.00,0.00,0.13,0.00,0.00,0.00,0.00,0.00,0.00,0.00,0.00,0.00,0.00,0.00,0.00,0.00,0.00,98.12,1.75,0.00
337,0.59,0.00,2.23,5.61,1.63,0.63,7.55,3.19,1.41,4.35,0.81,0.03,0.15,53.99,0.29,0.00,11.08,6.47,0.00,0.00
338,0.00,0.00,0.18,0.00,0.00,0.00,0.00,0.00,0.00,0.00,0.00,0.00,0.00,0.00,0.00,0.01,0.57,99.24,0.00,0.00
339,0.00,0.00,0.00,0.00,0.00,0.00,0.00,0.00,0.00,0.00,0.00,0.00,0.00,0.00,0.00,0.00,47.51,52.49,0.00,0.00
340,0.57,0.00,0.45,0.04,0.01,0.00,0.00,0.15,0.36,0.00,0.12,0.00,0.00,3.88,0.66,0.08,11.66,82.02,0.00,0.00
341,0.20,0.00,0.10,0.02,0.02,0.00,0.00,0.00,0.12,0.00,0.00,0.00,1.96,0.00,0.00,0.00,0.00,66.81,30.77,0.00
342,0.57,0.00,0.69,0.19,0.06,0.10,0.00,0.54,0.34,0.00,0.61,0.02,0.00,1.04,0.13,4.40,60.95,30.36,0.00,0.00
343,0.10,0.00,0.33,0.04,0.00,0.00,0.00,0.07,0.16,0.00,0.07,0.03,0.00,1.91,1.70,1.73,39.52,54.35,0.00,0.00
344,0.19,1.57,0.45,0.26,0.02,0.04,0.07,0.64,0.41,0.00,0.98,0.00,0.00,56.76,4.36,1.81,7.25,25.18,0.00,0.00
345,0.09,0.05,0.67,0.15,0.02,0.00,0.00,0.35,0.24,0.00,0.22,0.00,0.00,9.50,29.81,0.70,2.10,56.10,0.00,0.00
346,0.76,0.78,0.13,0.00,0.00,0.00,0.00,0.00,0.10,0.00,0.00,0.00,0.00,0.01,0.36,0.00,0.01,97.86,0.00,0.00
347,0.02,0.00,0.00,0.00,0.00,0.00,0.00,0.00,0.01,0.00,0.00,0.00,0.00,0.00,0.00,0.00,18.13,81.83,0.00,0.00
348,0.00,0.00,0.00,0.00,0.00,0.00,0.00,0.00,0.00,0.00,0.00,0.00,0.00,0.04,0.00,0.04,16.61,83.31,0.00,0.00
349,0.04,0.00,0.08,0.00,0.00,0.00,0.00,0.00,0.07,0.00,0.00,0.00,0.00,1.12,0.36,0.01,3.37,94.95,0.00,0.00
350,0.12,0.00,0.13,0.00,0.00,0.00,0.00,0.00,0.02,0.00,0.00,0.00,0.00,0.00,0.00,0.00,13.57,86.17,0.00,0.00
351,0.00,0.00,0.29,0.03,0.00,0.00,0.00,0.04,0.14,0.00,0.38,0.00,0.00,2.49,6.09,0.20,7.89,82.44,0.00,0.00
352,0.33,0.01,1.67,2.40,0.56,0.31,2.26,5.75,1.64,4.42,1.85,0.14,0.00,4.09,18.74,4.96,16.56,34.31,0.00,0.00
353,0.01,0.00,0.00,0.00,0.00,0.00,0.00,0.00,0.13,0.00,0.00,0.00,0.11,0.03,1.84,0.16,0.98,96.73,0.00,0.00
354,0.01,0.00,0.00,0.00,0.00,0.00,0.00,0.00,0.00,0.00,0.00,0.00,0.00,0.06,0.00,0.00,34.88,65.05,0.00,0.00
355,0.63,0.02,0.73,0.11,0.05,0.18,0.11,0.08,0.65,0.01,0.17,0.00,0.00,43.71,1.03,0.23,45.24,7.06,0.00,0.00
356,0.00,0.00,0.00,0.00,0.00,0.00,0.00,0.00,0.01,0.00,0.00,0.00,0.00,0.00,0.02,0.00,1.04,98.02,0.90,0.00
357,0.17,0.00,0.67,0.57,0.10,0.04,0.16,1.01,1.52,0.00,1.44,0.00,0.23,0.08,0.04,0.48,30.22,63.27,0.00,0.00
358,1.44,0.01,0.34,0.24,0.03,0.13,0.06,0.42,0.79,0.85,0.21,0.00,0.15,3.17,4.02,4.71,48.90,34.53,0.00,0.00
359,0.01,0.00,0.03,0.00,0.00,0.00,0.00,0.00,0.15,0.00,0.00,0.00,0.00,4.92,0.22,1.09,60.85,32.73,0.00,0.00
360,0.14,0.08,0.15,0.03,0.00,0.00,0.00,0.10,0.15,0.00,0.01,0.00,0.00,0.89,13.37,1.03,23.71,59.55,0.78,0.00
361,1.44,0.05,0.00,0.00,0.00,0.00,0.00,0.00,0.00,0.00,0.00,0.00,0.02,0.04,0.16,0.00,0.10,97.41,0.77,0.00
362,0.00,0.00,0.00,0.00,0.00,0.00,0.00,0.00,0.00,0.00,0.00,0.00,0.00,0.00,0.00,0.00,0.00,92.16,7.84,0.00
363,2.20,0.01,0.18,0.30,2.49,0.26,0.47,0.68,0.21,1.53,0.36,0.10,0.05,0.17,0.32,0.05,29.96,60.68,0.00,0.00
364,0.03,0.00,0.07,0.00,0.00,0.00,0.00,0.00,0.00,0.00,0.00,0.00,0.00,0.00,0.00,0.00,0.00,99.90,0.00,0.00
365,0.01,0.00,0.09,0.00,0.00,0.00,0.00,0.00,0.01,0.00,0.05,0.00,0.00,0.00,0.00,0.00,54.37,45.46,0.00,0.00
366,0.67,0.00,0.04,0.01,0.00,0.00,0.00,0.03,0.26,0.00,0.04,0.00,0.00,50.94,0.63,0.19,29.34,17.84,0.00,0.00
367,0.00,0.00,0.01,0.00,0.00,0.00,0.00,0.00,0.02,0.00,0.00,0.00,0.00,0.11,0.00,0.00,8.08,91.79,0.00,0.00
368,0.19,0.00,0.19,0.06,0.05,0.20,0.00,0.01,0.61,0.00,0.17,0.00,1.56,50.31,0.16,0.75,13.71,32.03,0.00,0.00
369,0.09,0.12,0.46,0.08,0.00,0.00,0.00,0.19,0.34,0.00,0.09,0.00,0.02,17.78,33.26,0.60,7.18,39.79,0.00,0.00
370,5.30,0.92,0.23,0.08,0.00,0.03,0.00,0.19,0.20,0.00,0.07,0.00,0.01,48.08,0.68,1.27,19.66,23.29,0.00,0.00
371,0.00,0.00,0.00,0.00,0.02,0.00,0.00,0.00,0.02,0.00,0.00,0.00,0.00,0.00,0.00,0.00,0.07,99.88,0.00,0.00
372,0.52,0.00,0.18,0.03,0.00,0.01,0.00,0.19,0.39,0.00,0.21,0.00,0.00,4.03,2.04,0.57,30.23,61.59,0.00,0.00
373,0.03,0.01,0.05,0.00,0.00,0.00,0.00,0.00,0.04,0.00,0.00,0.00,0.00,1.64,0.63,0.07,93.74,3.79,0.00,0.00
374,0.08,0.00,0.09,0.01,0.00,0.00,0.00,0.06,0.08,0.00,0.63,0.00,0.00,0.00,0.14,0.02,0.02,98.87,0.00,0.00
375,1.65,0.09,0.31,0.08,0.02,0.03,0.00,0.33,0.22,0.00,0.63,0.00,0.00,43.34,0.31,1.44,47.34,4.19,0.00,0.00
376,0.01,0.00,0.08,0.00,0.00,0.00,0.00,0.00,0.00,0.00,0.00,0.00,0.00,0.08,0.44,0.08,5.09,94.21,0.00,0.00
