uniqid_county,NLCD11_11_county,NLCD11_12_county,NLCD11_21_county,NLCD11_22_county,NLCD11_23_county,NLCD11_24_county,NLCD11_31_county,NLCD11_41_county,NLCD11_42_county,NLCD11_43_county,NLCD11_52_county,NLCD11_71_county,NLCD11_81_county,NLCD11_82_county,NLCD11_90_county,NLCD11_95_county,NLCD11_9999_county
1,0.03,0.00,1.34,1.47,0.71,0.16,0.94,0.00,2.07,0.02,90.75,1.37,0.02,0.47,0.62,0.02,0.01
2,0.06,0.00,0.55,0.18,0.05,0.01,1.84,0.00,19.15,0.00,64.24,13.43,0.10,0.06,0.24,0.11,0.00
3,0.32,0.00,0.72,0.35,0.07,0.01,1.66,0.14,0.03,0.00,88.94,2.65,3.96,0.55,0.46,0.14,0.00
4,0.67,0.00,0.56,0.25,0.07,0.01,0.36,0.00,37.51,0.00,59.92,0.35,0.01,0.01,0.14,0.15,0.00
5,0.15,0.00,0.92,0.59,0.31,0.08,14.09,0.01,0.00,0.00,76.93,0.80,0.73,4.85,0.35,0.14,0.03
6,0.11,0.00,0.86,0.44,0.14,0.03,0.28,0.00,19.24,0.00,75.09,3.33,0.20,0.00,0.17,0.11,0.00
7,0.09,0.00,3.13,1.02,0.37,0.08,0.41,0.00,0.93,0.00,82.56,0.30,0.62,9.56,0.83,0.08,0.00
8,0.01,0.00,0.48,0.37,0.09,0.01,0.90,0.11,41.41,0.00,54.00,2.12,0.21,0.11,0.14,0.05,0.00
9,0.04,0.00,1.68,0.29,0.11,0.05,0.01,0.00,11.57,0.14,82.43,2.45,0.66,0.18,0.21,0.16,0.02
10,0.15,0.00,0.51,0.16,0.07,0.02,4.60,0.05,25.75,0.00,58.26,10.20,0.01,0.01,0.14,0.06,0.00
11,0.02,0.00,0.41,0.22,0.04,0.01,0.21,0.01,16.51,0.00,78.22,2.09,0.05,1.63,0.48,0.09,0.00
12,0.31,0.00,3.35,4.13,3.69,0.91,0.20,0.00,0.48,0.00,76.64,4.11,0.42,4.86,0.69,0.21,0.00
13,0.02,0.00,1.56,0.27,0.09,0.02,0.88,0.00,7.03,0.45,81.78,4.15,0.20,3.30,0.17,0.04,0.02
14,0.75,0.00,0.70,0.45,0.15,0.03,2.20,0.12,8.77,0.00,81.43,4.82,0.11,0.11,0.27,0.09,0.00
15,0.11,0.00,0.48,0.15,0.03,0.00,2.49,0.16,27.39,0.00,53.17,15.68,0.04,0.03,0.12,0.15,0.00
16,0.42,0.00,11.04,15.22,27.91,8.17,0.28,0.01,0.91,0.68,29.29,4.90,0.07,0.50,0.42,0.17,0.00
17,0.32,0.00,4.22,1.51,0.98,0.07,0.91,0.00,11.20,11.04,43.35,18.85,1.51,5.19,0.41,0.44,0.00
18,6.69,0.00,0.92,1.50,0.46,0.07,26.58,0.02,0.02,0.01,46.49,0.10,7.63,8.82,0.47,0.20,0.02
19,0.30,0.00,3.69,1.21,1.12,0.24,5.11,0.68,5.21,0.25,38.49,24.22,1.73,17.49,0.09,0.17,0.00
20,0.39,0.00,6.81,4.43,5.88,1.64,12.02,0.01,2.92,1.94,49.30,11.53,0.23,1.71,0.65,0.54,0.00
21,0.14,0.00,1.41,1.19,0.81,0.12,11.34,0.00,1.77,0.21,81.55,1.13,0.09,0.16,0.07,0.03,0.00
22,1.29,0.00,3.88,2.92,2.80,0.38,6.73,0.01,1.86,0.31,67.82,6.91,1.98,2.71,0.24,0.15,0.00
23,0.44,0.00,5.76,3.68,3.61,0.35,1.37,0.00,13.46,7.52,45.14,10.54,0.84,6.46,0.50,0.33,0.00
24,0.43,0.00,8.24,7.76,13.14,4.84,4.59,0.00,4.64,2.40,41.39,9.44,1.88,0.93,0.21,0.11,0.00
25,0.05,0.00,0.40,0.10,0.01,0.00,0.17,1.99,16.12,0.40,18.42,60.65,0.27,0.73,0.42,0.27,0.00
26,0.24,0.01,1.11,0.52,0.07,0.00,0.63,6.66,20.22,1.19,29.49,21.90,11.44,0.01,3.72,2.80,0.00
27,0.53,0.00,0.88,0.59,0.10,0.01,1.49,18.84,35.64,3.02,21.95,6.76,8.49,0.46,1.22,0.01,0.00
28,0.97,0.00,1.36,0.14,0.01,0.00,0.23,0.00,0.01,0.00,11.75,75.52,0.13,8.20,0.51,1.17,0.00
29,0.27,0.02,0.87,0.32,0.01,0.00,1.93,5.16,23.25,1.72,43.55,15.18,3.82,1.98,1.33,0.58,0.00
30,0.17,0.00,2.34,0.36,0.06,0.01,0.12,0.03,0.02,0.00,10.24,48.15,2.52,34.80,0.52,0.65,0.00
31,0.41,0.00,1.04,0.37,0.05,0.00,0.81,10.52,29.05,0.71,42.33,4.79,5.03,4.25,0.61,0.01,0.00
32,0.19,0.00,0.29,0.09,0.02,0.00,3.95,9.71,49.81,2.61,2.01,26.79,0.13,0.01,3.62,0.78,0.00
33,0.57,0.01,1.17,1.40,0.41,0.05,2.36,0.57,4.99,0.21,55.25,5.06,21.28,0.06,3.74,2.87,0.00
34,0.12,0.00,1.32,1.03,0.25,0.02,0.75,6.25,27.39,1.84,16.46,22.03,16.95,0.05,3.52,2.01,0.00
35,0.01,0.00,2.84,0.11,0.01,0.00,0.05,0.05,0.31,0.00,10.91,47.51,3.92,33.89,0.06,0.32,0.00
36,0.35,0.00,0.55,0.19,0.03,0.01,1.05,13.70,41.91,5.70,23.88,8.39,1.93,0.04,2.11,0.17,0.00
37,0.13,0.00,0.47,0.18,0.05,0.01,0.94,5.25,21.93,1.69,18.96,48.83,0.63,0.04,0.52,0.37,0.00
38,0.75,0.00,4.05,0.47,0.07,0.02,0.00,0.11,0.00,0.00,0.01,24.50,0.00,69.33,0.67,0.02,0.00
39,0.31,0.00,4.20,0.80,0.18,0.07,0.05,0.14,0.00,0.00,2.41,35.68,2.30,53.31,0.47,0.07,0.00
40,0.78,0.00,3.57,0.62,0.24,0.10,0.03,0.20,0.00,0.00,0.00,24.64,2.50,66.66,0.61,0.05,0.00
41,0.31,0.00,3.27,0.55,0.18,0.06,0.09,0.19,0.00,0.00,0.00,23.39,4.65,67.16,0.08,0.08,0.00
42,0.01,0.00,3.72,0.13,0.03,0.01,0.04,0.10,0.01,0.00,2.95,13.32,11.95,67.65,0.08,0.01,0.00
43,1.94,0.00,4.64,1.58,0.37,0.17,0.03,2.40,0.00,0.00,0.02,36.73,0.33,51.01,0.68,0.10,0.00
44,0.39,0.00,2.61,0.17,0.03,0.01,0.02,0.22,0.00,0.00,0.00,74.28,0.00,21.82,0.41,0.03,0.00
45,0.57,0.00,3.80,0.49,0.05,0.02,0.03,1.61,0.00,0.01,0.01,36.80,0.12,56.25,0.24,0.01,0.00
46,0.14,0.00,2.75,0.16,0.02,0.01,0.10,0.05,0.00,0.00,11.83,23.45,7.06,53.57,0.64,0.24,0.00
47,0.56,0.00,3.12,0.13,0.02,0.00,0.01,0.06,0.00,0.00,0.02,44.04,0.93,50.14,0.95,0.01,0.00
48,0.27,0.00,3.18,0.27,0.07,0.02,0.01,0.05,0.00,0.00,0.02,58.03,0.03,37.85,0.19,0.00,0.00
49,0.35,0.00,4.16,0.31,0.05,0.01,0.05,0.10,0.00,0.00,0.01,8.36,2.24,84.36,0.00,0.00,0.00
50,0.02,0.00,4.14,0.18,0.02,0.00,0.18,0.04,0.00,0.00,11.68,28.70,4.90,49.57,0.24,0.33,0.00
51,0.09,0.00,4.04,0.34,0.11,0.03,0.09,0.05,0.00,0.00,0.78,15.89,6.22,72.32,0.04,0.00,0.00
52,1.11,0.00,3.77,0.37,0.06,0.02,0.01,0.06,0.00,0.00,0.02,31.76,0.01,62.19,0.61,0.01,0.00
53,1.23,0.00,3.44,0.33,0.05,0.01,0.01,2.15,0.01,0.00,0.02,68.38,0.01,24.05,0.29,0.01,0.00
54,0.44,0.00,2.74,0.17,0.03,0.01,0.03,0.13,0.00,0.00,0.00,11.77,5.01,79.56,0.02,0.09,0.00
55,0.57,0.00,3.02,0.11,0.02,0.00,0.01,0.06,0.00,0.00,0.30,71.50,1.83,22.26,0.27,0.05,0.00
56,1.08,0.00,3.79,0.56,0.06,0.02,0.02,2.33,0.00,0.00,0.01,47.73,0.16,43.82,0.41,0.02,0.00
57,0.71,0.00,4.54,2.01,0.56,0.23,0.01,2.54,0.00,0.00,0.00,22.71,0.68,65.25,0.72,0.02,0.00
58,0.03,0.00,4.53,0.30,0.03,0.01,0.07,0.01,0.00,0.00,4.49,22.74,0.72,67.05,0.01,0.02,0.00
59,0.31,0.00,2.93,0.12,0.02,0.00,0.06,0.09,0.00,0.00,4.28,22.67,9.01,59.83,0.40,0.27,0.00
60,1.38,0.00,4.03,0.52,0.05,0.01,0.02,0.38,0.00,0.00,0.04,32.25,0.02,59.31,1.48,0.49,0.00
61,2.01,0.00,5.85,9.48,3.60,1.68,0.06,2.57,0.00,0.08,0.01,23.60,0.81,49.44,0.80,0.02,0.00
62,0.48,0.00,2.96,0.17,0.02,0.01,0.03,0.27,0.00,0.00,0.02,45.28,4.22,46.13,0.34,0.07,0.00
63,1.08,0.00,4.04,1.04,0.15,0.04,0.03,2.00,0.00,0.01,0.00,20.60,0.88,68.53,1.55,0.04,0.00
64,0.37,0.00,3.62,0.57,0.14,0.05,0.02,0.31,0.00,0.00,0.01,32.49,0.00,61.83,0.56,0.03,0.00
65,1.62,0.00,0.87,1.41,1.92,0.76,3.28,0.01,5.07,0.08,83.87,0.60,0.05,0.07,0.23,0.15,0.00
66,0.11,0.00,0.35,0.01,0.00,0.00,0.12,0.06,2.90,0.00,24.15,72.10,0.00,0.15,0.02,0.02,0.00
67,0.45,0.00,0.24,0.22,0.04,0.01,2.10,0.19,14.62,0.00,75.25,6.14,0.05,0.21,0.29,0.19,0.00
68,0.07,0.00,1.44,0.35,0.15,0.05,0.42,0.00,0.00,0.00,52.53,42.33,0.00,2.63,0.00,0.04,0.00
69,0.05,0.00,0.51,0.10,0.02,0.00,0.05,0.01,0.61,0.00,16.55,81.72,0.00,0.07,0.07,0.23,0.00
70,0.12,0.00,1.49,0.09,0.02,0.01,0.46,0.19,9.81,0.01,19.07,67.16,0.00,1.13,0.00,0.44,0.00
71,0.03,0.00,0.52,0.21,0.08,0.01,0.72,0.21,29.56,0.00,64.47,3.93,0.04,0.07,0.09,0.05,0.00
72,0.01,0.00,0.50,0.16,0.04,0.01,5.75,0.04,17.21,0.00,66.66,9.26,0.04,0.21,0.10,0.01,0.00
73,0.38,0.00,0.89,0.39,0.20,0.04,1.19,0.07,7.31,0.00,64.45,21.75,1.23,1.37,0.61,0.12,0.00
74,0.17,0.00,2.30,0.18,0.04,0.01,0.10,0.00,0.00,0.00,15.55,63.40,0.00,18.19,0.01,0.06,0.00
75,0.06,0.00,4.06,0.67,0.23,0.14,0.08,0.00,0.00,0.00,0.57,59.65,0.00,34.47,0.02,0.07,0.00
76,0.08,0.00,0.62,0.29,0.04,0.01,0.68,3.08,43.38,0.92,37.60,11.86,0.79,0.12,0.44,0.10,0.00
77,0.01,0.00,0.32,0.08,0.03,0.01,2.22,0.00,1.45,0.04,83.89,11.10,0.09,0.64,0.08,0.04,0.01
78,0.42,0.00,1.16,0.29,0.09,0.02,0.56,0.01,2.38,0.00,89.28,3.18,0.00,1.69,0.47,0.44,0.00
79,0.14,0.00,0.45,0.05,0.01,0.00,0.14,0.00,0.01,0.00,27.70,70.57,0.00,0.66,0.05,0.21,0.00
80,0.12,0.00,0.32,0.14,0.04,0.00,1.95,0.10,33.56,0.01,49.42,14.26,0.00,0.02,0.03,0.02,0.00
81,0.42,0.00,1.68,0.14,0.05,0.01,0.29,0.02,0.37,0.00,38.25,52.54,0.00,6.00,0.04,0.20,0.00
82,0.27,0.00,0.58,0.09,0.02,0.00,0.09,1.56,31.04,0.08,13.02,51.59,0.10,0.60,0.38,0.58,0.00
83,0.06,0.00,3.01,2.44,0.79,0.17,0.09,0.93,46.08,0.11,36.55,9.56,0.04,0.00,0.15,0.02,0.00
84,0.16,0.00,3.70,6.05,3.76,0.84,0.33,0.24,19.57,0.07,38.64,23.81,1.87,0.11,0.75,0.09,0.00
85,0.11,0.00,1.15,0.89,0.38,0.08,3.67,0.00,0.60,0.00,84.24,5.12,0.06,3.65,0.04,0.01,0.00
86,0.07,0.00,0.80,0.23,0.08,0.02,0.12,0.00,0.28,0.00,71.78,24.87,0.01,1.49,0.09,0.16,0.00
87,0.21,0.00,1.63,0.90,0.20,0.05,0.98,0.00,1.33,0.00,69.43,19.77,1.25,3.27,0.96,0.01,0.00
88,0.55,0.00,0.54,0.14,0.02,0.00,0.19,3.13,36.65,0.81,42.82,13.30,0.39,0.37,0.90,0.19,0.00
89,0.27,0.00,0.38,0.08,0.03,0.00,0.03,0.42,24.94,0.08,28.98,44.10,0.12,0.06,0.21,0.29,0.00
90,0.04,0.00,0.20,0.08,0.01,0.00,0.16,0.07,48.69,0.00,34.28,16.42,0.00,0.00,0.02,0.03,0.00
91,0.14,0.00,1.32,0.47,0.14,0.02,0.35,1.13,22.65,0.24,51.19,20.90,0.32,0.37,0.67,0.12,0.00
92,0.05,0.00,2.11,0.62,0.24,0.04,0.07,0.46,24.07,0.30,28.95,41.97,0.02,1.03,0.06,0.01,0.00
93,0.09,0.00,0.47,0.12,0.01,0.00,2.09,0.02,11.76,0.00,59.66,24.29,0.09,0.49,0.85,0.05,0.00
94,0.00,0.00,0.53,0.05,0.01,0.00,1.57,0.07,13.39,0.00,34.18,50.00,0.03,0.07,0.07,0.02,0.00
95,0.10,0.00,0.36,0.14,0.07,0.01,0.84,0.13,24.01,0.00,47.67,26.60,0.00,0.00,0.01,0.04,0.00
96,0.01,0.00,1.57,0.23,0.06,0.01,0.37,0.00,0.32,0.00,85.75,9.97,0.05,1.62,0.01,0.03,0.01
97,0.33,0.00,0.39,0.06,0.01,0.00,0.15,0.80,30.64,0.07,9.64,56.49,0.47,0.16,0.16,0.63,0.00
98,0.08,0.00,0.57,0.05,0.01,0.00,0.04,0.06,6.04,0.00,10.66,79.37,0.00,2.80,0.09,0.22,0.00
99,2.01,0.00,5.90,1.89,0.75,0.31,0.31,20.26,2.08,0.00,0.00,53.36,4.66,8.46,0.01,0.00,0.00
100,1.17,0.00,4.94,0.49,0.20,0.08,0.06,5.45,4.42,0.03,0.23,42.91,0.23,39.70,0.00,0.09,0.00
101,13.70,0.00,3.81,0.98,0.24,0.11,0.12,26.89,0.76,0.00,0.06,38.30,10.34,4.30,0.25,0.14,0.00
102,0.39,0.00,3.98,0.27,0.04,0.01,0.37,0.01,0.00,2.76,53.44,8.74,0.00,29.20,0.68,0.11,0.00
103,2.01,0.00,3.87,1.17,0.30,0.09,0.47,21.46,5.10,0.00,0.00,49.94,11.49,4.02,0.03,0.06,0.00
104,2.01,0.00,2.61,0.31,0.08,0.01,0.65,8.27,0.01,0.00,0.46,61.87,3.48,20.18,0.03,0.03,0.00
105,1.12,0.00,4.22,0.53,0.11,0.04,0.70,0.95,0.00,0.01,4.19,27.98,0.04,60.05,0.00,0.05,0.00
106,1.24,0.00,3.45,0.28,0.06,0.01,0.08,0.04,0.55,0.00,0.52,71.77,0.09,21.62,0.25,0.04,0.00
107,0.62,0.00,4.16,0.57,0.05,0.01,0.02,0.58,0.00,0.00,0.26,26.54,0.69,63.77,1.99,0.74,0.00
108,0.58,0.00,4.22,0.30,0.07,0.02,0.13,0.99,8.92,1.28,3.79,56.47,0.00,23.17,0.00,0.06,0.00
109,1.90,0.00,14.10,11.36,9.96,5.32,0.10,19.15,0.19,0.00,0.00,28.52,2.58,6.81,0.01,0.00,0.00
110,0.06,0.00,4.66,0.42,0.08,0.02,0.08,0.00,0.00,0.00,4.49,54.74,0.00,35.34,0.05,0.06,0.00
111,0.31,0.00,3.01,0.10,0.03,0.00,0.28,0.01,0.19,0.72,24.71,63.00,0.00,7.57,0.07,0.00,0.00
112,1.30,0.00,4.63,0.35,0.09,0.03,0.09,0.52,0.04,2.13,24.40,17.52,0.11,48.39,0.19,0.21,0.00
113,0.18,0.00,3.83,0.63,0.25,0.09,0.51,0.00,0.08,2.70,37.56,37.13,0.00,16.62,0.41,0.01,0.00
114,1.79,0.00,4.70,0.89,0.25,0.09,0.09,6.92,0.19,0.00,0.13,50.98,1.09,32.36,0.31,0.20,0.00
115,0.08,0.00,4.12,0.20,0.03,0.01,0.59,0.01,0.01,1.20,51.02,11.18,0.00,31.23,0.30,0.01,0.00
116,0.67,0.00,4.40,0.97,0.18,0.04,0.26,2.29,5.09,0.82,0.14,47.51,0.08,37.49,0.03,0.02,0.00
117,2.67,0.00,3.90,0.59,0.08,0.02,2.32,1.07,0.02,0.00,0.26,29.47,0.22,58.20,0.79,0.41,0.00
118,3.15,0.00,3.18,0.59,0.17,0.06,0.88,29.40,0.60,0.00,0.01,39.51,14.02,8.00,0.13,0.30,0.00
119,0.41,0.00,4.00,0.17,0.01,0.00,0.12,0.04,0.00,0.00,6.09,68.62,0.10,20.03,0.40,0.01,0.00
120,1.96,0.00,3.98,0.82,0.40,0.15,0.02,17.70,0.01,0.00,0.02,58.94,1.81,14.08,0.00,0.10,0.00
121,3.47,0.00,4.45,1.70,0.44,0.17,0.09,2.49,0.00,0.01,0.11,28.02,6.53,47.42,4.20,0.90,0.00
122,0.43,0.00,4.85,0.88,0.24,0.14,0.47,0.15,0.04,1.65,31.95,5.31,0.00,53.52,0.37,0.00,0.00
123,0.02,0.00,2.53,0.21,0.02,0.00,0.02,0.01,0.07,0.00,8.08,67.46,0.00,21.12,0.10,0.36,0.00
124,0.14,0.00,3.89,0.41,0.07,0.01,0.39,0.01,0.34,0.18,19.06,64.49,0.01,10.83,0.16,0.00,0.00
125,1.41,0.00,4.76,1.03,0.40,0.14,0.39,15.88,0.06,0.00,0.00,49.68,9.14,17.03,0.04,0.03,0.00
126,0.96,0.00,4.31,0.97,0.37,0.13,0.04,10.32,0.17,0.00,0.05,56.73,0.45,25.48,0.00,0.02,0.00
127,1.48,0.00,3.63,0.89,0.18,0.05,0.26,2.14,6.58,0.35,0.00,38.61,0.07,45.76,0.00,0.01,0.00
128,0.66,0.00,3.86,0.89,0.29,0.10,0.11,0.01,5.78,0.04,3.49,65.03,0.05,19.48,0.08,0.13,0.00
129,1.05,0.00,5.22,0.53,0.17,0.06,0.11,2.77,0.27,0.00,0.00,32.13,0.07,57.54,0.01,0.09,0.00
130,1.41,0.00,4.48,1.89,1.18,0.44,0.11,6.18,0.44,0.29,1.85,64.88,0.12,16.62,0.00,0.11,0.00
131,0.80,0.00,4.39,0.41,0.15,0.03,0.75,3.71,0.01,0.00,0.43,43.43,0.05,45.75,0.00,0.09,0.00
132,1.27,0.00,4.36,0.74,0.36,0.16,0.01,0.62,1.44,0.51,6.79,45.38,0.01,38.32,0.03,0.00,0.00
133,0.46,0.00,4.90,1.36,0.62,0.27,0.01,1.99,0.25,0.00,0.00,29.26,0.26,60.61,0.00,0.00,0.00
134,0.41,0.00,4.68,0.35,0.11,0.05,0.01,0.44,0.19,1.24,11.68,23.01,0.00,57.76,0.05,0.00,0.00
135,1.45,0.00,5.61,0.76,0.26,0.09,0.10,18.12,2.30,0.00,0.00,49.05,1.11,21.03,0.00,0.12,0.00
136,1.39,0.00,5.24,0.97,0.25,0.10,0.07,18.18,0.04,0.00,0.00,50.67,10.29,12.75,0.02,0.02,0.00
137,1.08,0.00,5.17,0.57,0.21,0.07,0.03,30.07,0.49,0.00,0.00,49.76,8.51,4.00,0.00,0.03,0.00
138,2.69,0.00,7.37,5.32,3.51,0.95,0.52,32.33,0.24,0.00,0.01,33.59,7.49,5.90,0.05,0.03,0.00
139,1.38,0.00,5.13,2.34,1.29,0.35,0.15,4.36,2.90,0.00,0.00,35.11,0.36,46.61,0.00,0.00,0.00
140,1.38,0.00,3.12,0.41,0.13,0.03,0.40,0.93,0.11,0.00,0.06,63.47,0.26,28.43,0.74,0.55,0.00
141,1.62,0.00,3.96,1.71,0.57,0.23,0.16,26.58,0.19,0.00,0.01,47.61,12.34,4.98,0.03,0.01,0.00
142,1.61,0.00,5.40,1.58,0.48,0.17,0.26,34.16,0.05,0.00,0.02,40.78,9.84,5.62,0.02,0.00,0.00
143,0.42,0.00,4.10,1.36,0.26,0.09,0.58,0.65,0.14,0.01,41.95,22.13,0.00,28.00,0.24,0.09,0.00
144,0.13,0.00,2.17,0.13,0.01,0.00,0.05,0.13,1.43,0.39,71.09,4.15,0.00,20.17,0.14,0.01,0.00
145,0.62,0.00,4.22,0.24,0.04,0.01,0.03,0.16,0.93,0.00,6.31,28.26,0.00,56.16,0.00,3.00,0.00
146,0.01,0.00,0.30,0.08,0.01,0.00,1.42,0.02,1.56,0.00,89.68,6.72,0.00,0.08,0.08,0.04,0.01
147,0.28,0.00,3.87,1.92,0.57,0.09,0.58,0.13,0.08,0.08,49.59,16.40,16.17,8.60,1.44,0.20,0.02
148,0.07,0.00,1.35,0.70,0.12,0.01,0.36,1.72,3.53,0.01,75.73,15.23,0.10,0.16,0.75,0.13,0.01
149,0.04,0.00,2.92,0.11,0.02,0.01,0.67,0.06,0.00,0.68,50.01,26.39,0.00,18.94,0.17,0.00,0.00
150,0.62,0.00,5.27,1.30,0.78,0.35,0.05,1.19,0.49,0.01,73.96,3.84,0.48,11.53,0.14,0.00,0.00
151,0.91,0.00,5.37,0.27,0.08,0.02,0.01,1.79,2.18,0.00,63.50,17.68,0.31,7.55,0.19,0.15,0.00
152,0.01,0.00,2.37,1.06,0.21,0.01,0.29,0.35,0.99,0.06,63.14,7.32,15.70,5.12,3.29,0.07,0.00
153,0.21,0.00,6.82,0.48,0.07,0.02,0.05,0.10,0.00,0.01,0.60,35.82,0.00,55.39,0.01,0.42,0.00
154,0.50,0.00,5.55,0.68,0.19,0.04,0.12,5.39,18.68,0.21,39.74,15.29,2.44,10.32,0.81,0.03,0.00
155,0.08,0.00,1.52,0.43,0.17,0.02,0.78,0.31,0.01,0.24,29.65,58.79,0.00,7.69,0.31,0.00,0.00
156,0.04,0.00,3.04,0.19,0.04,0.02,0.07,0.00,0.00,0.00,1.86,60.19,0.00,34.44,0.08,0.03,0.00
157,0.16,0.00,5.59,0.37,0.10,0.03,0.01,2.94,5.82,0.00,58.41,20.12,1.89,4.25,0.29,0.01,0.00
158,0.17,0.00,3.49,0.99,0.50,0.24,0.25,9.76,13.62,0.00,17.48,46.06,1.25,4.47,1.72,0.00,0.00
159,0.41,0.00,4.92,0.35,0.06,0.02,0.21,0.03,0.00,0.00,22.50,17.01,0.00,54.23,0.00,0.25,0.00
160,0.15,0.00,3.17,0.44,0.22,0.08,0.12,6.64,28.04,0.00,45.66,14.66,0.36,0.42,0.03,0.00,0.00
161,0.82,0.00,5.86,0.42,0.17,0.07,0.42,16.04,2.49,3.63,14.23,8.27,27.48,15.91,3.93,0.26,0.00
162,0.43,0.00,6.17,1.80,1.14,0.48,0.28,11.14,28.95,0.03,28.39,16.98,1.16,2.60,0.45,0.00,0.00
163,0.70,0.00,3.14,1.33,0.27,0.05,2.99,0.07,0.67,0.09,15.57,13.20,5.82,48.27,2.40,5.43,0.00
164,0.86,0.00,7.68,2.59,1.14,0.46,0.67,9.11,4.11,0.01,0.12,53.07,9.93,8.45,1.80,0.01,0.00
165,0.00,0.00,2.50,0.51,0.12,0.02,0.07,0.07,0.00,0.00,89.02,1.31,0.00,4.96,0.72,0.71,0.00
166,0.17,0.00,2.35,1.91,0.96,0.30,1.65,0.01,0.24,0.02,67.69,15.91,6.60,0.13,1.71,0.33,0.02
167,0.14,0.00,3.32,0.22,0.06,0.01,0.02,2.36,0.93,0.01,35.37,53.50,0.19,3.82,0.05,0.00,0.00
168,0.24,0.00,4.06,0.75,0.14,0.06,0.61,0.08,0.37,0.19,29.27,45.83,0.00,18.31,0.06,0.02,0.00
169,0.22,0.00,2.35,0.49,0.05,0.00,4.96,2.46,6.19,0.08,26.04,46.93,2.75,0.23,3.03,4.22,0.00
170,2.97,0.00,6.40,1.16,0.38,0.19,0.36,14.60,23.54,0.00,0.00,44.64,3.22,0.57,1.95,0.00,0.00
171,0.29,0.00,0.84,0.22,0.02,0.00,0.11,0.01,0.00,0.00,51.55,39.74,0.00,7.04,0.01,0.16,0.00
172,0.28,0.00,7.69,2.28,1.18,0.67,0.08,4.32,8.19,0.02,54.73,9.70,0.24,10.57,0.04,0.00,0.00
173,0.05,0.00,1.00,0.08,0.01,0.00,0.08,0.05,6.91,0.06,77.05,12.38,0.00,2.31,0.02,0.00,0.00
174,0.14,0.00,1.84,0.11,0.00,0.00,0.58,0.16,0.12,0.02,49.22,38.72,0.00,8.99,0.05,0.06,0.00
175,2.08,0.00,4.99,0.30,0.09,0.04,0.01,7.01,9.50,0.02,19.43,53.79,0.21,2.32,0.21,0.00,0.00
176,0.10,0.00,3.94,0.34,0.08,0.04,0.04,0.01,0.00,0.01,2.51,48.34,0.00,44.23,0.03,0.34,0.00
177,0.03,0.00,0.97,0.14,0.01,0.00,0.33,0.02,0.00,0.00,33.66,60.77,0.00,3.43,0.60,0.05,0.00
178,1.71,0.00,0.72,0.32,0.13,0.04,0.20,0.89,0.46,0.00,94.27,0.73,0.02,0.04,0.41,0.01,0.04
179,1.17,0.00,7.14,0.76,0.30,0.17,0.08,3.56,7.14,0.01,49.79,20.85,3.23,5.27,0.39,0.15,0.00
180,0.92,0.00,5.86,2.29,0.75,0.29,0.28,12.07,2.91,0.00,4.32,58.57,7.83,2.61,1.29,0.01,0.00
181,3.22,0.00,1.66,2.54,0.55,0.03,1.35,0.01,0.01,0.00,45.42,32.56,8.33,0.39,3.11,0.79,0.04
182,0.33,0.00,2.94,2.01,0.36,0.05,1.41,1.80,0.23,0.42,37.56,5.08,39.87,6.03,1.65,0.27,0.00
183,3.36,0.00,5.73,0.63,0.27,0.10,0.05,7.26,25.22,0.00,7.96,44.83,1.26,2.81,0.53,0.01,0.00
184,0.01,0.00,3.01,0.22,0.04,0.01,0.12,0.08,0.00,0.00,65.05,13.25,0.00,17.32,0.18,0.71,0.00
185,0.45,0.00,3.91,0.22,0.02,0.01,0.22,0.11,0.11,0.00,22.44,20.72,0.00,50.68,0.02,1.08,0.00
186,0.57,0.00,3.28,0.59,0.13,0.02,0.29,3.60,0.59,0.16,30.50,3.29,27.16,18.36,5.43,6.02,0.00
187,2.28,0.00,3.64,0.62,0.24,0.11,0.16,10.84,25.58,0.00,31.70,24.24,0.08,0.22,0.30,0.00,0.00
188,0.01,0.00,2.91,0.85,0.11,0.01,0.03,0.31,0.05,0.00,88.10,7.58,0.00,0.02,0.00,0.02,0.00
189,1.53,0.00,5.34,3.68,4.99,2.10,2.08,0.87,0.03,0.00,6.33,3.44,4.37,60.37,2.07,2.80,0.00
190,0.60,0.00,5.33,0.34,0.11,0.03,0.17,17.80,2.24,0.00,10.59,59.92,0.37,1.94,0.54,0.02,0.00
191,0.52,0.00,5.72,0.40,0.08,0.02,0.01,0.02,0.01,0.00,0.33,45.64,0.00,46.66,0.00,0.59,0.00
192,0.03,0.00,1.16,0.24,0.05,0.01,0.60,0.00,0.08,0.00,92.10,4.18,0.00,1.27,0.15,0.13,0.00
193,0.01,0.00,5.23,0.12,0.02,0.01,0.07,0.00,0.00,0.00,39.99,12.63,0.00,41.86,0.00,0.06,0.00
194,0.19,0.00,6.02,0.38,0.07,0.03,0.08,0.01,0.00,0.02,0.73,20.14,0.00,72.00,0.06,0.28,0.00
195,0.01,0.00,0.93,0.21,0.12,0.02,4.90,0.00,0.00,0.00,75.19,18.36,0.00,0.19,0.02,0.04,0.00
196,1.19,0.00,4.49,3.59,2.34,1.05,1.57,1.37,0.01,0.00,6.76,46.60,0.12,30.86,0.00,0.06,0.00
197,0.10,0.00,3.55,0.86,0.18,0.09,0.16,0.26,0.01,0.00,17.03,64.09,0.00,13.47,0.09,0.10,0.00
198,0.01,0.00,1.32,0.17,0.04,0.01,0.01,0.17,0.06,0.00,96.20,1.89,0.01,0.12,0.01,0.00,0.00
199,0.22,0.00,3.79,0.32,0.04,0.01,0.29,0.05,1.46,0.76,62.64,2.52,0.00,27.61,0.26,0.01,0.00
200,3.31,0.00,12.35,7.59,6.33,2.84,0.42,7.74,20.30,0.60,15.54,10.62,4.16,6.41,1.76,0.02,0.00
201,0.06,0.00,3.25,0.26,0.12,0.05,0.04,4.09,19.35,0.03,58.42,10.49,0.86,2.95,0.02,0.00,0.00
202,0.01,0.00,5.01,0.28,0.08,0.03,0.24,0.00,0.00,0.00,42.11,6.68,0.00,45.57,0.00,0.01,0.00
203,1.12,0.00,5.47,0.87,0.25,0.07,0.18,11.57,5.64,2.09,17.31,2.55,43.61,4.17,4.87,0.24,0.00
204,0.12,0.00,3.63,0.40,0.13,0.06,0.21,1.87,13.70,0.00,62.21,10.31,0.43,6.46,0.46,0.00,0.00
205,0.34,0.00,4.17,0.11,0.03,0.01,0.00,2.15,1.23,0.01,17.50,62.90,0.00,11.44,0.11,0.00,0.00
206,0.66,0.00,6.66,0.37,0.18,0.03,0.08,4.62,2.12,0.40,1.10,18.69,30.07,31.89,3.01,0.13,0.00
207,0.10,0.00,2.56,0.16,0.03,0.01,1.82,0.15,0.66,0.96,53.55,16.76,0.00,23.01,0.24,0.00,0.00
208,0.07,0.00,2.10,0.10,0.01,0.00,0.15,0.39,0.28,0.04,54.40,34.37,0.00,7.92,0.02,0.14,0.00
209,0.17,0.00,1.04,0.30,0.13,0.02,1.47,0.00,0.07,0.00,95.11,0.08,0.00,1.17,0.21,0.22,0.00
210,0.02,0.00,0.34,0.11,0.02,0.00,0.29,0.01,0.13,0.00,98.13,0.74,0.00,0.00,0.19,0.01,0.01
211,0.66,0.00,5.26,0.24,0.02,0.00,0.10,0.16,0.01,0.00,7.00,15.98,0.00,69.82,0.02,0.74,0.00
212,0.08,0.00,1.78,1.73,0.42,0.02,1.07,0.08,0.09,0.11,58.75,15.69,9.96,4.13,5.23,0.87,0.00
213,0.62,0.00,6.40,0.44,0.17,0.05,0.01,1.01,0.36,0.00,29.67,12.36,2.14,46.56,0.19,0.02,0.00
214,0.22,0.00,5.32,0.32,0.04,0.02,0.03,0.06,0.00,0.00,0.22,29.55,0.00,63.56,0.02,0.65,0.00
215,0.95,0.00,4.99,1.33,0.97,0.34,0.21,5.11,2.66,0.55,13.30,3.03,43.24,14.77,6.51,2.03,0.00
216,0.43,0.00,3.76,0.97,0.43,0.13,2.40,1.20,0.03,0.02,33.46,10.86,19.18,17.40,3.61,6.14,0.00
217,0.32,0.00,2.68,0.09,0.01,0.00,0.97,2.38,5.56,0.09,36.48,32.47,0.00,17.73,0.08,1.15,0.00
218,2.30,0.00,4.75,0.45,0.15,0.03,0.36,4.80,0.01,0.00,11.23,64.18,0.26,11.45,0.01,0.02,0.00
219,0.19,0.00,3.94,0.55,0.08,0.01,0.44,5.86,0.06,0.01,33.17,42.07,9.99,1.07,2.30,0.26,0.00
220,0.37,0.00,6.28,0.35,0.13,0.04,0.01,0.76,0.61,0.00,61.71,12.33,0.39,16.97,0.02,0.04,0.00
221,0.56,0.00,3.41,0.61,0.08,0.02,0.03,0.01,0.00,0.00,14.98,53.36,0.00,26.86,0.00,0.07,0.00
222,0.59,0.00,4.86,0.66,0.25,0.06,0.48,14.83,2.46,4.53,19.84,2.47,40.41,2.54,5.41,0.61,0.00
223,0.48,0.00,5.87,0.88,0.23,0.11,0.03,0.05,0.00,0.00,0.18,23.88,0.00,67.86,0.00,0.43,0.00
224,0.94,0.00,14.74,11.34,8.63,4.30,0.69,6.03,12.55,0.44,17.85,4.58,9.78,5.82,2.21,0.10,0.00
225,0.46,0.00,1.83,0.28,0.02,0.00,2.46,0.09,0.38,0.02,51.02,33.65,0.00,9.63,0.03,0.12,0.00
226,1.16,0.00,5.34,1.13,0.22,0.05,0.31,20.18,0.03,0.00,5.07,56.13,5.97,4.35,0.04,0.03,0.00
227,0.00,0.00,2.18,0.14,0.03,0.00,0.56,0.00,0.00,0.00,93.00,0.59,0.00,2.67,0.54,0.29,0.00
228,0.20,0.00,4.48,0.23,0.06,0.02,0.05,6.51,9.83,0.00,26.37,46.74,1.64,3.18,0.69,0.00,0.00
229,0.05,0.00,5.34,0.17,0.02,0.01,0.11,0.84,0.25,0.31,43.67,18.70,0.75,29.77,0.02,0.00,0.00
230,0.08,0.00,6.71,0.39,0.07,0.02,0.10,0.20,0.02,0.00,13.37,14.28,0.00,64.04,0.05,0.67,0.00
231,0.11,0.00,3.17,0.91,0.14,0.02,1.28,0.31,0.00,0.01,65.59,21.38,0.82,1.70,4.04,0.50,0.00
232,0.60,0.00,2.12,1.29,0.29,0.16,0.28,0.02,0.00,0.00,37.42,40.62,0.00,16.80,0.33,0.06,0.00
233,2.70,0.00,2.47,0.31,0.13,0.05,0.02,3.09,22.49,0.00,43.86,24.32,0.27,0.25,0.02,0.00,0.00
234,0.02,0.00,0.44,0.17,0.02,0.00,0.24,0.08,0.47,0.00,82.89,15.18,0.00,0.16,0.32,0.01,0.01
235,0.59,0.00,7.51,0.48,0.16,0.07,0.01,4.94,11.88,0.01,35.55,23.17,7.82,7.43,0.36,0.01,0.00
236,4.45,0.00,15.72,22.03,14.40,7.12,0.43,8.11,0.10,0.00,0.07,21.49,4.26,1.31,0.26,0.28,0.00
237,0.16,0.00,5.08,0.46,0.12,0.04,0.16,16.82,7.57,1.56,14.32,3.45,42.53,3.26,4.23,0.24,0.00
238,0.12,0.00,3.36,0.48,0.06,0.02,1.85,0.01,0.23,1.04,64.73,2.91,0.00,25.03,0.13,0.00,0.00
239,0.82,0.00,6.99,6.78,3.81,1.13,1.01,0.66,0.03,0.09,17.14,11.96,13.85,34.44,0.90,0.36,0.04
240,0.34,0.00,3.42,0.75,0.18,0.07,0.08,0.01,0.00,0.00,13.12,45.92,0.00,35.39,0.59,0.12,0.00
241,0.05,0.00,1.61,0.11,0.03,0.00,0.00,1.45,1.06,0.00,92.65,2.06,0.35,0.49,0.13,0.00,0.00
242,0.02,0.00,1.06,0.18,0.03,0.00,0.01,4.28,7.90,0.00,84.68,1.79,0.00,0.01,0.03,0.00,0.00
243,1.67,0.00,3.58,2.15,1.24,0.36,1.31,2.64,0.03,0.02,11.29,3.15,7.69,55.91,2.23,6.73,0.00
244,0.31,0.00,5.69,0.38,0.07,0.03,0.15,0.05,0.00,0.00,19.24,7.51,0.00,66.48,0.00,0.07,0.00
245,0.00,0.00,0.85,0.25,0.08,0.01,0.04,0.14,0.43,0.00,97.42,0.58,0.00,0.02,0.16,0.02,0.00
246,0.72,0.00,2.99,0.28,0.06,0.01,0.01,3.43,2.13,0.00,73.43,15.19,0.06,1.65,0.02,0.02,0.00
247,0.04,0.00,1.74,0.53,0.21,0.03,1.13,0.00,0.00,0.00,90.76,5.37,0.00,0.13,0.04,0.01,0.00
248,0.23,0.00,3.13,0.49,0.20,0.05,0.12,7.35,14.10,0.00,44.81,27.50,0.60,1.11,0.30,0.00,0.00
249,0.74,0.00,6.03,0.22,0.06,0.02,0.02,1.24,0.53,0.25,22.48,18.12,1.19,49.00,0.08,0.00,0.00
250,0.20,0.00,4.05,0.22,0.03,0.01,0.17,0.11,0.01,0.02,47.61,11.17,0.00,36.12,0.22,0.07,0.00
251,0.17,0.00,3.61,1.95,0.34,0.04,0.83,3.08,0.23,0.27,44.29,8.57,22.35,11.27,2.78,0.21,0.00
252,0.07,0.00,1.46,0.47,0.16,0.02,0.43,0.01,0.01,0.04,28.19,65.41,0.00,2.73,1.00,0.00,0.00
253,0.03,0.00,2.09,0.19,0.03,0.01,0.08,0.00,0.00,0.00,10.78,59.55,0.00,27.23,0.01,0.01,0.00
254,1.21,0.00,6.23,0.50,0.22,0.09,0.08,7.57,3.87,0.00,10.15,58.03,0.12,11.50,0.42,0.02,0.00
255,0.50,0.00,4.77,0.64,0.15,0.05,0.20,11.57,0.58,1.03,34.47,2.69,34.34,4.73,3.99,0.30,0.00
256,1.18,0.00,0.84,2.17,0.50,0.01,0.60,0.10,0.04,0.08,63.30,5.86,19.41,3.01,2.04,0.85,0.00
257,0.43,0.00,6.41,0.45,0.20,0.09,0.13,9.62,12.06,0.00,17.78,41.59,5.53,4.61,1.10,0.00,0.00
258,2.49,0.00,8.02,2.24,1.43,0.76,0.15,4.38,4.04,0.01,0.00,33.86,18.43,19.94,4.15,0.09,0.00
259,0.41,0.00,4.41,0.29,0.07,0.03,0.03,3.61,6.40,0.01,64.44,10.96,1.63,7.71,0.00,0.00,0.00
260,0.21,0.00,1.53,0.25,0.02,0.01,1.12,0.84,1.18,0.01,49.76,37.33,0.00,7.60,0.07,0.06,0.00
261,0.08,0.00,1.19,0.11,0.01,0.00,0.49,0.01,0.54,0.22,68.63,25.35,0.00,3.34,0.02,0.00,0.00
262,0.06,0.00,1.36,0.17,0.03,0.01,0.04,6.96,37.80,0.02,48.54,4.74,0.03,0.07,0.17,0.00,0.00
263,0.00,0.00,3.16,0.59,0.21,0.02,0.01,0.56,0.36,0.00,94.45,0.62,0.00,0.01,0.00,0.00,0.00
264,0.08,0.00,3.27,2.73,0.86,0.38,0.31,0.04,0.01,0.17,74.72,9.53,0.00,7.01,0.42,0.45,0.00
265,0.05,0.00,0.46,0.10,0.01,0.00,4.48,0.01,0.28,0.00,89.59,3.50,0.01,1.33,0.16,0.01,0.01
266,0.11,0.00,3.95,0.73,0.14,0.02,0.20,0.52,0.04,0.04,70.98,9.28,1.16,9.52,3.09,0.22,0.00
267,0.83,0.00,4.80,0.30,0.07,0.03,0.04,4.64,6.42,0.01,28.48,37.25,7.23,8.76,1.02,0.11,0.00
268,0.51,0.00,3.95,0.36,0.20,0.04,0.19,0.12,0.14,0.17,55.35,26.63,0.04,12.29,0.01,0.00,0.00
269,0.19,0.00,1.50,0.21,0.07,0.01,2.87,0.00,0.00,0.00,70.68,24.19,0.00,0.21,0.03,0.04,0.00
270,0.17,0.00,6.62,4.82,1.76,0.82,0.06,0.10,0.01,0.00,1.16,15.10,0.00,69.28,0.01,0.08,0.00
271,2.33,0.00,5.64,2.00,0.58,0.17,0.91,14.61,0.08,0.00,0.11,58.78,10.19,4.46,0.04,0.09,0.00
272,0.01,0.00,0.40,0.04,0.01,0.00,0.03,0.20,14.51,0.00,72.82,11.96,0.00,0.03,0.00,0.00,0.00
273,0.11,0.00,4.11,7.13,5.53,2.18,3.46,0.00,0.08,0.00,63.43,4.93,0.07,8.95,0.00,0.01,0.02
274,1.08,0.00,9.64,3.26,2.83,0.89,0.74,6.99,8.16,0.12,6.93,30.22,6.13,20.73,2.26,0.01,0.00
275,0.01,0.00,2.19,0.34,0.07,0.01,0.41,0.01,0.00,0.01,15.50,71.07,0.00,10.32,0.08,0.00,0.00
276,0.17,0.00,2.98,0.05,0.02,0.01,0.02,5.57,13.31,0.01,62.32,13.28,1.06,1.20,0.00,0.00,0.00
277,0.13,0.00,3.66,0.51,0.05,0.01,0.08,0.01,0.00,0.00,7.54,41.87,0.00,45.87,0.03,0.25,0.00
278,3.18,0.00,6.34,0.76,0.25,0.10,0.13,6.89,3.03,0.00,0.08,37.51,11.22,27.78,2.69,0.03,0.00
279,0.36,0.00,2.05,2.73,0.93,0.66,0.19,0.13,0.00,0.00,38.41,48.71,0.00,4.77,0.48,0.58,0.00
280,0.29,0.00,4.97,1.30,0.47,0.10,0.30,2.33,0.01,0.01,30.78,2.79,20.52,32.72,3.10,0.31,0.00
281,0.10,0.00,1.66,0.15,0.02,0.00,0.20,0.16,1.81,0.30,67.27,19.03,0.07,9.12,0.11,0.00,0.00
282,0.01,0.00,3.15,1.95,1.17,0.34,0.75,0.01,0.00,0.00,84.56,7.63,0.00,0.11,0.14,0.18,0.00
283,3.10,0.00,5.63,6.20,3.92,1.16,4.90,0.82,0.15,0.08,10.78,4.84,5.08,37.89,5.66,9.69,0.08
284,0.47,0.00,2.06,2.82,1.17,0.29,0.53,0.11,0.00,0.00,65.21,23.08,0.53,2.15,1.08,0.46,0.04
285,2.92,0.00,4.21,0.36,0.08,0.02,1.33,1.30,1.83,0.03,21.04,43.07,0.96,22.68,0.07,0.11,0.00
286,0.62,0.00,8.85,1.71,1.08,0.37,0.29,14.21,1.18,0.93,26.97,8.51,19.29,13.72,2.23,0.05,0.00
287,0.78,0.00,6.75,1.07,0.30,0.10,0.28,12.77,12.09,10.79,17.67,3.55,25.14,4.01,4.53,0.19,0.00
288,0.16,0.00,1.50,0.21,0.07,0.02,0.54,0.00,0.00,0.00,50.24,42.20,0.00,4.82,0.02,0.22,0.00
289,0.22,0.00,1.99,0.34,0.11,0.02,0.03,8.83,21.67,0.01,49.83,16.40,0.32,0.20,0.02,0.00,0.00
290,0.34,0.00,4.69,0.56,0.14,0.05,0.29,15.24,2.32,0.81,23.71,3.75,41.27,3.10,3.48,0.25,0.00
291,0.68,0.00,3.15,0.37,0.07,0.02,0.08,4.49,40.76,0.01,37.43,12.25,0.26,0.34,0.09,0.00,0.00
292,3.21,0.00,7.20,3.10,2.09,0.87,0.31,7.58,10.07,0.00,4.32,32.02,7.46,18.89,2.86,0.01,0.00
293,2.82,0.00,4.47,2.79,1.30,0.36,3.27,7.18,1.19,0.07,11.66,10.25,4.82,1.60,10.81,37.42,0.00
294,1.92,0.00,5.01,0.58,0.14,0.03,0.79,1.17,0.06,0.00,20.60,56.18,0.78,12.58,0.03,0.14,0.00
295,0.17,0.00,2.12,0.20,0.01,0.00,0.32,0.63,5.91,0.00,27.50,47.66,0.00,15.30,0.02,0.16,0.00
296,0.02,0.00,3.97,1.32,0.37,0.09,0.37,4.36,0.26,0.07,37.08,4.07,31.43,13.62,2.90,0.07,0.00
297,0.20,0.00,5.66,0.28,0.06,0.02,0.10,0.01,0.00,0.01,6.21,43.18,0.00,43.97,0.03,0.28,0.00
298,0.05,0.00,4.24,1.39,0.23,0.02,0.25,1.13,0.19,0.45,50.69,6.85,11.73,18.93,3.75,0.09,0.00
299,0.60,0.00,2.18,0.32,0.06,0.01,0.24,12.05,0.98,0.24,31.95,6.14,38.26,2.77,3.57,0.63,0.00
300,0.39,0.00,0.23,0.01,0.00,0.00,0.29,0.00,0.00,0.00,97.97,0.92,0.00,0.00,0.15,0.03,0.00
301,2.00,0.00,3.80,0.40,0.08,0.03,0.13,11.95,14.92,0.00,0.03,58.38,2.86,2.62,2.78,0.01,0.00
302,0.03,0.00,7.53,0.66,0.13,0.05,0.09,0.03,0.00,0.01,9.97,20.71,0.00,60.59,0.00,0.20,0.00
303,0.40,0.00,3.18,0.07,0.03,0.01,0.00,4.06,18.61,0.02,49.24,19.45,1.90,2.99,0.04,0.00,0.00
304,0.16,0.00,3.87,0.63,0.28,0.10,0.04,6.45,25.94,0.02,57.23,4.76,0.21,0.31,0.01,0.00,0.00
305,0.42,0.00,3.84,0.17,0.06,0.02,0.03,4.54,9.30,0.01,51.43,26.32,2.04,1.68,0.13,0.00,0.00
306,3.02,0.00,4.78,1.11,0.34,0.14,0.25,18.45,1.14,0.00,0.05,48.28,12.07,10.25,0.06,0.08,0.00
307,0.60,0.00,4.42,0.48,0.16,0.05,0.92,0.32,0.01,0.12,26.98,33.39,0.01,32.30,0.15,0.08,0.00
308,0.00,0.00,2.10,0.72,0.12,0.01,0.02,0.46,0.05,0.02,94.47,1.74,0.00,0.23,0.05,0.00,0.00
309,0.33,0.00,10.10,0.61,0.22,0.07,0.13,12.90,2.29,4.66,27.21,7.58,24.58,5.89,3.37,0.06,0.00
310,0.00,0.00,3.29,0.39,0.05,0.01,0.42,0.02,0.16,0.00,28.82,63.68,2.99,0.08,0.07,0.01,0.00
311,0.01,0.00,0.34,0.06,0.01,0.00,1.05,0.01,0.94,0.00,92.04,5.18,0.01,0.27,0.03,0.04,0.00
312,8.09,0.00,6.86,6.88,6.26,1.99,0.22,8.79,0.15,0.00,0.03,34.72,15.49,9.42,0.67,0.45,0.00
313,0.80,0.00,3.87,0.28,0.06,0.01,0.01,0.46,0.52,0.00,79.79,4.71,0.31,9.00,0.00,0.17,0.00
314,0.59,0.00,4.11,2.42,0.70,0.28,0.04,0.15,0.26,0.00,4.81,59.03,0.00,27.13,0.00,0.47,0.00
315,0.09,0.00,1.72,0.28,0.09,0.01,0.03,8.30,9.37,0.00,76.77,2.61,0.16,0.54,0.01,0.00,0.00
316,0.55,0.00,3.73,0.18,0.03,0.01,0.08,0.42,3.72,0.47,52.72,2.19,0.01,35.77,0.13,0.00,0.00
317,3.60,0.00,9.54,1.93,0.73,0.28,0.55,9.04,10.98,0.00,0.48,56.22,3.21,1.77,1.68,0.00,0.00
318,0.17,0.00,5.09,1.50,0.21,0.04,0.73,8.45,0.07,0.50,28.85,5.03,38.74,8.81,1.62,0.18,0.00
319,0.10,0.00,4.39,0.93,0.37,0.11,0.08,3.67,2.91,0.05,71.21,7.66,0.16,8.29,0.05,0.01,0.00
320,0.04,0.00,2.30,0.14,0.01,0.00,0.29,0.03,1.60,0.35,72.52,9.74,0.00,12.86,0.10,0.01,0.00
321,2.83,0.00,1.94,2.48,0.54,0.03,0.77,1.17,0.04,0.07,51.46,4.98,24.39,7.33,1.06,0.89,0.00
322,0.09,0.00,1.86,0.06,0.01,0.00,0.99,0.54,0.95,0.04,54.65,32.58,0.00,8.18,0.05,0.01,0.00
323,0.10,0.00,4.11,0.39,0.04,0.01,0.05,0.01,0.00,0.00,5.80,44.28,0.00,45.21,0.00,0.01,0.00
324,0.11,0.00,3.34,0.56,0.07,0.02,0.11,0.01,0.01,0.00,11.00,35.53,0.00,48.88,0.04,0.34,0.00
325,2.51,0.00,9.03,3.33,1.32,0.61,0.81,9.61,35.27,0.07,20.78,14.28,0.92,1.03,0.42,0.00,0.00
326,1.90,0.00,5.05,1.96,0.77,0.22,0.58,0.50,24.57,2.29,13.20,5.33,5.96,9.88,25.58,2.22,0.00
327,1.79,0.00,8.83,4.05,1.89,0.66,0.67,0.45,25.26,5.15,12.41,5.26,7.22,2.38,20.84,3.14,0.00
328,0.64,0.00,2.93,0.96,0.24,0.08,0.45,3.56,37.19,6.52,13.92,7.68,4.23,9.64,11.01,0.95,0.00
329,1.63,0.00,4.02,1.53,0.41,0.17,1.99,0.04,7.90,0.30,2.69,0.74,0.02,0.01,65.66,12.90,0.00
330,2.07,0.00,5.49,0.69,0.21,0.07,0.08,1.51,25.53,1.02,17.11,3.31,9.32,16.67,16.12,0.79,0.00
331,0.98,0.00,11.85,6.86,2.93,1.25,1.45,0.34,22.11,1.43,13.96,4.49,3.92,8.65,18.56,1.21,0.00
332,1.94,0.00,1.88,0.95,0.19,0.03,0.69,0.00,15.48,0.01,7.03,1.35,0.37,0.08,65.09,4.91,0.00
333,0.91,0.00,4.12,0.88,0.18,0.04,0.43,1.94,32.48,4.59,4.13,1.43,0.50,1.33,38.92,8.13,0.00
334,1.07,0.00,4.31,0.37,0.06,0.01,0.25,0.02,34.27,0.32,18.27,5.47,2.84,4.25,27.50,1.00,0.00
335,1.22,0.00,10.41,3.09,1.40,0.46,0.20,2.83,33.91,6.15,8.30,3.98,2.40,1.51,19.51,4.63,0.00
336,2.09,0.00,4.68,1.22,0.29,0.13,0.37,1.60,36.56,4.48,10.41,4.90,4.20,5.56,21.66,1.85,0.00
337,1.03,0.00,5.36,1.55,0.50,0.09,0.68,0.58,37.21,1.86,19.64,3.66,4.30,4.29,17.96,1.30,0.00
338,0.98,0.00,4.08,0.40,0.09,0.02,0.07,2.91,33.02,2.09,16.95,2.85,4.98,12.28,18.52,0.76,0.00
339,1.05,0.00,8.07,4.72,2.19,0.65,1.43,0.00,20.88,0.28,16.86,4.33,0.92,0.25,34.60,3.77,0.00
340,0.82,0.00,7.60,3.55,1.54,0.64,1.17,0.56,42.22,2.44,15.73,5.41,2.40,3.67,11.88,0.36,0.00
341,0.72,0.00,2.35,0.23,0.03,0.01,0.21,0.09,34.23,0.18,5.02,2.90,0.50,0.34,50.28,2.92,0.00
342,0.81,0.00,8.47,2.52,0.78,0.23,0.58,0.27,34.59,0.93,15.44,5.26,1.62,9.50,17.15,1.87,0.00
343,2.24,0.00,5.27,1.15,0.14,0.03,0.50,0.16,30.75,1.36,22.30,7.06,5.50,2.30,19.33,1.89,0.00
344,5.42,0.00,3.82,1.25,0.21,0.08,0.11,5.92,16.75,0.94,2.16,4.73,6.20,42.87,8.29,1.26,0.00
345,16.52,0.00,3.72,20.33,10.49,5.98,0.96,0.15,0.03,0.67,0.14,0.19,0.32,0.33,8.02,32.15,0.00
346,2.57,0.00,4.43,3.46,0.64,0.30,0.42,2.15,27.01,5.86,14.72,2.12,5.53,12.82,17.23,0.75,0.00
347,8.06,0.00,5.28,2.98,0.87,0.17,0.41,0.17,13.49,0.62,22.52,1.96,4.23,1.12,36.65,1.47,0.00
348,0.65,0.00,2.61,5.85,0.40,0.12,0.06,0.98,0.79,1.05,1.44,0.40,9.34,60.79,15.22,0.30,0.00
349,3.91,0.00,4.20,7.53,1.68,0.98,0.34,0.26,10.28,1.66,9.86,2.38,17.57,13.86,17.74,7.77,0.00
350,1.20,0.00,5.30,1.12,0.26,0.08,1.19,0.26,17.56,2.56,28.92,3.26,11.06,3.88,22.83,0.52,0.00
351,24.22,0.00,0.56,1.77,0.78,0.42,0.64,0.04,0.03,0.16,0.33,0.11,0.12,0.18,4.06,66.58,0.00
352,5.64,0.00,3.75,4.71,1.10,0.87,0.45,0.83,0.14,0.37,1.06,1.21,6.00,26.27,46.45,1.16,0.00
353,24.43,0.00,0.80,2.10,0.53,0.32,0.62,0.04,0.00,0.04,0.24,0.19,0.99,3.21,12.74,53.77,0.00
354,0.81,0.00,2.72,0.44,0.11,0.03,0.63,5.03,20.93,7.25,19.83,2.08,12.23,7.33,20.27,0.31,0.00
355,2.52,0.00,1.80,2.23,0.17,0.04,0.06,2.28,1.79,0.82,3.10,1.51,10.61,37.31,33.50,2.27,0.00
356,9.46,0.00,2.61,4.21,0.52,0.35,0.29,0.56,0.04,0.08,0.29,0.36,3.78,21.85,27.15,28.46,0.00
357,4.58,0.00,2.45,6.01,0.82,0.60,0.54,0.07,0.02,0.05,0.16,0.13,1.04,26.24,55.56,1.73,0.00
358,10.78,0.00,1.99,3.32,0.45,0.32,0.85,0.37,0.02,0.13,0.19,0.21,0.97,15.81,37.62,26.97,0.00
359,0.58,0.00,0.68,2.86,0.14,0.06,0.79,0.35,31.05,2.14,29.09,3.22,7.90,2.28,18.43,0.42,0.00
360,0.70,0.00,9.77,17.03,3.66,1.89,0.11,0.48,0.06,0.41,1.09,0.78,22.30,34.34,7.22,0.17,0.00
361,25.98,0.00,0.42,0.97,0.21,0.05,0.81,0.02,0.05,0.08,0.30,0.95,2.37,5.66,1.42,60.71,0.00
362,0.91,0.00,4.18,2.57,0.41,0.13,0.77,0.74,34.68,5.86,30.21,3.46,3.09,0.07,12.71,0.22,0.00
363,4.72,0.00,2.55,0.56,0.22,0.13,1.26,24.30,6.16,10.68,11.36,1.49,5.38,8.46,21.62,1.12,0.00
364,7.98,0.00,1.72,3.47,0.26,0.26,0.05,0.17,0.02,0.13,0.16,0.24,0.82,26.94,56.11,1.66,0.00
365,3.80,0.00,8.62,9.05,2.63,1.25,0.19,1.00,0.60,1.12,2.10,1.18,8.65,18.63,39.24,1.95,0.00
366,1.65,0.00,5.61,2.63,0.80,0.25,0.67,0.30,15.41,1.57,21.66,2.55,11.74,5.13,25.01,5.03,0.00
367,12.58,0.00,1.03,2.12,0.12,0.05,0.26,0.20,0.04,0.16,0.31,0.27,7.75,35.58,4.70,34.82,0.00
368,16.92,0.00,0.86,2.61,0.43,0.28,0.25,0.05,0.01,0.04,0.28,0.15,4.43,9.49,21.99,42.20,0.00
369,1.03,0.00,1.30,5.42,0.92,0.12,0.12,0.47,2.89,1.05,3.20,1.81,11.15,59.77,9.90,0.86,0.00
370,1.61,0.00,2.89,3.66,0.26,0.15,0.02,1.15,0.23,0.60,1.88,0.69,14.72,39.49,32.08,0.57,0.00
371,4.35,0.00,2.28,2.41,0.30,0.36,0.12,0.35,0.02,0.20,0.46,0.36,3.86,16.05,66.72,2.16,0.00
372,24.17,0.00,1.90,14.10,6.04,4.22,1.05,0.05,0.02,0.05,0.06,0.16,0.71,0.57,10.19,36.72,0.00
373,41.69,0.00,0.69,1.57,0.37,0.23,2.15,0.14,0.03,0.20,0.13,0.16,0.62,1.57,4.42,46.04,0.00
374,3.83,0.00,7.97,3.64,1.62,0.45,0.69,0.08,22.03,0.65,17.10,1.91,4.70,0.54,26.74,8.05,0.00
375,8.11,0.00,2.07,2.21,0.16,0.09,0.13,0.15,0.02,0.09,0.30,0.35,4.79,16.05,61.59,3.89,0.00
376,0.62,0.00,1.59,4.42,0.44,0.07,0.24,1.53,12.09,3.19,11.17,2.26,10.18,31.64,19.82,0.74,0.00
377,0.87,0.00,4.03,0.76,0.07,0.02,1.24,1.08,30.13,1.97,29.67,2.04,7.06,2.56,18.20,0.31,0.00
378,5.63,0.00,2.99,2.40,0.14,0.08,0.29,1.64,0.18,0.74,1.56,1.10,10.39,35.92,36.14,0.80,0.00
379,23.35,0.00,1.77,5.27,1.09,0.73,0.46,0.09,0.01,0.07,0.08,0.26,0.59,8.71,41.78,15.74,0.00
380,22.11,0.00,1.70,5.33,1.17,1.12,0.22,0.14,0.02,0.11,0.16,0.12,3.13,3.14,26.15,35.38,0.00
381,3.58,0.00,12.56,12.53,8.04,2.52,0.76,2.22,3.24,1.59,8.16,2.21,11.75,5.23,24.90,0.71,0.00
382,0.42,0.00,0.62,4.41,0.30,0.06,0.33,0.37,27.39,3.96,23.64,3.41,5.65,9.17,19.59,0.67,0.00
383,0.21,0.00,2.92,0.48,0.05,0.01,0.13,5.12,33.58,9.97,23.27,2.49,8.91,1.99,10.53,0.33,0.00
384,0.94,0.00,4.07,0.46,0.11,0.03,0.45,0.20,34.58,3.06,18.47,4.12,4.89,1.54,26.32,0.75,0.00
385,0.57,0.00,6.07,2.29,0.62,0.21,0.11,3.44,24.13,10.61,20.83,2.79,13.60,4.12,10.26,0.37,0.00
386,1.22,0.00,6.52,3.59,1.50,0.58,0.47,1.91,30.60,8.87,16.70,3.79,7.39,1.96,14.51,0.38,0.00
387,1.77,0.00,7.46,2.64,0.64,0.20,0.75,0.17,17.29,0.59,18.18,4.24,6.13,1.16,30.03,8.75,0.00
388,1.80,0.00,4.24,0.58,0.12,0.03,0.16,0.32,23.83,4.58,12.97,5.31,7.86,3.70,32.93,1.58,0.00
389,2.80,0.00,6.99,3.41,1.14,0.42,0.99,0.25,18.85,1.11,8.43,2.85,3.39,0.82,39.31,9.24,0.00
390,2.51,0.00,2.51,0.37,0.05,0.01,0.50,23.60,18.48,13.52,15.07,1.74,5.27,1.33,13.25,1.81,0.00
391,1.20,0.00,4.48,1.10,0.28,0.08,0.41,2.98,29.53,10.69,16.86,3.20,11.24,1.95,15.44,0.57,0.00
392,1.33,0.00,3.67,0.91,0.21,0.06,0.37,0.23,24.05,2.42,21.37,3.10,10.73,2.27,28.51,0.78,0.00
393,1.29,0.00,5.92,2.02,0.61,0.25,0.26,1.91,28.44,8.81,21.58,3.93,9.93,1.88,12.65,0.50,0.00
394,0.38,0.00,4.39,0.91,0.15,0.03,0.13,2.35,24.46,9.59,20.69,2.96,21.15,2.82,9.71,0.29,0.00
395,1.45,0.00,8.63,6.25,2.69,0.87,1.12,0.23,24.34,0.92,13.95,3.69,5.33,0.18,27.57,2.76,0.00
396,0.66,0.00,2.91,1.71,0.13,0.03,0.26,1.27,33.54,6.27,20.31,5.56,2.33,0.05,24.05,0.92,0.00
397,3.39,0.00,5.73,3.54,2.01,0.85,0.88,4.14,2.17,1.87,3.63,2.99,24.54,10.89,16.55,16.84,0.00
398,1.72,0.00,3.86,2.27,0.48,0.18,0.11,1.24,33.00,6.73,8.25,8.79,23.70,0.44,8.79,0.44,0.00
399,0.95,0.00,4.72,1.09,0.11,0.04,0.09,1.70,30.67,11.15,18.93,7.73,3.78,0.00,18.19,0.85,0.00
400,2.41,0.00,13.52,16.82,20.85,10.62,0.76,2.13,4.38,2.28,1.87,2.61,11.65,2.70,6.06,1.34,0.00
401,3.48,0.00,11.35,8.70,3.33,0.99,0.51,1.08,19.11,16.18,8.14,7.33,8.20,0.13,10.90,0.56,0.00
402,6.79,0.00,8.45,7.82,1.92,0.95,0.26,0.35,5.98,7.57,4.66,3.05,10.24,1.19,31.04,9.74,0.00
403,1.26,0.00,3.50,2.67,0.22,0.11,0.29,4.31,8.70,5.93,6.81,4.77,52.28,1.90,6.87,0.38,0.00
404,2.63,0.00,3.62,1.68,0.12,0.03,0.06,1.40,41.19,6.39,12.69,5.67,13.72,0.22,9.82,0.77,0.00
405,2.89,0.00,4.24,1.75,0.34,0.13,0.26,1.07,29.11,6.70,17.56,6.50,5.54,0.06,22.65,1.21,0.00
406,3.21,0.00,3.48,1.05,0.29,0.10,1.08,3.74,2.40,2.10,5.30,5.24,27.91,24.04,5.73,14.35,0.00
407,1.24,0.00,4.47,2.02,0.33,0.16,0.42,2.22,7.87,7.60,5.55,4.18,22.33,6.97,32.36,2.30,0.00
408,12.93,0.00,3.51,0.58,0.09,0.03,0.23,3.22,35.67,6.91,14.16,4.21,3.45,0.02,13.14,1.86,0.00
409,0.79,0.00,2.74,1.73,0.14,0.06,0.11,4.31,24.20,7.15,8.53,5.02,32.35,4.80,7.74,0.32,0.00
410,1.04,0.00,5.52,1.42,0.45,0.19,0.43,6.94,4.60,1.92,5.52,4.48,51.47,9.00,6.46,0.56,0.00
411,0.49,0.00,5.43,1.91,0.43,0.13,0.10,2.06,19.06,11.83,14.53,6.82,3.59,0.04,31.90,1.70,0.00
412,6.26,0.00,12.94,10.81,8.30,3.41,2.87,2.71,1.25,0.27,2.91,5.26,10.53,3.61,5.11,23.76,0.00
413,0.56,0.00,2.20,2.78,0.31,0.08,0.09,4.21,1.15,5.46,3.95,3.34,62.44,1.75,11.12,0.53,0.00
414,5.80,0.00,3.89,3.85,1.05,0.44,0.47,0.68,0.47,1.06,0.60,1.27,33.04,14.33,10.43,22.61,0.00
415,6.10,0.00,4.47,2.70,0.67,0.34,0.44,2.27,25.50,7.82,16.31,6.79,10.80,0.06,14.28,1.46,0.00
416,4.29,0.00,3.82,8.14,3.09,1.75,0.51,0.13,0.56,0.54,0.79,0.85,25.69,13.69,10.21,25.95,0.00
417,1.61,0.00,7.40,5.93,6.94,1.57,0.64,3.04,0.48,0.63,3.49,1.90,31.96,23.86,8.94,1.63,0.00
418,4.77,0.00,4.86,1.69,0.26,0.09,0.10,2.46,31.82,9.52,16.43,7.25,6.10,0.01,14.17,0.47,0.00
419,8.96,0.00,5.18,1.36,0.15,0.03,0.12,3.34,28.91,15.32,7.89,6.74,8.74,0.20,12.54,0.53,0.00
420,2.33,0.00,16.80,6.62,1.08,0.29,0.31,0.18,24.64,0.15,5.96,1.53,6.67,0.11,20.45,12.88,0.00
421,3.74,0.00,11.12,8.53,3.96,1.03,0.21,0.03,3.52,0.21,3.33,1.13,7.78,6.09,31.57,17.77,0.00
422,1.44,0.00,7.11,11.56,7.76,2.45,0.12,0.00,0.10,0.00,0.12,0.16,1.94,0.30,10.06,56.89,0.00
423,2.40,0.00,4.17,0.86,0.18,0.06,2.03,0.87,28.00,2.48,15.16,9.59,4.38,6.03,20.76,3.01,0.00
424,11.41,0.00,3.22,0.91,0.23,0.07,0.09,0.00,1.46,0.14,8.44,1.15,39.69,4.76,20.12,8.31,0.00
425,3.77,0.00,1.15,1.13,1.01,0.27,0.09,0.00,0.16,0.00,0.05,0.06,0.00,0.00,58.42,33.89,0.00
426,8.40,0.00,14.88,13.51,6.33,3.01,0.71,0.09,18.14,0.90,6.61,2.65,1.15,0.24,15.58,7.81,0.00
427,2.32,0.00,7.80,6.36,4.04,1.04,1.38,0.16,2.06,0.04,6.97,2.34,19.27,17.19,24.97,4.07,0.00
428,2.87,0.00,21.03,16.84,6.26,1.68,0.64,0.02,1.49,0.05,2.09,1.65,4.11,4.90,30.35,6.03,0.00
429,0.56,0.00,4.68,0.91,0.15,0.03,0.53,0.09,26.94,0.45,13.07,3.90,1.92,1.30,35.59,9.88,0.00
430,11.01,0.00,7.90,3.63,1.62,0.38,0.53,0.05,13.09,0.25,8.33,2.42,16.22,5.28,22.68,6.61,0.00
431,3.59,0.00,14.27,33.26,23.11,7.27,0.65,0.01,2.92,0.10,1.55,0.32,0.30,0.00,10.68,1.97,0.00
432,0.28,0.00,3.98,0.70,0.06,0.01,0.27,0.09,21.77,1.92,13.56,6.82,5.11,3.03,34.46,7.96,0.00
433,0.28,0.00,5.59,1.51,0.37,0.13,0.17,0.43,32.12,2.70,15.07,6.78,8.86,3.09,21.73,1.17,0.00
434,3.19,0.00,4.91,7.82,4.83,2.40,0.33,0.06,0.49,0.04,0.62,0.34,0.13,4.98,12.14,57.71,0.00
