uniqid_county,NLCD01_11_county,NLCD01_12_county,NLCD01_21_county,NLCD01_22_county,NLCD01_23_county,NLCD01_24_county,NLCD01_31_county,NLCD01_41_county,NLCD01_42_county,NLCD01_43_county,NLCD01_52_county,NLCD01_71_county,NLCD01_81_county,NLCD01_82_county,NLCD01_90_county,NLCD01_95_county,NLCD01_9999_county
1,0.01,0.00,1.30,1.35,0.58,0.09,0.96,0.00,2.27,0.01,91.02,1.37,0.02,0.49,0.51,0.00,0.01
2,0.05,0.00,0.55,0.17,0.04,0.00,1.81,0.00,20.20,0.00,63.23,13.43,0.12,0.07,0.24,0.10,0.00
3,0.29,0.00,0.73,0.35,0.06,0.01,1.74,0.17,0.03,0.00,88.93,2.65,4.12,0.38,0.44,0.11,0.00
4,0.45,0.00,0.56,0.25,0.06,0.01,0.36,0.00,38.49,0.00,59.30,0.28,0.04,0.00,0.17,0.03,0.00
5,0.09,0.00,0.89,0.55,0.21,0.04,14.18,0.01,0.00,0.00,77.08,0.81,0.75,4.88,0.35,0.11,0.03
6,0.10,0.00,0.86,0.42,0.10,0.01,0.27,0.00,19.58,0.00,75.02,3.33,0.10,0.00,0.17,0.04,0.00
7,0.10,0.00,3.09,0.82,0.15,0.04,0.38,0.00,0.99,0.00,83.05,0.18,0.66,9.73,0.77,0.04,0.00
8,0.01,0.00,0.47,0.36,0.07,0.00,0.87,0.13,44.40,0.00,52.83,0.38,0.21,0.08,0.14,0.05,0.00
9,0.04,0.00,1.70,0.28,0.08,0.02,0.01,0.00,12.05,0.15,82.89,1.70,0.67,0.19,0.17,0.04,0.02
10,0.19,0.00,0.50,0.15,0.05,0.01,4.59,0.05,26.21,0.00,57.92,10.16,0.01,0.01,0.14,0.02,0.00
11,0.15,0.00,0.41,0.22,0.03,0.01,0.14,0.01,16.88,0.00,78.10,1.90,0.08,1.64,0.39,0.03,0.00
12,0.29,0.00,3.22,3.44,2.71,0.59,0.18,0.00,0.53,0.00,77.73,4.15,0.48,5.87,0.72,0.09,0.00
13,0.03,0.00,1.56,0.26,0.06,0.01,0.88,0.00,8.07,0.66,81.48,3.48,0.21,3.12,0.16,0.01,0.02
14,0.95,0.00,0.70,0.45,0.12,0.02,2.15,0.12,8.94,0.00,81.29,4.80,0.10,0.10,0.20,0.04,0.00
15,0.11,0.00,0.48,0.15,0.02,0.00,2.50,0.16,28.03,0.00,52.75,15.48,0.04,0.04,0.11,0.13,0.00
16,0.43,0.00,11.54,15.41,26.14,7.43,0.50,0.01,0.92,0.71,29.62,5.80,0.23,0.65,0.43,0.17,0.00
17,0.30,0.00,4.28,1.51,0.87,0.04,0.90,0.00,11.21,11.09,43.44,18.84,1.53,5.11,0.42,0.45,0.00
18,6.95,0.00,0.91,1.49,0.42,0.05,26.39,0.01,0.02,0.01,46.60,0.08,7.66,8.81,0.45,0.13,0.02
19,0.25,0.00,3.68,1.15,0.95,0.21,5.07,0.67,5.36,0.25,38.37,24.48,1.75,17.57,0.09,0.15,0.00
20,0.38,0.00,6.74,4.36,5.47,1.49,12.09,0.01,2.93,1.96,49.56,11.75,0.26,1.80,0.66,0.54,0.00
21,0.14,0.00,1.46,1.18,0.67,0.05,11.37,0.00,1.84,0.21,81.58,1.14,0.10,0.17,0.07,0.01,0.00
22,1.33,0.00,3.90,2.77,2.06,0.19,6.66,0.01,1.87,0.32,68.21,7.29,2.10,2.90,0.25,0.14,0.00
23,0.48,0.00,5.73,3.67,3.22,0.23,1.40,0.00,13.51,7.64,45.43,10.44,0.87,6.58,0.51,0.30,0.00
24,0.42,0.00,8.54,7.87,12.39,4.48,4.71,0.00,4.65,2.41,41.68,9.80,1.97,0.73,0.21,0.11,0.00
25,0.06,0.00,0.40,0.09,0.01,0.00,0.18,2.11,16.83,0.41,18.03,60.14,0.30,0.72,0.43,0.30,0.00
26,0.22,0.01,1.12,0.52,0.06,0.00,0.63,6.63,20.25,1.18,29.44,22.03,11.39,0.01,3.67,2.84,0.00
27,0.41,0.00,0.88,0.59,0.09,0.01,1.49,18.89,36.31,3.06,21.41,6.53,8.68,0.39,1.25,0.01,0.00
28,1.54,0.00,1.36,0.14,0.01,0.00,0.23,0.00,0.01,0.00,11.70,75.37,0.13,8.08,0.39,1.05,0.00
29,0.39,0.02,0.87,0.32,0.01,0.00,1.92,5.44,23.75,1.80,43.58,14.56,3.44,1.98,1.33,0.61,0.00
30,0.16,0.00,2.33,0.36,0.05,0.01,0.12,0.03,0.02,0.00,10.32,48.55,2.55,34.42,0.54,0.56,0.00
31,0.43,0.00,1.04,0.37,0.04,0.00,0.82,10.54,29.50,0.72,40.69,6.13,4.40,4.71,0.60,0.01,0.00
32,0.21,0.00,0.29,0.09,0.02,0.00,3.94,9.70,51.35,2.61,0.55,26.69,0.13,0.01,3.60,0.80,0.00
33,0.59,0.01,1.13,1.35,0.34,0.03,2.36,0.57,5.03,0.21,55.37,5.19,21.24,0.06,3.64,2.88,0.00
34,0.12,0.00,1.33,1.04,0.23,0.02,0.77,6.24,27.91,1.93,16.00,21.94,17.01,0.05,3.34,2.07,0.00
35,0.02,0.00,2.84,0.11,0.01,0.00,0.05,0.05,0.31,0.00,10.94,47.71,4.14,33.61,0.06,0.15,0.00
36,0.34,0.00,0.55,0.20,0.03,0.00,1.04,13.72,42.03,5.68,23.48,8.63,1.99,0.04,2.11,0.17,0.00
37,0.21,0.00,0.47,0.18,0.05,0.01,0.94,5.26,22.00,1.70,18.93,48.81,0.57,0.02,0.51,0.35,0.00
38,0.78,0.00,4.06,0.47,0.06,0.02,0.00,0.11,0.00,0.00,0.01,24.78,0.00,69.02,0.68,0.01,0.00
39,0.32,0.00,4.19,0.80,0.15,0.06,0.03,0.14,0.00,0.00,2.48,35.93,2.30,53.04,0.48,0.06,0.00
40,0.81,0.00,3.57,0.62,0.21,0.10,0.02,0.20,0.00,0.00,0.00,24.83,2.52,66.48,0.61,0.03,0.00
41,0.32,0.00,3.26,0.54,0.14,0.05,0.09,0.20,0.00,0.00,0.00,23.44,4.68,67.12,0.08,0.08,0.00
42,0.01,0.00,3.72,0.13,0.02,0.00,0.04,0.10,0.01,0.00,3.02,13.51,11.98,67.35,0.09,0.01,0.00
43,1.87,0.00,4.58,1.55,0.31,0.14,0.02,2.42,0.00,0.00,0.02,36.85,0.33,51.12,0.69,0.10,0.00
44,0.39,0.00,2.61,0.17,0.03,0.01,0.02,0.23,0.00,0.00,0.00,74.27,0.00,21.82,0.41,0.03,0.00
45,0.57,0.00,3.80,0.49,0.04,0.01,0.03,1.63,0.00,0.00,0.01,36.85,0.12,56.20,0.24,0.01,0.00
46,0.13,0.00,2.75,0.16,0.02,0.00,0.09,0.05,0.00,0.00,12.01,23.39,7.23,53.30,0.64,0.24,0.00
47,0.51,0.00,3.12,0.13,0.02,0.00,0.01,0.06,0.00,0.00,0.00,44.18,0.96,50.00,0.99,0.01,0.00
48,0.27,0.00,3.18,0.27,0.07,0.02,0.01,0.04,0.00,0.00,0.02,58.14,0.03,37.75,0.19,0.00,0.00
49,0.34,0.00,4.17,0.32,0.04,0.01,0.04,0.10,0.00,0.00,0.01,8.49,2.24,84.26,0.00,0.00,0.00
50,0.02,0.00,4.14,0.19,0.02,0.00,0.18,0.04,0.00,0.00,11.66,28.73,4.95,49.50,0.24,0.33,0.00
51,0.06,0.00,4.05,0.35,0.09,0.03,0.08,0.05,0.00,0.00,0.81,15.98,6.28,72.18,0.03,0.00,0.00
52,1.12,0.00,3.78,0.37,0.05,0.02,0.01,0.06,0.00,0.00,0.02,31.94,0.01,62.00,0.61,0.01,0.00
53,1.23,0.00,3.45,0.33,0.05,0.01,0.01,2.20,0.01,0.00,0.02,68.34,0.01,24.04,0.29,0.01,0.00
54,0.44,0.00,2.74,0.17,0.03,0.01,0.02,0.13,0.00,0.00,0.00,11.82,5.03,79.51,0.02,0.09,0.00
55,0.55,0.00,3.03,0.11,0.02,0.00,0.01,0.06,0.00,0.00,0.30,71.55,1.84,22.20,0.27,0.05,0.00
56,1.05,0.00,3.80,0.56,0.06,0.01,0.01,2.36,0.00,0.00,0.01,47.79,0.16,43.77,0.41,0.02,0.00
57,0.70,0.00,4.48,2.00,0.49,0.20,0.01,2.58,0.00,0.00,0.00,22.79,0.68,65.32,0.72,0.02,0.00
58,0.03,0.00,4.54,0.30,0.02,0.00,0.06,0.01,0.00,0.00,4.58,23.19,0.73,66.50,0.01,0.02,0.00
59,0.30,0.00,2.93,0.12,0.02,0.00,0.05,0.10,0.00,0.00,4.39,22.66,9.05,59.70,0.40,0.27,0.00
60,1.24,0.00,4.03,0.53,0.05,0.01,0.01,0.38,0.00,0.00,0.04,32.36,0.02,59.35,1.52,0.45,0.00
61,1.97,0.00,5.36,8.87,2.82,1.40,0.03,2.67,0.00,0.05,0.01,24.77,0.82,50.39,0.82,0.02,0.00
62,0.46,0.00,2.96,0.18,0.02,0.00,0.02,0.28,0.00,0.00,0.02,45.35,4.22,46.08,0.34,0.06,0.00
63,1.08,0.00,4.04,1.03,0.14,0.04,0.02,2.04,0.00,0.00,0.00,20.65,0.89,68.48,1.55,0.04,0.00
64,0.37,0.00,3.62,0.57,0.13,0.04,0.02,0.31,0.00,0.00,0.01,32.60,0.00,61.74,0.56,0.03,0.00
65,2.13,0.00,0.89,1.29,1.48,0.60,3.36,0.01,5.19,0.08,84.10,0.55,0.06,0.07,0.18,0.01,0.00
66,0.05,0.00,0.35,0.01,0.00,0.00,0.11,0.06,2.91,0.00,23.69,72.64,0.00,0.15,0.02,0.02,0.00
67,1.24,0.00,0.24,0.22,0.03,0.00,2.04,0.19,14.67,0.00,74.76,6.23,0.05,0.23,0.08,0.01,0.00
68,0.07,0.00,1.24,0.32,0.12,0.04,0.36,0.00,0.00,0.00,53.02,42.60,0.00,2.19,0.00,0.03,0.00
69,0.16,0.00,0.51,0.10,0.02,0.00,0.03,0.01,0.61,0.00,16.51,81.71,0.00,0.06,0.07,0.21,0.00
70,0.10,0.00,1.49,0.09,0.02,0.00,0.47,0.22,10.69,0.01,19.12,66.82,0.00,0.88,0.00,0.08,0.00
71,0.03,0.00,0.52,0.21,0.07,0.01,0.74,0.21,30.20,0.00,64.07,3.76,0.03,0.01,0.07,0.07,0.00
72,0.01,0.00,0.50,0.16,0.03,0.00,5.74,0.02,17.48,0.00,66.72,9.14,0.01,0.18,0.01,0.00,0.00
73,0.39,0.00,0.89,0.39,0.18,0.03,1.20,0.07,7.32,0.00,64.45,22.00,1.22,1.24,0.61,0.01,0.00
74,0.15,0.00,2.30,0.18,0.04,0.01,0.07,0.00,0.00,0.00,15.96,63.60,0.00,17.65,0.00,0.04,0.00
75,0.03,0.00,4.06,0.66,0.17,0.12,0.05,0.00,0.00,0.00,1.11,59.74,0.00,34.04,0.00,0.04,0.00
76,0.08,0.00,0.62,0.29,0.03,0.01,0.66,3.12,43.42,0.92,37.69,11.79,0.69,0.13,0.44,0.10,0.00
77,0.00,0.00,0.31,0.08,0.02,0.00,2.28,0.00,1.55,0.05,83.97,11.03,0.09,0.49,0.08,0.04,0.01
78,0.35,0.00,0.94,0.26,0.06,0.01,0.54,0.01,2.39,0.00,89.82,3.19,0.00,1.56,0.41,0.46,0.00
79,0.19,0.00,0.45,0.05,0.01,0.00,0.13,0.00,0.01,0.00,27.87,70.47,0.00,0.61,0.04,0.16,0.00
80,0.05,0.00,0.30,0.13,0.04,0.00,1.95,0.10,33.66,0.01,49.26,14.43,0.00,0.02,0.02,0.02,0.00
81,0.44,0.00,1.70,0.13,0.02,0.01,0.27,0.01,0.37,0.00,38.33,52.43,0.00,6.05,0.04,0.20,0.00
82,0.32,0.00,0.58,0.09,0.02,0.00,0.08,1.61,32.10,0.08,11.92,51.57,0.09,0.58,0.37,0.58,0.00
83,0.07,0.00,2.91,2.29,0.51,0.08,1.09,0.74,52.11,0.11,24.67,15.36,0.06,0.00,0.01,0.00,0.00
84,0.24,0.00,3.43,5.83,2.76,0.55,0.35,0.26,19.59,0.07,39.99,23.99,2.22,0.12,0.51,0.08,0.00
85,0.11,0.00,1.09,0.84,0.25,0.04,3.66,0.00,0.58,0.00,84.51,5.09,0.06,3.73,0.02,0.01,0.00
86,0.07,0.00,0.78,0.23,0.07,0.01,0.11,0.00,0.29,0.00,71.96,24.84,0.00,1.39,0.09,0.15,0.00
87,0.35,0.00,1.61,0.87,0.14,0.03,0.92,0.00,1.33,0.00,69.30,19.80,1.50,3.60,0.55,0.01,0.00
88,0.55,0.00,0.54,0.14,0.01,0.00,0.18,3.03,36.88,0.81,42.74,13.42,0.42,0.43,0.69,0.16,0.00
89,0.44,0.00,0.38,0.08,0.03,0.00,0.02,0.42,25.01,0.08,28.54,44.41,0.12,0.05,0.15,0.27,0.00
90,0.02,0.00,0.20,0.08,0.01,0.00,0.16,0.07,49.49,0.00,33.50,16.43,0.00,0.00,0.02,0.03,0.00
91,0.19,0.00,1.23,0.43,0.07,0.01,0.35,1.12,22.74,0.24,51.23,21.15,0.45,0.47,0.26,0.05,0.00
92,0.05,0.00,2.05,0.57,0.13,0.02,0.06,0.47,24.14,0.30,28.57,42.52,0.02,1.02,0.06,0.01,0.00
93,0.33,0.00,0.47,0.12,0.01,0.00,2.09,0.02,11.86,0.00,59.57,24.29,0.11,0.61,0.50,0.01,0.00
94,0.00,0.00,0.54,0.06,0.01,0.00,1.57,0.07,14.30,0.00,33.53,49.82,0.01,0.08,0.00,0.01,0.00
95,0.09,0.00,0.36,0.14,0.06,0.01,0.81,0.15,24.02,0.00,47.63,26.69,0.00,0.00,0.01,0.03,0.00
96,0.01,0.00,1.56,0.23,0.04,0.01,0.37,0.00,0.32,0.00,85.67,10.02,0.08,1.65,0.00,0.02,0.01
97,0.25,0.00,0.39,0.06,0.01,0.00,0.15,0.80,30.89,0.07,9.55,56.40,0.47,0.13,0.17,0.66,0.00
98,0.04,0.00,0.57,0.05,0.01,0.00,0.04,0.06,6.05,0.00,10.71,79.54,0.00,2.65,0.06,0.22,0.00
99,2.18,0.00,5.84,1.80,0.52,0.24,0.01,20.66,2.22,0.00,0.00,53.33,4.68,8.51,0.00,0.00,0.00
100,1.26,0.00,4.97,0.49,0.16,0.07,0.05,5.32,4.45,0.00,0.23,43.06,0.24,39.71,0.00,0.00,0.00
101,13.70,0.00,3.81,0.97,0.18,0.09,0.08,27.14,0.77,0.00,0.00,38.27,10.35,4.30,0.20,0.14,0.00
102,0.78,0.00,3.99,0.27,0.03,0.01,0.26,0.01,0.00,2.83,53.83,8.68,0.00,28.66,0.65,0.00,0.00
103,2.01,0.00,3.87,1.17,0.24,0.07,0.34,21.76,5.44,0.00,0.00,49.51,11.51,4.02,0.00,0.06,0.00
104,2.04,0.00,2.62,0.31,0.06,0.01,0.67,8.56,0.01,0.00,0.46,61.61,3.49,20.14,0.00,0.01,0.00
105,1.24,0.00,4.24,0.54,0.08,0.03,0.82,0.95,0.00,0.01,4.20,27.85,0.04,59.98,0.00,0.01,0.00
106,1.28,0.00,3.44,0.27,0.04,0.01,0.07,0.04,0.57,0.00,0.51,71.85,0.09,21.53,0.25,0.04,0.00
107,0.63,0.00,4.17,0.57,0.05,0.01,0.01,0.59,0.00,0.00,0.26,26.57,0.69,63.77,1.99,0.70,0.00
108,0.67,0.00,4.22,0.29,0.05,0.01,0.10,1.02,9.60,1.38,3.73,55.77,0.00,23.14,0.00,0.00,0.00
109,1.98,0.00,14.33,10.71,7.94,4.47,0.04,20.21,0.22,0.00,0.00,29.93,2.64,7.54,0.00,0.00,0.00
110,0.06,0.00,4.66,0.42,0.07,0.02,0.06,0.00,0.00,0.00,4.63,55.15,0.00,34.83,0.04,0.06,0.00
111,0.28,0.00,3.01,0.10,0.02,0.00,0.32,0.01,0.05,0.75,24.86,63.00,0.00,7.54,0.07,0.00,0.00
112,1.74,0.00,4.67,0.36,0.05,0.02,0.03,0.52,0.04,2.32,24.41,17.22,0.11,48.35,0.17,0.00,0.00
113,0.20,0.00,3.80,0.60,0.14,0.05,0.52,0.00,0.00,2.82,37.88,37.11,0.00,16.48,0.41,0.00,0.00
114,1.80,0.00,4.72,0.90,0.22,0.08,0.07,6.99,0.20,0.00,0.13,51.00,1.09,32.30,0.31,0.20,0.00
115,0.09,0.00,4.12,0.20,0.02,0.01,0.59,0.02,0.01,1.24,51.41,11.20,0.00,30.78,0.30,0.00,0.00
116,0.70,0.00,4.40,0.96,0.13,0.03,0.25,2.32,5.58,0.86,0.14,47.03,0.08,37.47,0.04,0.02,0.00
117,2.70,0.00,3.91,0.59,0.06,0.01,2.30,1.08,0.02,0.00,0.26,29.53,0.22,58.12,0.79,0.40,0.00
118,3.29,0.00,3.14,0.54,0.09,0.03,0.71,29.82,0.61,0.00,0.00,39.40,14.04,8.09,0.08,0.16,0.00
119,0.41,0.00,4.00,0.16,0.01,0.00,0.11,0.03,0.00,0.00,6.24,68.63,0.10,19.91,0.38,0.00,0.00
120,2.12,0.00,3.99,0.81,0.34,0.14,0.01,18.20,0.01,0.00,0.02,58.50,1.81,14.07,0.00,0.00,0.00
121,3.56,0.00,4.44,1.69,0.38,0.14,0.03,2.50,0.00,0.01,0.11,28.06,6.52,47.51,4.21,0.85,0.00
122,0.41,0.00,4.85,0.85,0.18,0.12,0.47,0.15,0.04,1.71,32.26,5.31,0.00,53.30,0.36,0.00,0.00
123,0.02,0.00,2.53,0.21,0.02,0.00,0.02,0.01,0.07,0.00,8.06,68.22,0.00,20.42,0.09,0.33,0.00
124,0.12,0.00,3.87,0.33,0.04,0.01,0.35,0.01,0.34,0.17,19.29,64.51,0.01,10.78,0.17,0.00,0.00
125,1.63,0.00,4.69,0.94,0.27,0.10,0.43,16.18,0.06,0.00,0.00,49.38,9.17,17.14,0.00,0.01,0.00
126,0.99,0.00,4.21,0.91,0.30,0.11,0.05,10.52,0.17,0.00,0.05,56.67,0.45,25.57,0.00,0.00,0.00
127,1.52,0.00,3.63,0.87,0.14,0.04,0.22,2.20,6.86,0.38,0.00,38.34,0.07,45.72,0.00,0.00,0.00
128,0.67,0.00,3.87,0.87,0.21,0.09,0.10,0.02,5.91,0.03,3.50,65.03,0.05,19.49,0.07,0.11,0.00
129,1.10,0.00,5.22,0.52,0.14,0.05,0.10,2.81,0.29,0.00,0.00,32.07,0.07,57.55,0.00,0.08,0.00
130,1.67,0.00,4.50,1.81,0.92,0.37,0.11,7.09,0.61,0.41,1.99,63.78,0.13,16.62,0.00,0.01,0.00
131,0.88,0.00,4.41,0.41,0.13,0.02,0.86,3.81,0.01,0.00,0.43,43.37,0.05,45.61,0.00,0.00,0.00
132,1.31,0.00,4.40,0.72,0.24,0.12,0.01,0.53,1.27,0.51,6.96,45.50,0.01,38.37,0.03,0.00,0.00
133,0.47,0.00,4.91,1.34,0.55,0.25,0.01,2.01,0.26,0.00,0.00,29.31,0.26,60.65,0.00,0.00,0.00
134,0.40,0.00,4.71,0.36,0.07,0.04,0.01,0.41,0.09,1.28,11.88,22.99,0.00,57.71,0.04,0.00,0.00
135,1.56,0.00,5.46,0.65,0.20,0.07,0.07,18.47,2.43,0.00,0.00,48.83,1.11,21.06,0.00,0.07,0.00
136,1.44,0.00,5.27,0.99,0.18,0.08,0.02,18.61,0.05,0.00,0.00,50.29,10.31,12.76,0.00,0.00,0.00
137,1.14,0.00,5.17,0.57,0.17,0.05,0.00,30.46,0.51,0.00,0.00,49.42,8.52,3.98,0.00,0.01,0.00
138,3.28,0.00,7.26,4.86,2.39,0.69,0.37,32.78,0.26,0.00,0.00,34.01,7.65,6.44,0.00,0.00,0.00
139,1.50,0.00,4.92,2.02,0.88,0.26,0.14,4.55,2.99,0.00,0.00,35.30,0.38,47.07,0.00,0.00,0.00
140,1.40,0.00,3.13,0.41,0.08,0.02,0.38,0.97,0.12,0.00,0.06,63.47,0.26,28.43,0.74,0.55,0.00
141,1.61,0.00,4.00,1.72,0.44,0.18,0.08,27.41,0.20,0.00,0.00,46.97,12.39,4.99,0.00,0.01,0.00
142,1.62,0.00,5.36,1.54,0.38,0.14,0.21,34.62,0.06,0.00,0.00,40.62,9.86,5.60,0.00,0.00,0.00
143,0.36,0.00,4.00,1.30,0.21,0.07,0.73,0.52,0.05,0.00,45.96,19.45,0.00,27.22,0.05,0.09,0.00
144,0.13,0.00,2.17,0.13,0.01,0.00,0.04,0.13,1.53,0.40,72.88,2.31,0.00,20.13,0.15,0.00,0.00
145,0.01,0.00,4.22,0.25,0.03,0.01,0.03,0.17,0.97,0.00,6.25,29.66,0.00,56.24,0.00,2.16,0.00
146,0.01,0.00,0.30,0.08,0.01,0.00,1.42,0.02,1.64,0.00,92.47,3.85,0.00,0.08,0.08,0.04,0.01
147,0.20,0.00,3.80,1.86,0.50,0.07,0.25,0.14,0.08,0.08,50.16,15.98,16.29,8.88,1.47,0.24,0.02
148,0.06,0.00,1.36,0.70,0.10,0.01,0.27,1.85,3.82,0.01,75.53,15.22,0.04,0.13,0.76,0.11,0.01
149,0.02,0.00,2.92,0.11,0.01,0.00,0.69,0.05,0.00,0.69,50.37,26.44,0.00,18.52,0.17,0.00,0.00
150,0.46,0.00,5.31,1.23,0.62,0.29,0.04,1.21,0.51,0.00,75.73,2.51,0.45,11.52,0.10,0.00,0.00
151,0.97,0.00,5.38,0.27,0.07,0.02,0.00,1.80,2.20,0.00,63.46,17.87,0.31,7.46,0.19,0.00,0.00
152,0.01,0.00,2.36,1.03,0.20,0.01,0.13,0.37,1.03,0.06,63.59,6.51,16.16,5.17,3.33,0.04,0.00
153,0.08,0.00,6.83,0.48,0.05,0.02,0.05,0.01,0.00,0.00,0.64,36.52,0.00,55.10,0.00,0.22,0.00
154,0.49,0.00,5.57,0.68,0.15,0.03,0.03,5.40,19.15,0.22,40.20,15.08,2.35,9.83,0.81,0.01,0.00
155,0.07,0.00,1.40,0.31,0.07,0.01,0.58,0.30,0.01,0.21,31.07,58.20,0.00,7.47,0.31,0.00,0.00
156,0.03,0.00,3.03,0.19,0.03,0.02,0.03,0.00,0.00,0.00,1.89,62.02,0.00,32.72,0.01,0.03,0.00
157,0.14,0.00,5.62,0.37,0.08,0.02,0.00,2.97,6.02,0.00,58.39,20.02,1.89,4.18,0.29,0.00,0.00
158,0.13,0.00,3.45,0.86,0.32,0.20,0.14,9.91,13.86,0.00,17.91,46.33,1.27,3.90,1.72,0.00,0.00
159,0.40,0.00,4.77,0.33,0.04,0.01,0.23,0.02,0.00,0.00,23.41,17.53,0.00,52.99,0.00,0.26,0.00
160,0.15,0.00,3.06,0.35,0.09,0.04,0.01,6.94,29.54,0.00,44.37,14.63,0.39,0.39,0.03,0.00,0.00
161,0.82,0.00,5.90,0.41,0.11,0.05,0.18,16.79,2.63,3.74,14.84,7.65,27.16,15.56,3.96,0.18,0.00
162,0.44,0.00,5.96,1.37,0.53,0.28,0.11,11.65,30.24,0.04,28.60,16.78,1.17,2.38,0.46,0.00,0.00
163,0.66,0.00,3.14,1.32,0.25,0.04,2.90,0.07,0.68,0.11,14.89,13.54,5.98,48.46,2.44,5.51,0.00
164,0.86,0.00,7.52,2.32,0.69,0.34,0.14,9.65,4.42,0.01,0.12,54.15,9.99,7.93,1.84,0.00,0.00
165,0.00,0.00,2.25,0.21,0.06,0.00,0.04,0.05,0.00,0.00,91.29,0.22,0.00,4.74,0.60,0.53,0.00
166,0.16,0.00,2.20,1.80,0.81,0.24,0.34,0.01,0.25,0.02,69.45,16.09,6.52,0.10,1.77,0.20,0.02
167,0.12,0.00,3.16,0.16,0.03,0.01,0.00,2.49,0.98,0.00,35.61,53.40,0.19,3.79,0.04,0.00,0.00
168,0.29,0.00,3.89,0.72,0.09,0.03,0.52,0.09,0.63,0.17,32.75,42.59,0.00,18.18,0.05,0.02,0.00
169,0.12,0.00,2.30,0.43,0.03,0.00,5.18,2.53,6.44,0.08,22.84,49.71,2.75,0.23,3.24,4.11,0.00
170,2.83,0.00,6.47,1.13,0.27,0.17,0.09,15.07,24.40,0.01,0.00,43.90,3.22,0.45,1.97,0.00,0.00
171,0.20,0.00,0.84,0.23,0.01,0.00,0.02,0.01,0.00,0.00,51.72,40.18,0.00,6.60,0.01,0.18,0.00
172,0.16,0.00,7.72,2.20,0.94,0.57,0.03,4.50,8.71,0.00,54.58,9.68,0.23,10.63,0.03,0.00,0.00
173,0.06,0.00,1.01,0.08,0.00,0.00,0.07,0.05,8.87,0.07,81.07,6.42,0.00,2.29,0.02,0.00,0.00
174,0.18,0.00,1.82,0.10,0.00,0.00,0.57,0.18,0.12,0.03,49.46,38.73,0.00,8.70,0.06,0.05,0.00
175,1.97,0.00,5.02,0.29,0.07,0.03,0.00,7.40,11.14,0.00,19.80,51.62,0.21,2.24,0.19,0.00,0.00
176,0.03,0.00,3.94,0.34,0.07,0.03,0.01,0.01,0.00,0.00,2.51,48.95,0.00,43.72,0.00,0.39,0.00
177,0.00,0.00,0.93,0.13,0.00,0.00,0.12,0.01,0.00,0.00,34.06,60.80,0.00,3.27,0.61,0.05,0.00
178,1.00,0.00,0.73,0.32,0.10,0.03,0.21,0.90,0.48,0.00,95.22,0.55,0.00,0.04,0.38,0.01,0.04
179,1.38,0.00,7.19,0.76,0.24,0.15,0.01,3.59,7.24,0.01,49.86,20.76,3.25,5.19,0.38,0.00,0.00
180,0.87,0.00,5.78,2.10,0.47,0.21,0.10,12.43,3.04,0.00,4.36,58.87,7.90,2.59,1.29,0.00,0.00
181,1.00,0.00,1.57,2.37,0.47,0.02,0.49,0.01,0.01,0.00,46.05,33.25,8.48,0.36,3.66,2.21,0.04
182,0.40,0.00,2.87,1.96,0.32,0.04,0.21,1.80,0.25,0.43,40.06,3.84,39.94,6.10,1.63,0.15,0.00
183,3.38,0.00,5.84,0.63,0.15,0.07,0.01,7.64,29.09,0.00,8.28,40.42,1.25,2.72,0.53,0.00,0.00
184,0.00,0.00,2.81,0.07,0.02,0.00,0.07,0.06,0.00,0.00,78.06,1.52,0.00,16.71,0.02,0.65,0.00
185,0.18,0.00,3.90,0.22,0.02,0.01,0.20,0.13,0.11,0.00,22.50,20.98,0.00,50.59,0.02,1.13,0.00
186,0.56,0.00,3.27,0.57,0.11,0.02,0.27,3.68,0.60,0.16,30.35,3.18,27.25,18.51,5.45,6.01,0.00
187,2.40,0.00,3.66,0.59,0.17,0.08,0.04,11.68,27.02,0.00,31.29,22.49,0.08,0.20,0.30,0.00,0.00
188,0.00,0.00,2.81,0.71,0.10,0.01,0.00,0.32,0.05,0.00,92.27,3.71,0.00,0.02,0.00,0.00,0.00
189,1.38,0.00,5.42,3.48,4.27,1.81,2.06,0.96,0.02,0.00,6.40,3.49,4.51,61.25,2.19,2.76,0.00
190,0.73,0.00,5.34,0.33,0.08,0.03,0.07,18.58,2.44,0.00,10.48,59.12,0.37,1.91,0.51,0.01,0.00
191,0.03,0.00,5.72,0.41,0.08,0.02,0.01,0.02,0.01,0.00,0.32,46.05,0.00,46.62,0.00,0.73,0.00
192,0.02,0.00,1.03,0.22,0.04,0.01,0.84,0.00,0.12,0.00,95.86,0.83,0.00,0.85,0.09,0.09,0.00
193,0.00,0.00,5.23,0.12,0.02,0.01,0.06,0.00,0.00,0.00,41.68,12.76,0.00,40.09,0.00,0.01,0.00
194,0.05,0.00,6.03,0.38,0.06,0.02,0.01,0.01,0.00,0.00,0.79,20.91,0.00,71.48,0.00,0.26,0.00
195,0.00,0.00,0.84,0.20,0.11,0.02,4.89,0.00,0.00,0.00,75.43,18.33,0.00,0.10,0.02,0.05,0.00
196,1.24,0.00,4.64,3.58,1.83,0.90,1.66,1.40,0.01,0.00,6.91,46.84,0.12,30.84,0.00,0.03,0.00
197,0.07,0.00,3.55,0.86,0.16,0.08,0.15,0.29,0.01,0.00,17.46,64.05,0.00,13.19,0.09,0.04,0.00
198,0.00,0.00,1.31,0.15,0.03,0.01,0.00,0.16,0.05,0.00,97.97,0.22,0.01,0.10,0.00,0.00,0.00
199,0.21,0.00,3.80,0.33,0.03,0.01,0.29,0.05,1.47,0.75,63.02,2.32,0.00,27.46,0.27,0.00,0.00
200,3.29,0.00,12.51,6.55,4.01,2.03,0.08,8.62,22.05,0.65,16.73,11.22,4.11,6.29,1.85,0.01,0.00
201,0.06,0.00,3.26,0.23,0.07,0.03,0.02,4.36,20.42,0.03,57.55,10.36,0.87,2.72,0.02,0.00,0.00
202,0.01,0.00,4.86,0.26,0.06,0.02,0.22,0.00,0.00,0.00,43.23,6.86,0.00,44.47,0.00,0.00,0.00
203,1.09,0.00,5.48,0.86,0.22,0.06,0.16,11.80,5.76,2.15,17.48,2.14,43.53,4.19,4.87,0.23,0.00
204,0.10,0.00,3.66,0.41,0.09,0.04,0.15,1.93,14.15,0.00,62.55,10.32,0.43,5.69,0.46,0.00,0.00
205,0.31,0.00,4.19,0.11,0.02,0.01,0.00,2.32,1.36,0.00,17.88,62.31,0.00,11.39,0.10,0.00,0.00
206,0.68,0.00,6.81,0.35,0.07,0.02,0.02,4.72,2.30,0.42,1.12,20.39,29.88,30.13,3.06,0.05,0.00
207,0.04,0.00,2.56,0.17,0.02,0.01,1.81,0.16,0.68,0.99,53.87,16.66,0.00,22.82,0.22,0.00,0.00
208,0.02,0.00,2.10,0.10,0.01,0.00,0.16,0.42,0.52,0.06,64.11,24.83,0.00,7.57,0.01,0.08,0.00
209,0.18,0.00,1.03,0.29,0.11,0.02,1.80,0.00,0.07,0.00,95.24,0.06,0.00,0.95,0.10,0.13,0.00
210,0.01,0.00,0.32,0.10,0.02,0.00,0.25,0.01,0.13,0.00,98.94,0.00,0.00,0.00,0.19,0.01,0.01
211,0.33,0.00,5.27,0.24,0.01,0.00,0.13,0.17,0.01,0.00,7.20,16.46,0.00,69.33,0.02,0.82,0.00
212,0.06,0.00,1.74,1.70,0.39,0.01,0.07,0.09,0.10,0.11,59.81,15.66,10.07,4.14,5.22,0.83,0.00
213,0.61,0.00,6.46,0.44,0.12,0.04,0.00,1.04,0.36,0.00,30.02,12.24,2.15,46.34,0.19,0.00,0.00
214,0.04,0.00,5.32,0.32,0.04,0.02,0.00,0.03,0.00,0.00,0.20,29.80,0.00,63.40,0.00,0.83,0.00
215,0.88,0.00,5.01,1.25,0.78,0.27,0.16,5.40,2.75,0.56,13.17,2.79,43.52,14.80,6.61,2.05,0.00
216,0.34,0.00,3.74,0.94,0.39,0.11,2.52,1.39,0.02,0.02,29.04,15.40,18.86,17.51,3.63,6.10,0.00
217,0.09,0.00,2.68,0.09,0.01,0.00,0.97,2.40,5.58,0.09,36.58,32.79,0.00,17.64,0.08,1.01,0.00
218,2.32,0.00,4.75,0.45,0.13,0.02,0.37,4.90,0.01,0.00,11.48,63.94,0.26,11.35,0.00,0.01,0.00
219,0.02,0.00,3.90,0.50,0.06,0.01,0.48,6.07,0.10,0.01,32.88,42.01,10.37,1.03,2.35,0.21,0.00
220,0.30,0.00,6.29,0.34,0.11,0.04,0.00,0.78,0.63,0.00,61.96,12.29,0.35,16.91,0.01,0.00,0.00
221,0.03,0.00,3.41,0.61,0.07,0.02,0.02,0.01,0.00,0.00,15.04,53.96,0.00,26.73,0.00,0.09,0.00
222,0.57,0.00,4.81,0.59,0.19,0.05,0.23,15.53,2.57,4.80,20.30,1.47,40.27,2.54,5.60,0.47,0.00
223,0.03,0.00,5.86,0.86,0.21,0.10,0.01,0.03,0.00,0.00,0.16,24.41,0.00,67.93,0.00,0.39,0.00
224,0.95,0.00,15.02,10.18,5.99,3.25,0.42,7.24,14.71,0.43,19.37,4.78,9.74,5.61,2.23,0.07,0.00
225,0.33,0.00,1.83,0.28,0.02,0.00,2.45,0.10,0.38,0.03,51.31,33.58,0.00,9.55,0.03,0.11,0.00
226,1.28,0.00,5.29,1.12,0.19,0.04,0.22,20.93,0.03,0.00,4.71,55.83,5.99,4.36,0.00,0.02,0.00
227,0.00,0.00,1.90,0.11,0.01,0.00,0.50,0.00,0.00,0.00,93.69,0.53,0.00,2.48,0.48,0.29,0.00
228,0.20,0.00,4.49,0.23,0.05,0.02,0.00,6.76,10.38,0.00,27.56,45.40,1.66,2.56,0.69,0.00,0.00
229,0.06,0.00,5.35,0.17,0.02,0.01,0.11,0.85,0.48,0.30,48.45,13.70,0.75,29.74,0.02,0.00,0.00
230,0.05,0.00,6.70,0.40,0.06,0.01,0.10,0.23,0.03,0.00,13.81,14.76,0.00,63.14,0.03,0.70,0.00
231,0.06,0.00,3.17,0.90,0.13,0.02,0.11,0.31,0.00,0.01,68.06,20.22,0.76,1.71,3.97,0.56,0.00
232,0.73,0.00,2.11,1.30,0.27,0.15,0.23,0.02,0.00,0.00,37.76,40.59,0.00,16.60,0.18,0.06,0.00
233,2.85,0.00,2.50,0.31,0.09,0.03,0.00,3.23,23.39,0.00,43.46,23.61,0.27,0.24,0.02,0.00,0.00
234,0.01,0.00,0.44,0.17,0.02,0.00,0.23,0.07,0.47,0.00,85.42,12.75,0.00,0.11,0.30,0.01,0.01
235,0.62,0.00,7.54,0.48,0.12,0.06,0.00,5.23,12.89,0.01,34.71,22.84,7.80,7.34,0.36,0.00,0.00
236,4.48,0.00,15.49,20.36,10.66,5.99,0.17,9.10,0.12,0.00,0.08,25.91,5.20,1.90,0.26,0.27,0.00
237,0.15,0.00,5.07,0.45,0.09,0.03,0.12,17.06,7.66,1.57,14.33,3.21,42.54,3.26,4.24,0.21,0.00
238,0.18,0.00,3.36,0.48,0.04,0.02,1.86,0.01,0.24,1.14,65.84,1.72,0.00,24.96,0.14,0.00,0.00
239,0.79,0.00,6.32,6.39,3.29,0.82,0.70,0.73,0.04,0.09,17.08,11.83,14.68,35.93,0.92,0.34,0.04
240,0.78,0.00,3.40,0.74,0.15,0.06,0.04,0.00,0.00,0.00,13.49,46.83,0.00,34.40,0.02,0.09,0.00
241,0.05,0.00,1.61,0.11,0.03,0.00,0.00,1.48,1.08,0.00,92.70,2.10,0.34,0.38,0.13,0.00,0.00
242,0.01,0.00,1.06,0.17,0.03,0.00,0.01,4.33,7.98,0.00,84.86,1.51,0.00,0.01,0.03,0.00,0.00
243,1.54,0.00,3.55,2.10,1.09,0.28,1.17,2.83,0.02,0.02,11.25,3.28,7.61,56.18,2.24,6.84,0.00
244,0.23,0.00,5.67,0.38,0.06,0.02,0.16,0.04,0.00,0.00,19.46,7.73,0.00,66.17,0.00,0.09,0.00
245,0.00,0.00,0.84,0.23,0.07,0.01,0.03,0.14,0.44,0.00,97.98,0.07,0.00,0.02,0.15,0.02,0.00
246,0.72,0.00,2.98,0.26,0.05,0.01,0.00,3.48,2.19,0.00,73.87,14.71,0.06,1.66,0.00,0.00,0.00
247,0.03,0.00,1.57,0.51,0.18,0.03,1.34,0.00,0.00,0.00,91.32,4.91,0.00,0.09,0.03,0.01,0.00
248,0.21,0.00,3.14,0.46,0.15,0.05,0.03,7.74,14.95,0.00,45.22,26.25,0.61,0.91,0.30,0.00,0.00
249,0.44,0.00,6.06,0.20,0.03,0.02,0.01,1.29,0.57,0.27,22.94,18.16,1.19,48.74,0.08,0.00,0.00
250,0.09,0.00,3.93,0.21,0.02,0.01,0.21,0.12,0.01,0.00,52.16,8.05,0.00,35.08,0.06,0.07,0.00
251,0.16,0.00,3.59,1.94,0.33,0.03,0.21,3.15,0.25,0.29,46.64,6.81,22.42,11.24,2.78,0.16,0.00
252,0.07,0.00,1.37,0.25,0.02,0.01,0.20,0.01,0.01,0.03,28.93,65.52,0.00,2.59,0.99,0.00,0.00
253,0.02,0.00,2.09,0.19,0.03,0.01,0.04,0.00,0.00,0.00,10.90,61.77,0.00,24.94,0.01,0.01,0.00
254,1.25,0.00,6.29,0.49,0.16,0.08,0.07,7.95,4.13,0.00,10.04,57.69,0.12,11.32,0.41,0.00,0.00
255,0.53,0.00,4.77,0.64,0.13,0.04,0.06,11.91,0.59,1.08,35.55,1.74,33.99,4.71,4.01,0.24,0.00
256,0.73,0.00,0.79,2.13,0.46,0.00,0.04,0.11,0.04,0.09,64.70,5.12,19.45,3.26,2.42,0.66,0.00
257,0.42,0.00,6.40,0.42,0.13,0.07,0.01,9.88,12.45,0.00,17.84,41.42,5.49,4.36,1.09,0.00,0.00
258,2.46,0.00,8.20,2.06,0.92,0.58,0.06,4.42,4.16,0.01,0.00,35.06,18.43,19.36,4.29,0.00,0.00
259,0.49,0.00,4.42,0.28,0.05,0.02,0.01,3.66,6.47,0.01,64.48,10.89,1.65,7.57,0.00,0.00,0.00
260,0.25,0.00,1.53,0.25,0.02,0.01,1.10,0.84,1.20,0.02,50.02,37.24,0.00,7.40,0.07,0.05,0.00
261,0.07,0.00,1.19,0.11,0.00,0.00,0.49,0.02,0.97,0.26,77.03,16.59,0.00,3.25,0.02,0.00,0.00
262,0.06,0.00,1.37,0.17,0.03,0.01,0.01,7.21,38.50,0.02,47.70,4.70,0.03,0.03,0.17,0.00,0.00
263,0.00,0.00,3.13,0.51,0.17,0.02,0.01,0.56,0.37,0.00,94.86,0.37,0.00,0.01,0.00,0.00,0.00
264,0.08,0.00,3.08,2.62,0.64,0.31,0.32,0.03,0.00,0.01,80.44,4.89,0.00,6.81,0.32,0.46,0.00
265,0.02,0.00,0.46,0.10,0.01,0.00,4.39,0.00,0.19,0.00,90.11,3.43,0.00,1.12,0.13,0.01,0.01
266,0.10,0.00,3.96,0.73,0.12,0.02,0.12,0.53,0.04,0.04,71.91,8.78,1.15,9.22,3.06,0.21,0.00
267,1.10,0.00,4.81,0.30,0.06,0.03,0.00,4.73,6.55,0.01,28.60,37.15,7.25,8.46,0.95,0.00,0.00
268,0.43,0.00,3.90,0.31,0.17,0.03,0.14,0.12,0.16,0.04,56.71,25.93,0.04,12.02,0.01,0.00,0.00
269,0.03,0.00,1.25,0.17,0.05,0.00,3.26,0.00,0.00,0.00,72.10,23.02,0.00,0.09,0.00,0.03,0.00
270,0.17,0.00,6.39,4.54,1.25,0.69,0.07,0.11,0.01,0.00,1.17,15.54,0.00,70.02,0.01,0.05,0.00
271,2.52,0.00,5.64,1.97,0.47,0.13,0.71,14.90,0.07,0.00,0.11,58.76,10.23,4.45,0.00,0.04,0.00
272,0.00,0.00,0.40,0.04,0.00,0.00,0.03,0.17,14.23,0.00,73.87,11.25,0.00,0.02,0.00,0.00,0.00
273,0.10,0.00,3.26,6.62,3.99,1.61,3.37,0.00,0.08,0.00,66.21,5.27,0.07,9.41,0.00,0.00,0.02
274,1.11,0.00,9.49,2.46,1.45,0.46,0.38,7.70,9.37,0.13,6.81,31.76,6.04,20.54,2.31,0.00,0.00
275,0.01,0.00,2.13,0.21,0.02,0.00,0.19,0.01,0.00,0.00,15.92,71.19,0.00,10.25,0.08,0.00,0.00
276,0.17,0.00,2.99,0.05,0.01,0.01,0.00,5.69,13.50,0.01,61.49,13.99,1.02,1.07,0.00,0.00,0.00
277,0.11,0.00,3.66,0.52,0.05,0.01,0.07,0.01,0.00,0.00,7.52,41.94,0.00,45.88,0.00,0.23,0.00
278,3.16,0.00,6.42,0.76,0.18,0.08,0.06,6.93,3.07,0.00,0.06,38.25,11.20,27.12,2.69,0.02,0.00
279,0.23,0.00,1.93,2.64,0.80,0.59,0.11,0.07,0.00,0.00,39.17,49.25,0.00,4.48,0.23,0.48,0.00
280,0.25,0.00,4.98,1.29,0.42,0.08,0.27,2.47,0.01,0.01,30.21,1.84,21.80,32.95,3.14,0.27,0.00
281,0.12,0.00,1.65,0.15,0.01,0.00,0.21,0.23,4.61,0.36,73.45,9.97,0.06,9.12,0.07,0.00,0.00
282,0.01,0.00,2.86,1.92,0.89,0.23,0.94,0.00,0.00,0.00,86.54,6.20,0.00,0.10,0.12,0.19,0.00
283,1.80,0.00,5.39,6.09,3.66,0.96,6.01,0.84,0.04,0.09,9.51,6.29,5.33,38.36,5.67,9.87,0.08
284,0.29,0.00,2.06,2.78,1.11,0.27,0.27,0.11,0.00,0.00,65.66,23.30,0.50,2.14,1.15,0.33,0.04
285,3.15,0.00,4.22,0.33,0.04,0.02,1.12,1.39,1.86,0.03,21.15,42.97,0.96,22.63,0.07,0.06,0.00
286,0.62,0.00,8.83,1.43,0.55,0.24,0.11,14.61,1.28,0.96,29.07,8.20,18.60,13.23,2.24,0.04,0.00
287,0.77,0.00,6.65,1.00,0.21,0.06,0.05,13.42,12.59,11.35,18.25,2.70,24.38,3.87,4.54,0.16,0.00
288,0.16,0.00,1.30,0.19,0.05,0.01,0.65,0.00,0.00,0.00,59.29,33.54,0.00,4.56,0.01,0.23,0.00
289,0.21,0.00,1.97,0.33,0.10,0.02,0.00,9.94,24.19,0.01,47.17,15.45,0.38,0.20,0.02,0.00,0.00
290,0.34,0.00,4.69,0.54,0.11,0.04,0.04,15.87,2.40,0.85,24.06,3.12,41.06,3.17,3.53,0.18,0.00
291,0.70,0.00,3.17,0.36,0.05,0.01,0.00,4.71,42.13,0.01,36.16,12.14,0.25,0.20,0.09,0.00,0.00
292,3.22,0.00,7.33,2.61,1.20,0.65,0.15,7.87,10.42,0.00,4.64,33.24,7.47,18.30,2.89,0.00,0.00
293,2.76,0.00,4.54,2.71,1.04,0.27,3.22,7.66,1.26,0.08,10.92,11.15,4.67,1.62,11.19,36.91,0.00
294,2.12,0.00,5.01,0.57,0.12,0.02,0.73,1.27,0.06,0.00,20.76,56.22,0.78,12.28,0.00,0.05,0.00
295,0.14,0.00,2.12,0.20,0.01,0.00,0.30,0.63,5.97,0.00,27.54,47.71,0.00,15.20,0.02,0.15,0.00
296,0.02,0.00,4.00,1.30,0.32,0.06,0.12,4.48,0.26,0.07,37.81,3.24,31.63,13.69,2.92,0.05,0.00
297,0.07,0.00,5.66,0.28,0.05,0.02,0.07,0.00,0.00,0.00,6.52,43.81,0.00,43.32,0.00,0.19,0.00
298,0.04,0.00,4.22,1.39,0.22,0.02,0.07,1.16,0.19,0.46,51.58,6.27,11.88,18.72,3.75,0.04,0.00
299,0.60,0.00,2.13,0.28,0.04,0.01,0.18,12.46,1.00,0.25,31.75,5.89,38.45,2.79,3.58,0.62,0.00
300,0.49,0.00,0.21,0.01,0.00,0.00,0.14,0.00,0.00,0.00,98.17,0.92,0.00,0.00,0.04,0.03,0.00
301,1.95,0.00,3.81,0.39,0.06,0.02,0.06,12.07,15.21,0.00,0.03,58.65,2.88,2.06,2.79,0.00,0.00
302,0.02,0.00,7.51,0.65,0.11,0.04,0.10,0.00,0.00,0.00,10.08,21.33,0.00,60.02,0.00,0.13,0.00
303,0.42,0.00,3.19,0.07,0.02,0.01,0.00,4.23,19.51,0.02,48.45,19.25,1.93,2.88,0.03,0.00,0.00
304,0.16,0.00,3.93,0.61,0.21,0.07,0.01,6.91,27.76,0.02,55.42,4.44,0.21,0.24,0.01,0.00,0.00
305,0.43,0.00,3.85,0.17,0.05,0.01,0.00,4.67,9.64,0.01,51.42,26.12,2.06,1.46,0.12,0.00,0.00
306,3.00,0.00,4.79,1.12,0.29,0.12,0.14,18.61,1.15,0.00,0.05,48.32,12.08,10.20,0.05,0.07,0.00
307,0.72,0.00,4.44,0.49,0.09,0.03,0.89,0.32,0.01,0.12,27.14,33.36,0.02,32.21,0.15,0.00,0.00
308,0.00,0.00,2.00,0.50,0.08,0.01,0.01,0.47,0.05,0.00,96.56,0.05,0.00,0.23,0.04,0.00,0.00
309,0.34,0.00,10.13,0.58,0.14,0.05,0.01,13.36,2.65,5.09,28.23,6.98,23.54,5.45,3.40,0.04,0.00
310,0.00,0.00,3.27,0.37,0.05,0.00,0.19,0.02,0.16,0.00,29.01,63.71,3.06,0.08,0.07,0.01,0.00
311,0.00,0.00,0.34,0.05,0.01,0.00,1.04,0.01,0.87,0.00,92.40,5.00,0.00,0.22,0.02,0.03,0.00
312,8.14,0.00,6.41,6.00,4.31,1.36,0.15,9.29,0.15,0.00,0.03,37.17,15.96,9.94,0.68,0.41,0.00
313,1.00,0.00,3.86,0.27,0.05,0.01,0.01,0.47,0.52,0.00,79.94,4.60,0.30,8.97,0.00,0.00,0.00
314,0.22,0.00,3.87,2.25,0.47,0.22,0.03,0.11,0.26,0.00,4.89,59.90,0.00,27.21,0.00,0.57,0.00
315,0.09,0.00,1.73,0.28,0.08,0.01,0.01,8.63,9.66,0.00,76.43,2.59,0.16,0.31,0.01,0.00,0.00
316,0.57,0.00,3.75,0.18,0.02,0.00,0.08,0.44,3.87,0.49,53.07,1.86,0.01,35.57,0.10,0.00,0.00
317,3.53,0.00,9.57,1.76,0.43,0.19,0.04,9.36,11.58,0.00,0.48,56.60,3.26,1.55,1.66,0.00,0.00
318,0.20,0.00,4.98,1.47,0.19,0.03,0.56,8.72,0.07,0.53,31.60,2.98,38.29,8.62,1.65,0.10,0.00
319,0.08,0.00,4.37,0.89,0.33,0.09,0.01,3.80,3.04,0.00,71.76,7.20,0.16,8.28,0.01,0.00,0.00
320,0.02,0.00,2.30,0.14,0.01,0.00,0.29,0.03,1.72,0.37,76.26,5.90,0.00,12.84,0.11,0.00,0.00
321,2.14,0.00,1.90,2.45,0.52,0.03,0.45,1.22,0.05,0.08,53.03,3.96,24.54,7.43,1.30,0.91,0.00
322,0.04,0.00,1.86,0.06,0.00,0.00,0.98,0.53,1.03,0.04,55.24,32.18,0.00,7.97,0.05,0.00,0.00
323,0.03,0.00,4.11,0.39,0.04,0.01,0.02,0.00,0.00,0.00,6.27,45.60,0.00,43.53,0.00,0.01,0.00
324,0.09,0.00,3.32,0.55,0.06,0.01,0.08,0.00,0.01,0.00,11.04,35.81,0.00,48.70,0.03,0.29,0.00
325,2.50,0.00,8.61,2.81,0.80,0.39,0.46,10.28,37.51,0.08,20.22,13.87,0.95,1.08,0.44,0.00,0.00
326,1.89,0.00,4.74,1.64,0.45,0.12,0.61,0.54,29.96,2.80,8.77,3.34,6.71,10.35,25.97,2.10,0.00
327,1.78,0.00,8.64,3.69,1.48,0.51,0.59,0.53,28.19,6.09,11.39,2.38,7.69,2.42,21.68,2.94,0.00
328,0.63,0.00,2.94,0.94,0.20,0.06,0.57,3.67,39.97,8.05,12.45,2.02,4.96,11.23,11.52,0.79,0.00
329,1.60,0.00,4.04,1.53,0.34,0.14,2.19,0.04,8.24,0.31,2.36,0.56,0.03,0.02,63.94,14.66,0.00
330,1.70,0.00,5.49,0.68,0.17,0.05,0.07,1.67,27.40,1.11,15.71,2.38,10.03,16.70,16.45,0.39,0.00
331,0.92,0.00,12.01,6.65,2.20,0.99,1.61,0.36,27.50,1.85,9.01,3.99,4.18,8.72,18.99,1.02,0.00
332,1.90,0.00,1.84,0.90,0.13,0.02,0.71,0.00,17.86,0.01,4.37,1.90,0.44,0.07,64.39,5.46,0.00
333,0.89,0.00,4.08,0.82,0.12,0.02,0.34,2.00,32.41,4.74,4.05,1.56,0.51,1.35,38.80,8.32,0.00
334,1.07,0.00,4.30,0.37,0.05,0.01,0.11,0.03,38.46,0.36,14.50,4.86,3.33,4.09,27.95,0.50,0.00
335,1.30,0.00,10.30,2.80,0.96,0.34,0.12,3.37,34.74,6.63,7.37,3.78,2.52,1.59,19.60,4.56,0.00
336,2.07,0.00,4.66,1.14,0.20,0.09,0.28,1.77,39.95,4.93,7.53,3.47,4.51,5.83,22.09,1.47,0.00
337,1.01,0.00,5.29,1.37,0.29,0.05,0.65,0.65,43.95,2.01,12.93,3.86,5.09,4.46,17.13,1.25,0.00
338,0.95,0.00,4.08,0.39,0.07,0.02,0.07,3.25,35.85,2.31,15.27,0.76,5.34,12.45,18.87,0.32,0.00
339,1.03,0.00,8.08,4.49,1.68,0.49,1.48,0.01,24.97,0.29,13.07,4.69,1.13,0.20,34.50,3.88,0.00
340,0.82,0.00,7.53,3.42,1.26,0.53,1.50,0.57,44.22,2.60,12.36,6.41,2.71,3.81,11.92,0.33,0.00
341,0.73,0.00,2.35,0.22,0.03,0.01,0.09,0.10,36.28,0.19,4.92,0.98,0.54,0.35,49.89,3.32,0.00
342,0.81,0.00,8.41,2.29,0.50,0.16,0.73,0.28,42.14,1.09,7.04,5.85,1.86,9.67,17.29,1.87,0.00
343,1.81,0.00,5.19,1.10,0.11,0.03,0.79,0.18,34.70,1.45,19.33,5.93,6.19,2.26,19.73,1.20,0.00
344,4.74,0.00,3.80,1.24,0.19,0.07,0.09,7.03,15.89,1.05,0.61,5.70,6.84,43.08,8.42,1.25,0.00
345,13.32,0.00,4.00,20.98,9.99,5.31,0.21,0.16,0.03,0.68,0.15,0.18,0.39,0.52,8.81,35.27,0.00
346,2.63,0.00,4.41,3.44,0.50,0.22,0.27,2.40,26.03,6.79,13.77,3.34,5.90,12.71,17.14,0.45,0.00
347,7.95,0.00,5.08,2.79,0.49,0.09,0.26,0.21,17.49,0.73,14.75,4.43,5.71,1.18,37.21,1.63,0.00
348,0.61,0.00,2.59,5.86,0.37,0.10,0.03,1.03,0.78,1.13,0.70,0.46,10.09,60.66,15.35,0.24,0.00
349,4.01,0.00,4.04,7.43,1.37,0.86,0.06,0.31,12.36,1.91,5.65,3.46,18.60,14.24,18.06,7.63,0.00
350,1.13,0.00,5.31,1.12,0.23,0.06,0.77,0.31,28.01,3.13,15.31,3.90,12.81,4.02,23.55,0.34,0.00
351,21.08,0.00,0.57,1.83,0.72,0.36,0.20,0.04,0.03,0.16,0.40,0.16,0.15,0.19,4.56,69.56,0.00
352,5.53,0.00,3.91,4.84,0.87,0.68,0.46,0.94,0.02,0.41,0.54,2.04,6.56,26.50,45.51,1.19,0.00
353,23.52,0.00,0.75,2.12,0.38,0.20,0.65,0.04,0.00,0.04,0.25,0.20,1.05,3.35,12.81,54.63,0.00
354,0.90,0.00,2.73,0.44,0.10,0.02,0.62,5.60,20.79,8.73,13.15,3.46,15.39,7.98,19.90,0.17,0.00
355,2.51,0.00,1.80,2.23,0.16,0.03,0.04,2.40,1.68,0.85,2.62,1.32,11.22,37.56,32.28,3.29,0.00
356,10.05,0.00,2.63,4.28,0.41,0.26,0.32,0.57,0.02,0.09,0.25,0.29,3.92,21.98,26.89,28.05,0.00
357,4.47,0.00,2.46,6.07,0.61,0.45,0.16,0.07,0.02,0.05,0.13,0.08,1.15,26.84,55.79,1.66,0.00
358,11.35,0.00,1.97,3.36,0.37,0.25,0.92,0.37,0.02,0.13,0.16,0.22,1.07,15.86,37.06,26.91,0.00
359,0.65,0.00,0.67,2.85,0.13,0.06,0.24,0.42,32.57,2.67,22.02,7.98,8.68,2.35,18.41,0.32,0.00
360,0.68,0.00,9.44,16.86,2.21,1.27,0.02,0.53,0.08,0.46,1.11,0.70,23.69,35.48,7.35,0.14,0.00
361,23.15,0.00,0.43,0.97,0.20,0.04,0.39,0.02,0.04,0.08,0.20,1.00,2.43,5.61,1.27,64.17,0.00
362,0.99,0.00,4.18,2.56,0.33,0.11,0.34,0.86,40.43,7.75,18.64,7.64,3.33,0.07,12.69,0.09,0.00
363,4.74,0.00,2.54,0.56,0.20,0.12,1.36,25.46,5.13,11.87,8.08,2.39,6.63,8.74,21.03,1.15,0.00
364,8.02,0.00,1.74,3.48,0.22,0.23,0.02,0.19,0.02,0.13,0.15,0.23,0.90,27.01,55.98,1.67,0.00
365,3.71,0.00,7.64,8.48,1.56,0.97,0.11,1.26,0.69,1.38,1.72,1.06,10.87,18.97,39.20,2.38,0.00
366,1.62,0.00,5.60,2.55,0.60,0.15,0.33,0.33,19.70,1.84,15.33,2.80,13.63,5.28,25.49,4.76,0.00
367,11.74,0.00,1.03,2.13,0.10,0.04,0.31,0.21,0.04,0.17,0.25,0.19,8.03,35.44,4.56,35.79,0.00
368,15.72,0.00,0.81,2.58,0.29,0.19,0.15,0.06,0.01,0.04,0.28,0.12,4.61,9.64,22.41,43.10,0.00
369,0.97,0.00,1.28,5.42,0.88,0.10,0.05,0.49,3.16,1.17,2.20,2.23,11.97,59.49,9.76,0.83,0.00
370,1.54,0.00,2.87,3.66,0.21,0.11,0.01,1.24,0.12,0.64,1.17,0.53,15.94,39.50,31.68,0.79,0.00
371,4.47,0.00,2.26,2.42,0.22,0.28,0.12,0.38,0.01,0.21,0.30,0.32,4.18,16.07,66.45,2.31,0.00
372,23.13,0.00,1.86,14.47,5.53,3.63,0.20,0.10,0.01,0.06,0.06,0.22,0.33,1.08,11.43,37.89,0.00
373,38.42,0.00,0.71,1.58,0.27,0.18,2.35,0.15,0.03,0.20,0.11,0.15,0.66,1.62,4.57,48.99,0.00
374,2.98,0.00,8.05,3.45,1.12,0.25,0.30,0.09,25.24,0.72,13.44,2.16,5.74,0.71,26.93,8.83,0.00
375,7.91,0.00,2.05,2.21,0.12,0.06,0.18,0.15,0.01,0.09,0.21,0.25,4.87,16.29,61.24,4.36,0.00
376,0.66,0.00,1.59,4.43,0.43,0.06,0.04,1.87,13.19,4.51,5.26,4.65,11.35,31.15,20.24,0.58,0.00
377,0.74,0.00,4.02,0.75,0.06,0.02,1.18,1.08,34.10,2.58,20.83,4.26,9.07,2.66,18.43,0.22,0.00
378,5.55,0.00,2.94,2.39,0.12,0.06,0.29,1.78,0.05,0.80,1.47,1.27,11.96,34.71,35.81,0.78,0.00
379,23.22,0.00,1.81,5.37,0.82,0.49,0.27,0.10,0.01,0.07,0.07,0.26,0.65,9.06,42.17,15.63,0.00
380,21.56,0.00,1.66,5.44,0.93,0.92,0.04,0.16,0.01,0.13,0.15,0.14,3.16,3.34,26.64,35.71,0.00
381,3.68,0.00,13.05,12.58,6.43,1.87,0.69,2.73,3.61,1.91,6.06,2.50,14.13,5.48,24.53,0.76,0.00
382,0.48,0.00,0.59,4.40,0.26,0.05,0.07,0.45,30.26,5.15,11.75,9.59,6.55,9.42,20.58,0.40,0.00
383,0.24,0.00,2.92,0.48,0.04,0.01,0.12,5.25,34.16,11.31,17.68,2.30,11.45,2.24,11.53,0.24,0.00
384,0.94,0.00,4.01,0.45,0.09,0.02,0.22,0.22,38.84,3.69,14.42,2.48,5.39,1.53,27.09,0.61,0.00
385,0.60,0.00,6.08,2.28,0.55,0.19,0.10,3.55,25.53,11.56,17.56,0.82,15.69,4.45,10.85,0.20,0.00
386,1.27,0.00,6.18,3.32,1.18,0.44,0.49,2.08,33.96,10.10,13.49,1.67,8.20,2.37,14.98,0.27,0.00
387,1.62,0.00,7.44,2.61,0.43,0.10,0.32,0.17,22.18,0.67,12.92,3.85,6.71,1.27,30.76,8.96,0.00
388,1.77,0.00,4.22,0.57,0.11,0.02,0.13,0.34,25.07,5.25,12.54,3.10,8.34,3.62,33.76,1.18,0.00
389,2.77,0.00,6.97,3.28,0.85,0.32,0.86,0.26,19.80,1.17,8.68,1.87,3.51,0.83,39.70,9.12,0.00
390,2.40,0.00,2.51,0.37,0.04,0.01,0.52,24.23,15.80,14.52,13.37,2.77,6.69,1.49,13.68,1.60,0.00
391,1.28,0.00,4.43,1.06,0.23,0.06,0.34,3.21,29.76,11.50,15.20,1.02,13.51,2.26,15.82,0.32,0.00
392,1.29,0.00,3.51,0.86,0.17,0.05,0.24,0.24,27.64,2.78,14.86,3.20,12.79,2.44,29.07,0.85,0.00
393,1.19,0.00,5.34,1.71,0.39,0.16,0.24,2.14,31.59,9.75,17.62,2.58,11.55,2.07,13.23,0.45,0.00
394,0.38,0.00,4.38,0.91,0.14,0.03,0.13,2.65,24.94,10.73,16.49,0.68,25.06,3.18,10.06,0.24,0.00
395,1.38,0.00,8.37,5.78,1.91,0.66,0.95,0.25,27.82,1.09,11.64,2.67,5.93,0.19,28.72,2.64,0.00
396,0.67,0.00,2.91,1.70,0.11,0.02,0.24,1.50,36.02,7.88,11.50,10.21,2.41,0.10,23.89,0.84,0.00
397,3.40,0.00,5.51,3.14,1.35,0.63,0.73,4.38,2.20,1.91,3.75,2.99,25.18,11.05,16.94,16.85,0.00
398,1.68,0.00,3.82,2.24,0.42,0.15,0.15,1.32,32.44,7.09,7.93,9.24,23.74,0.56,8.69,0.54,0.00
399,0.91,0.00,4.71,1.09,0.10,0.03,0.06,1.81,35.10,12.79,11.15,9.52,3.86,0.00,18.27,0.61,0.00
400,2.26,0.00,14.00,15.71,16.38,8.56,0.65,2.97,6.20,2.89,1.98,3.18,13.91,2.90,7.02,1.41,0.00
401,3.29,0.00,10.05,7.46,1.97,0.61,0.39,1.18,19.72,18.57,8.94,7.20,8.48,0.12,11.42,0.59,0.00
402,6.60,0.00,8.25,7.65,1.64,0.82,0.20,0.41,5.92,8.36,3.22,3.21,10.51,1.19,32.30,9.73,0.00
403,1.24,0.00,3.41,2.63,0.20,0.10,0.24,4.48,8.70,6.00,7.21,4.24,52.44,1.89,6.81,0.41,0.00
404,2.63,0.00,3.60,1.68,0.11,0.03,0.04,1.51,42.88,7.27,7.77,7.63,14.23,0.24,9.64,0.75,0.00
405,2.84,0.00,4.25,1.74,0.31,0.11,0.19,1.20,34.11,7.95,9.65,7.84,5.74,0.06,22.95,1.06,0.00
406,3.18,0.00,3.48,1.05,0.25,0.08,1.07,3.95,2.43,2.13,5.34,4.97,27.98,24.04,5.82,14.23,0.00
407,1.16,0.00,4.43,1.98,0.28,0.12,0.35,2.42,8.66,8.49,3.20,4.60,22.55,6.96,32.55,2.23,0.00
408,12.75,0.00,3.51,0.59,0.08,0.03,0.09,3.64,41.25,8.42,6.94,4.33,3.63,0.02,12.57,2.15,0.00
409,0.78,0.00,2.74,1.73,0.11,0.04,0.06,4.42,24.62,6.88,8.34,4.48,32.89,4.95,7.81,0.16,0.00
410,0.96,0.00,5.33,1.31,0.33,0.13,0.36,7.36,4.53,1.99,5.83,4.08,51.79,8.97,6.52,0.53,0.00
411,0.47,0.00,5.38,1.85,0.32,0.10,0.08,2.25,21.99,13.64,8.50,8.36,3.78,0.05,32.18,1.03,0.00
412,6.53,0.00,12.91,10.09,6.10,2.59,2.50,3.29,1.37,0.30,3.32,5.57,11.83,3.67,5.88,24.06,0.00
413,0.57,0.00,2.20,2.79,0.29,0.06,0.09,4.46,1.21,5.72,3.65,3.07,62.51,1.85,10.97,0.57,0.00
414,5.64,0.00,3.66,3.56,0.73,0.32,0.41,0.82,0.53,1.14,0.55,1.29,33.45,14.13,11.05,22.70,0.00
415,6.00,0.00,4.42,2.66,0.57,0.29,0.24,2.65,32.31,9.88,7.68,6.46,11.33,0.06,14.02,1.42,0.00
416,3.88,0.00,3.69,8.11,2.66,1.50,0.27,0.14,0.61,0.63,0.55,0.79,26.49,13.34,10.89,26.45,0.00
417,1.44,0.00,6.68,4.36,4.30,0.88,0.43,3.51,0.53,0.67,3.92,2.01,34.88,25.11,9.63,1.64,0.00
418,4.76,0.00,4.84,1.68,0.22,0.07,0.10,2.64,34.83,10.56,10.27,9.40,6.25,0.01,14.09,0.28,0.00
419,8.94,0.00,5.10,1.32,0.11,0.03,0.10,3.51,30.12,16.67,5.53,6.62,8.79,0.20,12.51,0.44,0.00
420,2.26,0.00,16.91,6.52,0.88,0.23,0.14,0.18,25.32,0.15,5.46,1.41,6.89,0.13,20.79,12.72,0.00
421,3.31,0.00,11.33,8.20,3.07,0.72,0.11,0.03,3.45,0.22,2.77,1.16,8.08,6.28,33.72,17.57,0.00
422,1.40,0.00,7.39,11.54,6.85,2.06,0.06,0.00,0.10,0.00,0.14,0.17,2.10,0.57,10.63,56.96,0.00
423,1.48,0.00,4.17,0.85,0.17,0.06,2.04,1.04,32.62,2.99,12.33,7.68,4.77,5.69,21.95,2.16,0.00
424,11.47,0.00,3.20,0.89,0.18,0.05,0.08,0.00,1.46,0.14,8.42,1.11,39.92,4.68,20.92,7.47,0.00
425,3.79,0.00,1.20,1.15,0.94,0.25,0.02,0.00,0.13,0.00,0.04,0.06,0.00,0.00,58.85,33.57,0.00
426,8.21,0.00,14.47,12.58,4.61,2.34,0.69,0.11,21.38,1.06,6.46,2.13,1.31,0.25,16.68,7.72,0.00
427,1.69,0.00,7.42,5.69,3.09,0.81,0.56,0.16,2.06,0.04,6.92,2.04,20.91,18.26,26.66,3.70,0.00
428,2.21,0.00,21.36,15.79,4.04,1.01,0.39,0.02,1.48,0.05,2.25,1.65,5.06,5.53,33.56,5.59,0.00
429,0.55,0.00,4.70,0.92,0.13,0.02,0.28,0.10,22.90,0.51,14.07,6.71,2.00,1.52,31.09,14.51,0.00
430,10.68,0.00,7.50,3.11,1.09,0.25,0.35,0.05,13.72,0.25,7.65,2.27,17.28,6.07,23.64,6.09,0.00
431,3.52,0.00,15.41,33.87,21.59,6.47,0.62,0.01,3.00,0.10,1.53,0.31,0.32,0.00,11.22,2.04,0.00
432,0.27,0.00,3.99,0.68,0.04,0.01,0.17,0.11,25.36,2.24,11.83,3.89,5.53,3.34,34.06,8.49,0.00
433,0.18,0.00,5.51,1.43,0.31,0.11,0.06,0.47,32.38,2.86,15.96,5.51,9.24,3.00,22.11,0.88,0.00
434,3.02,0.00,5.03,7.75,4.04,2.06,0.11,0.06,0.47,0.04,0.64,0.34,0.17,5.44,13.06,57.76,0.00
