uniqid_eco4,NLCD11_11_eco4,NLCD11_12_eco4,NLCD11_21_eco4,NLCD11_22_eco4,NLCD11_23_eco4,NLCD11_24_eco4,NLCD11_31_eco4,NLCD11_41_eco4,NLCD11_42_eco4,NLCD11_43_eco4,NLCD11_52_eco4,NLCD11_71_eco4,NLCD11_81_eco4,NLCD11_82_eco4,NLCD11_90_eco4,NLCD11_95_eco4,NLCD11_9999_eco4
1,3.74,0.00,2.32,0.99,0.48,0.11,0.10,0.06,6.20,0.01,64.66,5.12,2.21,11.58,0.18,2.23,0.00
2,0.02,0.00,2.84,0.27,0.08,0.01,0.00,0.01,0.18,0.01,17.82,1.04,0.14,77.38,0.04,0.17,0.00
3,0.06,0.00,2.28,0.22,0.08,0.01,0.04,0.02,0.28,0.02,55.65,2.70,1.40,36.90,0.07,0.26,0.00
4,1.12,0.00,2.35,0.34,0.04,0.01,0.02,0.03,0.36,0.00,56.47,2.79,1.55,34.40,0.03,0.50,0.00
5,4.50,0.00,3.98,2.69,1.32,0.18,0.01,0.07,0.06,0.01,35.96,2.78,3.85,42.74,0.80,1.04,0.00
6,1.32,0.00,2.89,0.93,0.31,0.04,0.00,0.19,2.45,0.06,15.33,29.26,0.83,46.16,0.09,0.14,0.00
7,0.07,0.00,1.56,0.57,0.17,0.03,0.03,0.11,1.87,0.02,65.73,6.40,2.16,20.99,0.17,0.12,0.00
8,0.00,0.00,3.67,0.72,0.28,0.04,0.00,0.11,3.62,0.01,2.43,1.24,0.06,87.56,0.05,0.21,0.00
9,0.01,0.00,3.74,0.49,0.09,0.02,0.01,0.03,5.35,0.10,5.81,5.85,0.30,77.58,0.04,0.60,0.00
10,0.02,0.00,3.05,0.28,0.05,0.01,0.03,0.02,10.76,0.00,2.90,14.67,0.11,68.06,0.02,0.03,0.00
11,1.25,0.00,0.44,0.04,0.01,0.00,1.38,0.02,1.18,0.01,93.13,1.12,0.23,0.91,0.07,0.21,0.00
12,4.32,0.00,1.62,0.83,0.52,0.11,0.05,0.12,4.33,0.04,24.99,54.28,0.24,8.29,0.13,0.13,0.00
13,3.13,0.00,2.65,1.57,0.44,0.08,0.13,0.10,6.00,0.01,65.24,11.65,6.22,1.61,0.47,0.68,0.02
14,0.00,0.00,0.63,0.08,0.02,0.00,0.00,0.01,7.88,0.00,74.34,10.47,1.14,4.86,0.31,0.26,0.00
15,0.25,0.00,0.77,0.12,0.01,0.00,0.06,0.00,7.26,0.00,88.21,1.02,0.85,0.34,0.14,0.97,0.00
16,0.02,0.00,0.24,0.00,0.00,0.00,0.00,0.00,67.03,0.00,31.37,0.72,0.14,0.06,0.07,0.33,0.00
17,0.02,0.00,0.72,0.13,0.02,0.00,0.00,0.00,60.83,0.00,30.29,6.03,0.04,1.56,0.09,0.25,0.00
18,0.19,0.00,0.40,0.04,0.00,0.00,0.00,0.00,72.57,0.00,24.48,1.82,0.03,0.01,0.02,0.42,0.00
19,0.36,0.00,0.28,0.05,0.00,0.00,0.04,0.00,77.75,0.04,13.70,7.46,0.00,0.27,0.00,0.04,0.00
20,0.09,0.00,0.53,0.09,0.00,0.00,0.00,0.00,70.44,0.02,15.35,12.97,0.11,0.34,0.03,0.03,0.00
21,0.74,0.00,0.24,0.11,0.03,0.00,0.02,0.01,30.10,0.00,24.69,42.50,0.15,1.24,0.13,0.04,0.00
22,0.01,0.00,0.21,0.00,0.00,0.00,0.00,0.00,71.95,0.00,26.49,0.79,0.00,0.00,0.03,0.51,0.00
23,0.57,0.00,0.60,0.09,0.02,0.00,0.02,0.00,6.97,0.00,83.64,4.99,1.02,1.59,0.14,0.34,0.00
24,0.22,0.00,2.81,1.21,0.29,0.03,0.05,0.00,5.30,0.00,22.34,27.10,0.40,39.90,0.11,0.24,0.00
25,0.04,0.00,0.39,0.09,0.00,0.00,0.13,0.01,83.83,0.00,11.31,3.90,0.03,0.11,0.00,0.15,0.00
26,0.33,0.03,0.05,0.01,0.00,0.00,12.18,0.00,56.32,0.00,17.84,13.16,0.00,0.00,0.00,0.07,0.00
27,0.55,0.00,4.07,2.70,0.48,0.08,0.16,0.00,2.06,0.00,74.02,1.60,0.08,13.81,0.36,0.02,0.00
28,0.78,0.00,1.61,0.07,0.01,0.00,0.00,0.00,11.56,0.00,69.24,1.55,0.73,0.07,2.20,12.18,0.00
29,2.59,0.00,8.75,4.69,1.43,0.22,0.01,0.00,0.01,0.00,5.30,12.43,10.27,53.64,0.23,0.41,0.00
30,0.00,0.00,0.33,0.10,0.03,0.00,69.16,0.00,0.07,0.00,26.87,1.12,0.06,2.22,0.02,0.01,0.00
31,0.93,0.00,2.44,1.23,0.25,0.04,0.32,0.00,0.64,0.00,28.13,46.80,5.70,6.50,3.53,3.48,0.00
32,0.43,0.00,3.30,0.32,0.04,0.01,0.00,1.15,3.13,0.09,17.20,9.07,1.51,60.44,2.15,1.16,0.00
33,6.81,0.00,6.12,2.95,1.36,0.23,0.09,0.00,0.01,0.00,3.92,1.39,5.54,64.41,6.79,0.39,0.00
34,0.59,0.00,0.44,0.15,0.03,0.00,0.02,0.16,3.85,0.00,74.74,14.98,1.56,2.97,0.21,0.29,0.00
35,0.42,0.00,1.64,0.20,0.05,0.01,0.83,0.02,0.58,0.00,64.06,15.16,2.08,14.47,0.09,0.39,0.00
36,0.41,0.00,1.78,0.47,0.28,0.07,0.01,0.00,0.02,0.00,39.24,47.32,2.75,7.56,0.04,0.03,0.00
37,1.00,0.00,5.91,2.03,0.72,0.16,0.02,0.00,0.01,0.00,4.96,5.91,15.98,63.16,0.11,0.02,0.00
38,0.61,0.00,1.27,0.23,0.04,0.00,0.03,0.00,0.10,0.00,42.02,46.64,2.45,6.47,0.07,0.07,0.00
39,22.11,0.00,0.10,0.12,0.07,0.04,62.90,0.00,0.00,0.00,13.18,0.12,0.34,0.01,0.02,0.97,0.00
40,0.95,0.00,1.74,2.90,2.09,0.83,0.18,0.03,1.64,0.00,76.55,6.89,3.48,1.19,0.45,1.09,0.00
41,0.03,0.00,2.75,0.55,0.08,0.03,0.00,0.02,1.90,0.00,30.55,48.37,7.31,1.31,0.00,7.10,0.00
42,0.27,0.00,2.48,0.73,0.07,0.00,2.55,0.04,0.42,0.01,81.81,1.48,3.16,2.57,0.48,3.94,0.00
43,22.79,0.00,0.38,0.37,0.03,0.00,1.15,0.01,0.28,0.00,72.07,2.22,0.23,0.00,0.35,0.12,0.00
44,0.07,0.00,0.79,0.06,0.01,0.00,0.30,0.00,0.49,0.00,93.06,4.18,0.59,0.10,0.14,0.21,0.00
45,0.18,0.00,0.47,0.29,0.11,0.06,4.62,0.00,0.04,0.00,80.11,10.66,2.31,0.69,0.09,0.37,0.00
46,0.86,0.00,0.99,0.63,0.29,0.05,0.52,0.06,3.23,0.00,73.79,12.37,5.25,1.67,0.12,0.17,0.00
47,0.01,0.00,0.25,0.12,0.05,0.00,0.17,0.99,53.02,0.04,42.83,2.23,0.16,0.00,0.12,0.01,0.00
48,0.00,0.07,0.01,0.00,0.00,0.00,3.60,2.55,61.61,1.37,22.30,8.48,0.00,0.00,0.02,0.00,0.00
49,9.87,0.00,10.71,20.78,17.09,6.74,0.14,0.26,0.32,0.00,4.56,1.20,15.70,9.09,1.52,2.02,0.00
50,15.34,0.00,0.30,0.26,0.05,0.02,28.94,0.00,0.04,0.00,21.55,0.38,4.06,1.16,0.44,27.45,0.00
51,7.17,0.00,0.25,0.18,0.01,0.00,51.63,0.00,0.00,0.00,39.18,0.41,0.47,0.14,0.15,0.40,0.00
52,0.70,0.00,5.44,2.57,0.89,0.35,0.25,0.55,0.42,0.00,11.77,6.58,22.82,44.00,1.01,2.65,0.00
53,0.89,0.00,0.68,0.52,0.11,0.02,5.93,0.00,0.00,0.00,85.76,2.02,1.42,1.69,0.55,0.40,0.00
54,0.09,0.00,0.11,0.01,0.00,0.00,0.53,0.01,1.24,0.00,85.99,11.59,0.23,0.07,0.13,0.01,0.00
55,0.00,0.00,0.02,0.00,0.00,0.00,0.23,0.33,23.47,0.01,69.46,6.28,0.01,0.00,0.19,0.00,0.00
56,0.19,0.00,0.93,0.18,0.03,0.00,0.47,0.05,0.31,0.00,83.27,10.10,2.45,0.15,1.78,0.07,0.00
57,0.01,0.00,0.39,0.07,0.00,0.00,0.04,23.51,6.05,0.09,57.39,5.96,3.93,0.00,1.20,1.37,0.00
58,0.30,0.00,0.04,0.00,0.00,0.00,1.86,12.80,13.96,1.11,42.51,26.99,0.00,0.00,0.40,0.01,0.00
59,0.01,0.00,0.43,0.13,0.03,0.00,0.12,0.01,4.12,0.00,89.96,3.22,1.53,0.08,0.10,0.26,0.00
60,0.01,0.00,0.11,0.03,0.01,0.00,0.19,0.21,61.68,0.01,34.04,3.67,0.01,0.00,0.03,0.00,0.00
61,0.01,0.00,0.22,0.02,0.00,0.00,0.13,0.00,3.05,0.00,91.16,4.71,0.38,0.02,0.26,0.02,0.00
62,0.00,0.00,0.06,0.00,0.00,0.00,0.01,0.07,63.06,0.01,33.17,3.48,0.01,0.00,0.12,0.00,0.00
63,0.00,0.00,0.03,0.00,0.00,0.00,0.07,2.66,38.87,0.53,54.90,2.81,0.00,0.00,0.13,0.00,0.00
64,0.02,0.00,0.36,0.15,0.01,0.00,1.11,0.00,0.01,0.00,96.90,0.80,0.39,0.22,0.01,0.02,0.00
65,0.00,0.00,0.12,0.01,0.00,0.00,0.13,0.00,2.56,0.00,95.26,1.90,0.00,0.00,0.01,0.00,0.00
66,0.00,0.00,0.09,0.01,0.00,0.00,0.01,0.00,55.01,0.00,35.63,9.23,0.00,0.00,0.01,0.00,0.00
67,0.02,0.00,0.22,0.08,0.01,0.00,0.21,0.11,35.64,0.01,60.49,3.05,0.02,0.00,0.07,0.08,0.00
68,0.02,0.00,0.05,0.00,0.00,0.00,1.78,0.54,27.02,0.30,55.80,14.43,0.00,0.00,0.04,0.02,0.00
69,0.04,0.00,1.04,0.33,0.06,0.00,1.83,0.00,0.00,0.00,76.12,11.74,4.22,1.42,3.18,0.03,0.00
70,0.03,0.00,1.32,1.16,1.18,0.46,6.89,0.00,0.04,0.01,85.55,3.17,0.04,0.09,0.05,0.02,0.00
71,0.03,0.00,0.17,0.09,0.01,0.00,1.43,0.00,0.79,0.01,94.97,2.46,0.02,0.00,0.02,0.00,0.00
72,0.00,0.00,0.06,0.07,0.01,0.00,0.13,0.06,47.69,0.27,49.17,2.53,0.00,0.00,0.00,0.00,0.00
73,0.00,0.00,0.00,0.00,0.00,0.00,0.24,0.66,78.52,3.11,15.92,1.55,0.00,0.00,0.00,0.00,0.00
74,8.19,0.00,0.82,1.13,0.50,0.10,4.24,0.00,0.01,0.01,80.76,0.19,0.58,0.94,1.74,0.79,0.00
75,2.15,0.00,0.40,0.37,0.05,0.01,70.52,0.02,0.00,0.00,25.93,0.13,0.04,0.09,0.14,0.15,0.00
76,0.02,0.00,0.79,1.18,0.16,0.02,5.51,0.00,0.01,0.00,91.49,0.19,0.21,0.25,0.17,0.01,0.00
77,0.00,0.00,0.30,0.24,0.02,0.00,22.70,0.00,0.00,0.00,76.66,0.01,0.02,0.03,0.00,0.01,0.00
78,0.00,0.00,0.23,0.35,0.08,0.01,41.97,0.00,0.00,0.00,57.20,0.11,0.00,0.00,0.04,0.00,0.00
79,0.12,0.00,3.26,1.75,0.89,0.15,7.94,0.00,0.03,0.01,79.64,3.94,1.20,0.90,0.13,0.05,0.00
80,0.00,0.00,0.34,0.08,0.01,0.00,1.70,0.00,0.09,0.00,97.48,0.28,0.00,0.00,0.00,0.00,0.00
81,0.00,0.00,0.00,0.00,0.00,0.00,0.05,0.00,25.62,0.11,73.13,1.07,0.00,0.00,0.00,0.00,0.00
82,0.00,0.00,0.00,0.00,0.00,0.00,0.09,0.20,76.26,1.82,20.40,1.24,0.00,0.00,0.00,0.00,0.00
83,0.00,0.00,0.18,0.19,0.03,0.00,29.13,0.00,0.05,0.00,70.33,0.09,0.00,0.00,0.00,0.00,0.00
84,0.00,0.00,0.12,0.03,0.00,0.00,72.99,0.00,0.00,0.00,26.79,0.04,0.00,0.00,0.02,0.01,0.00
85,0.63,0.00,0.00,0.00,0.00,0.00,11.13,0.00,1.80,0.00,85.21,0.93,0.00,0.00,0.27,0.03,0.00
86,0.48,0.00,0.43,0.26,0.13,0.00,0.04,0.09,72.81,0.00,20.51,4.15,0.47,0.08,0.23,0.30,0.00
87,1.56,0.00,2.78,1.88,0.14,0.01,0.08,0.00,1.83,0.00,11.86,47.00,25.07,7.42,0.17,0.21,0.00
88,20.23,0.00,4.37,2.53,0.72,0.14,0.01,0.28,7.39,0.01,2.93,16.94,22.98,17.74,3.37,0.36,0.00
89,1.37,0.00,2.60,1.94,0.54,0.08,0.04,0.41,16.45,0.01,59.80,6.82,6.36,2.49,0.63,0.47,0.00
90,0.51,0.00,0.44,0.22,0.06,0.00,0.01,0.23,35.21,0.00,12.60,49.14,1.04,0.24,0.27,0.04,0.00
91,0.04,0.00,3.67,0.38,0.04,0.01,0.00,0.46,16.34,0.02,12.75,7.29,0.03,58.65,0.12,0.21,0.00
92,0.41,0.00,0.26,0.20,0.03,0.00,0.00,0.02,33.15,0.00,52.40,12.21,0.14,0.19,0.63,0.33,0.03
93,0.48,0.08,0.00,0.00,0.00,0.00,0.35,0.00,69.52,0.00,21.81,7.71,0.01,0.00,0.00,0.02,0.00
94,0.05,0.00,0.02,0.01,0.01,0.00,0.01,0.01,80.61,0.03,18.32,0.66,0.01,0.01,0.10,0.16,0.00
95,2.66,0.00,2.34,0.51,0.13,0.02,0.15,0.62,42.22,0.07,17.61,23.85,0.02,9.45,0.16,0.19,0.00
96,1.33,0.00,0.30,0.22,0.04,0.00,0.01,0.02,83.64,0.00,11.81,1.29,0.19,0.43,0.15,0.56,0.00
97,1.34,0.00,0.30,0.22,0.07,0.00,0.07,0.14,70.48,0.00,22.59,3.62,0.28,0.08,0.33,0.46,0.00
98,3.22,0.00,2.89,2.04,0.29,0.04,0.22,0.92,36.83,0.00,15.69,6.58,0.09,26.86,1.78,2.54,0.01
99,0.01,0.00,0.86,0.27,0.02,0.00,0.00,0.02,54.30,0.00,35.90,4.40,0.01,3.48,0.34,0.38,0.00
100,0.40,0.00,0.27,0.23,0.18,0.03,0.04,0.07,85.84,0.02,11.02,0.70,0.08,0.01,0.48,0.63,0.00
101,0.32,0.00,0.16,0.07,0.02,0.01,0.03,0.04,70.18,0.02,27.95,0.67,0.01,0.00,0.16,0.35,0.00
102,0.68,0.00,0.39,0.17,0.03,0.00,0.04,0.11,85.68,0.01,10.51,1.41,0.07,0.03,0.47,0.39,0.01
103,3.10,0.00,0.68,0.53,0.12,0.02,0.04,0.35,61.71,0.00,20.57,9.05,1.13,1.38,0.70,0.61,0.01
104,1.88,0.00,5.42,9.79,5.96,1.09,0.03,0.02,37.46,0.00,16.67,9.88,1.23,9.43,0.27,0.85,0.00
105,4.99,0.00,1.78,0.94,0.22,0.03,0.03,2.44,68.52,0.05,9.48,2.94,3.40,1.05,3.12,1.01,0.00
106,14.06,0.00,0.74,0.92,0.23,0.04,0.06,0.21,62.02,0.01,11.67,4.81,0.91,0.85,2.15,1.33,0.00
107,4.18,0.00,1.12,0.71,0.11,0.01,0.01,0.06,59.96,0.01,23.66,3.74,0.08,5.55,0.30,0.50,0.00
108,0.98,0.00,0.15,0.20,0.01,0.00,0.04,0.01,79.58,0.00,14.98,3.44,0.05,0.01,0.13,0.41,0.00
109,0.04,0.00,0.30,0.09,0.01,0.00,0.01,0.12,76.99,0.00,19.06,2.92,0.03,0.01,0.31,0.09,0.03
110,0.57,0.00,0.11,0.07,0.01,0.00,0.01,0.10,87.15,0.00,9.82,1.81,0.05,0.03,0.18,0.09,0.01
111,0.09,0.00,0.10,0.04,0.01,0.00,0.03,0.02,67.01,0.00,17.85,14.25,0.15,0.18,0.26,0.03,0.00
112,0.06,0.00,0.07,0.03,0.01,0.00,0.03,0.00,86.38,0.00,9.41,3.81,0.02,0.00,0.11,0.06,0.00
113,0.22,0.00,0.45,0.05,0.00,0.00,0.00,0.12,82.03,0.34,15.62,1.08,0.00,0.01,0.04,0.03,0.00
114,0.05,0.10,0.21,0.18,0.04,0.01,0.10,0.05,45.83,0.00,38.16,14.40,0.11,0.03,0.27,0.48,0.00
115,0.31,0.02,0.01,0.00,0.00,0.00,0.07,0.00,71.57,0.00,14.84,13.03,0.02,0.00,0.12,0.02,0.00
116,0.55,0.00,0.22,0.14,0.03,0.00,0.21,0.10,8.68,0.00,56.94,31.25,0.80,0.43,0.37,0.29,0.00
117,9.09,0.00,1.83,0.64,0.13,0.02,0.03,0.13,38.25,0.00,22.59,10.98,6.01,2.73,4.44,3.12,0.00
118,0.77,2.07,0.00,0.00,0.00,0.00,1.71,0.00,39.17,0.00,12.90,43.31,0.00,0.00,0.02,0.06,0.00
119,0.03,0.00,0.06,0.02,0.00,0.00,0.01,0.00,84.80,0.00,9.36,5.39,0.04,0.18,0.07,0.05,0.00
120,0.24,0.00,0.09,0.06,0.01,0.00,0.01,0.45,54.99,0.00,30.24,13.71,0.10,0.00,0.07,0.03,0.00
121,0.19,0.01,0.05,0.02,0.00,0.00,0.08,0.27,58.20,0.00,25.66,15.06,0.03,0.01,0.27,0.15,0.00
122,0.18,0.00,0.97,0.62,0.24,0.06,0.17,0.32,26.10,0.00,29.73,38.80,0.63,1.19,0.51,0.49,0.00
123,0.44,0.00,2.07,1.23,0.59,0.04,0.13,0.02,1.29,0.05,39.08,37.77,10.66,5.09,0.87,0.68,0.00
124,0.07,0.00,0.29,0.12,0.02,0.00,0.07,0.08,6.28,0.03,53.70,37.75,0.92,0.12,0.20,0.34,0.00
125,0.12,0.00,1.16,0.17,0.05,0.00,0.04,0.15,7.77,0.00,7.77,76.77,5.77,0.00,0.21,0.03,0.00
126,0.00,0.00,0.00,0.00,0.00,0.00,0.58,0.00,60.58,0.00,14.26,24.56,0.01,0.00,0.00,0.00,0.00
127,0.10,0.00,0.00,0.00,0.00,0.00,0.29,0.00,80.40,0.00,2.90,16.15,0.01,0.00,0.08,0.06,0.00
128,8.07,0.00,0.92,0.03,0.00,0.00,0.01,0.01,1.09,0.03,29.45,36.30,0.13,0.00,0.16,23.78,0.00
129,0.14,0.00,0.12,0.01,0.00,0.00,0.06,0.00,81.01,0.00,5.93,12.10,0.59,0.00,0.03,0.00,0.00
130,0.06,0.00,0.13,0.03,0.00,0.00,0.04,0.00,64.12,0.03,9.11,26.12,0.32,0.00,0.03,0.00,0.00
131,0.14,0.01,0.23,0.09,0.03,0.00,0.08,0.00,78.50,0.07,10.06,10.58,0.14,0.02,0.04,0.00,0.00
132,0.02,0.00,0.32,0.23,0.07,0.00,0.05,0.03,66.13,0.63,15.25,16.88,0.18,0.08,0.13,0.00,0.00
133,0.37,0.00,2.21,1.16,0.38,0.03,0.14,0.01,9.69,0.01,28.45,39.16,11.02,5.16,2.17,0.03,0.00
134,0.01,0.00,0.07,0.03,0.00,0.00,0.02,0.01,64.39,0.17,24.24,10.57,0.34,0.02,0.10,0.01,0.00
135,0.96,0.00,0.19,0.08,0.02,0.00,0.09,0.00,80.67,0.00,13.27,4.40,0.14,0.07,0.10,0.00,0.00
136,0.05,0.00,0.03,0.00,0.00,0.00,2.17,0.29,54.89,0.08,29.84,12.08,0.01,0.00,0.33,0.23,0.00
137,0.06,0.00,0.06,0.00,0.00,0.00,0.26,0.87,54.59,0.37,32.61,10.12,0.02,0.00,0.55,0.47,0.00
138,0.12,0.00,0.72,0.29,0.09,0.01,0.04,0.60,70.72,0.09,12.40,14.49,0.34,0.01,0.02,0.06,0.00
139,0.14,0.00,0.52,0.24,0.06,0.01,0.26,1.18,82.10,0.43,8.88,6.09,0.01,0.00,0.01,0.06,0.00
140,0.44,0.00,0.00,0.00,0.00,0.00,0.14,0.44,62.40,0.04,28.38,7.72,0.06,0.01,0.20,0.18,0.00
141,0.01,0.01,0.01,0.00,0.00,0.00,1.48,0.14,50.89,0.02,22.50,24.77,0.01,0.00,0.06,0.09,0.00
142,0.05,0.01,0.07,0.00,0.00,0.00,3.29,0.02,76.12,0.01,11.49,8.88,0.05,0.00,0.01,0.00,0.00
143,0.18,0.00,0.21,0.03,0.00,0.00,0.02,2.07,56.23,0.32,30.93,7.67,0.12,0.01,1.11,1.10,0.00
144,0.75,0.80,0.01,0.00,0.00,0.00,13.36,0.25,18.44,0.23,29.94,36.13,0.01,0.00,0.05,0.03,0.00
145,0.16,0.00,0.17,0.02,0.01,0.00,0.18,0.22,49.21,0.07,36.51,11.87,0.11,0.01,0.60,0.87,0.00
146,6.29,0.00,0.38,0.06,0.02,0.00,0.05,0.96,53.16,0.05,28.53,7.52,0.03,0.04,1.09,1.81,0.00
147,1.54,0.00,0.18,0.03,0.01,0.00,0.33,2.36,61.41,0.21,24.02,9.30,0.02,0.00,0.37,0.22,0.00
148,0.36,0.00,0.11,0.01,0.00,0.00,0.48,0.44,66.04,0.06,21.91,10.19,0.02,0.01,0.27,0.10,0.00
149,0.11,0.00,0.17,0.05,0.01,0.00,0.16,1.20,47.54,0.03,33.24,17.14,0.03,0.00,0.19,0.11,0.00
150,5.44,0.00,1.99,0.44,0.10,0.01,0.11,1.41,14.55,0.24,42.76,13.81,4.84,2.52,3.40,8.37,0.00
151,0.98,0.00,0.16,0.01,0.00,0.00,0.10,5.71,47.22,0.14,36.14,8.64,0.11,0.24,0.26,0.29,0.00
152,1.10,0.00,1.76,0.45,0.04,0.00,0.01,0.03,23.86,0.15,5.75,42.48,13.10,3.39,7.42,0.47,0.00
153,0.02,0.00,0.21,0.08,0.03,0.00,0.78,0.17,78.80,0.14,5.04,14.48,0.19,0.01,0.06,0.00,0.00
154,0.05,0.00,0.13,0.04,0.02,0.00,0.04,2.65,49.97,0.65,22.47,21.77,0.21,0.00,1.96,0.02,0.00
155,0.60,0.00,4.62,3.84,1.74,0.28,0.03,0.02,16.68,0.01,20.45,22.84,17.50,4.86,2.30,4.22,0.00
156,0.00,0.00,0.18,0.01,0.00,0.00,0.00,6.34,47.12,0.00,22.96,17.34,1.95,0.07,4.01,0.00,0.00
157,1.73,0.00,2.25,0.30,0.02,0.00,0.08,0.24,2.48,0.07,20.58,49.17,13.08,7.03,2.36,0.61,0.00
158,0.08,0.00,0.27,0.12,0.02,0.00,0.31,0.01,63.42,0.12,16.11,19.30,0.14,0.08,0.02,0.00,0.00
159,2.60,0.00,3.85,2.22,0.64,0.09,0.05,0.05,3.79,0.06,11.97,49.30,13.52,10.11,1.63,0.13,0.00
160,0.26,0.00,0.23,0.08,0.02,0.00,0.43,0.04,74.51,0.20,16.10,6.88,0.37,0.20,0.66,0.02,0.00
161,0.13,0.00,0.46,0.12,0.01,0.00,0.02,0.12,22.89,0.02,35.20,40.36,0.47,0.04,0.14,0.03,0.00
162,0.19,0.00,0.00,0.00,0.00,0.00,0.09,0.18,69.10,0.04,22.77,7.49,0.00,0.00,0.10,0.03,0.00
163,0.65,0.00,0.57,0.19,0.05,0.01,0.66,0.08,0.56,0.00,84.08,9.81,1.68,0.22,0.60,0.83,0.00
164,0.51,0.00,0.65,0.23,0.06,0.01,0.24,0.06,0.85,0.01,59.34,32.20,2.91,1.29,0.89,0.76,0.00
165,4.67,0.00,1.65,0.52,0.12,0.02,0.06,0.54,0.98,0.02,51.58,3.64,23.86,0.57,3.88,7.91,0.00
166,0.22,0.00,0.28,0.09,0.02,0.00,0.29,0.59,7.55,0.16,70.67,17.86,0.92,0.02,0.56,0.74,0.00
167,0.35,0.00,0.47,0.20,0.06,0.01,2.62,0.00,0.11,0.00,89.89,5.44,0.30,0.02,0.27,0.24,0.00
168,1.43,0.00,1.04,0.32,0.18,0.03,0.17,0.21,0.33,0.01,75.32,10.55,4.25,0.00,1.42,4.74,0.00
169,1.05,0.00,0.76,0.61,0.12,0.02,1.97,0.02,0.03,0.01,42.70,43.08,3.38,3.94,1.42,0.88,0.00
170,0.86,0.02,0.02,0.00,0.00,0.00,37.43,0.63,20.94,0.07,19.77,20.03,0.00,0.00,0.22,0.01,0.00
171,0.87,0.00,0.16,0.03,0.00,0.00,2.71,0.36,85.29,0.22,6.57,3.19,0.00,0.00,0.60,0.00,0.00
172,0.32,0.00,0.64,0.21,0.01,0.00,0.35,18.67,60.82,3.77,13.06,1.14,0.04,0.00,0.89,0.07,0.00
173,0.22,0.00,0.61,0.05,0.01,0.00,1.17,39.16,31.42,3.53,22.62,1.16,0.01,0.00,0.04,0.00,0.00
174,0.39,0.00,0.74,0.28,0.05,0.00,1.41,12.93,47.48,8.78,26.15,1.65,0.00,0.00,0.13,0.02,0.00
175,0.34,0.00,0.95,0.31,0.09,0.01,0.48,24.08,34.55,0.28,36.71,0.95,0.83,0.16,0.13,0.12,0.00
176,3.00,0.00,3.25,1.56,0.64,0.06,0.59,4.39,6.90,0.04,61.29,0.63,13.02,3.94,0.68,0.02,0.00
177,5.12,0.00,7.41,4.88,2.51,0.73,4.86,1.79,22.11,6.40,9.96,7.00,9.24,1.29,8.33,8.37,0.00
178,1.38,0.00,4.54,0.97,0.23,0.08,1.90,2.13,45.12,9.90,20.78,6.21,1.14,0.11,3.90,1.60,0.00
179,0.76,0.04,0.99,0.19,0.02,0.00,1.33,1.69,80.24,2.44,8.69,2.46,0.16,0.00,0.95,0.04,0.00
180,0.58,0.00,4.68,0.45,0.05,0.01,1.48,2.90,51.92,13.45,16.49,6.34,0.45,0.08,0.85,0.27,0.00
181,1.21,0.00,3.06,0.77,0.08,0.01,2.78,2.59,54.08,3.39,20.85,6.38,1.25,0.05,3.06,0.44,0.00
182,0.56,0.00,4.50,0.93,0.19,0.04,1.56,4.07,41.20,9.56,24.54,6.12,3.07,0.28,2.64,0.73,0.00
183,0.20,0.00,4.63,0.15,0.01,0.00,0.75,1.17,49.65,18.65,17.81,4.69,1.22,0.06,0.76,0.24,0.00
184,0.11,0.00,3.63,0.19,0.04,0.01,0.74,0.42,52.10,17.85,15.26,8.63,0.58,0.01,0.28,0.15,0.00
185,0.83,0.00,2.64,0.14,0.05,0.01,0.94,4.09,67.04,12.26,7.66,3.61,0.21,0.05,0.31,0.15,0.00
186,0.35,0.00,2.35,0.15,0.06,0.01,0.48,4.29,64.15,4.99,12.47,10.25,0.00,0.00,0.24,0.21,0.00
187,0.22,0.00,4.32,0.10,0.03,0.00,0.12,2.20,76.09,4.47,8.21,3.79,0.00,0.01,0.37,0.05,0.00
188,0.88,0.00,12.55,2.37,1.20,0.37,0.51,0.55,51.08,1.81,8.32,13.86,0.42,0.70,3.84,1.54,0.00
189,0.90,0.00,3.51,0.60,0.26,0.03,1.37,4.28,27.41,7.67,19.48,31.16,0.00,0.00,1.11,2.22,0.00
190,0.16,0.00,8.15,0.95,0.54,0.12,0.24,0.04,57.90,19.95,6.66,4.75,0.01,0.29,0.18,0.06,0.00
191,1.21,0.00,6.99,2.92,1.57,0.31,0.56,0.11,5.96,31.46,11.71,29.47,0.23,5.92,1.08,0.52,0.00
192,0.15,0.00,2.89,0.82,0.09,0.01,0.00,0.41,17.60,0.00,41.58,1.38,16.93,16.92,1.19,0.01,0.00
193,0.26,0.00,1.23,1.18,0.49,0.10,7.09,0.11,3.25,0.00,68.47,6.57,7.28,2.87,1.08,0.00,0.00
194,0.17,0.00,0.38,0.13,0.02,0.00,5.60,3.42,29.08,0.02,55.45,4.04,1.17,0.13,0.38,0.01,0.00
195,3.19,0.00,0.45,0.11,0.04,0.00,24.90,0.01,0.63,0.00,51.80,17.58,0.24,0.03,1.02,0.02,0.00
196,0.08,0.00,0.30,0.07,0.00,0.00,8.53,9.40,46.86,0.43,32.35,1.06,0.59,0.00,0.31,0.02,0.00
197,0.70,0.00,1.17,0.72,0.11,0.03,4.41,0.02,0.84,0.00,77.46,0.92,10.35,0.07,3.14,0.06,0.00
198,0.34,0.00,1.33,0.32,0.01,0.00,0.43,2.81,30.48,0.14,49.74,0.06,13.08,0.08,1.11,0.05,0.00
199,0.09,0.00,0.55,0.15,0.05,0.00,15.79,0.00,0.58,0.00,40.76,41.18,0.46,0.03,0.35,0.01,0.00
200,0.00,0.00,0.15,0.06,0.01,0.00,1.56,0.00,0.12,0.00,66.70,30.91,0.18,0.18,0.12,0.00,0.00
201,0.26,5.49,0.07,0.01,0.00,0.00,27.70,1.67,20.44,0.10,0.37,40.95,0.00,0.00,2.63,0.31,0.00
202,0.22,0.33,0.25,0.08,0.03,0.01,1.20,8.74,69.70,1.67,4.52,11.55,0.04,0.00,1.51,0.16,0.00
203,0.14,0.00,0.68,0.24,0.04,0.01,0.10,7.02,55.28,0.54,23.21,10.75,0.49,0.01,1.24,0.26,0.00
204,0.27,0.00,0.80,0.36,0.11,0.02,0.15,2.85,28.32,0.04,44.65,18.86,1.93,0.10,1.11,0.43,0.00
205,0.27,0.07,0.33,0.15,0.07,0.01,0.95,28.12,45.29,5.35,4.25,13.62,0.18,0.00,1.16,0.17,0.00
206,0.34,0.00,0.41,0.12,0.02,0.01,0.11,27.64,40.26,1.74,18.10,8.35,1.52,0.01,1.21,0.16,0.00
207,0.25,0.01,0.16,0.03,0.01,0.00,2.00,16.50,55.57,2.83,1.35,18.53,0.03,0.00,2.22,0.50,0.00
208,0.09,0.00,0.37,0.14,0.02,0.00,0.35,6.76,57.39,0.86,10.61,21.88,0.23,0.00,1.12,0.16,0.00
209,1.68,0.00,0.94,0.36,0.10,0.01,0.09,3.34,4.18,0.04,65.47,10.30,9.36,0.02,2.70,1.39,0.00
210,1.18,0.00,1.50,0.27,0.05,0.01,0.19,1.46,5.84,0.17,5.53,76.45,2.93,0.07,1.72,2.64,0.00
211,0.08,0.00,0.78,0.37,0.02,0.00,0.02,0.12,2.26,0.01,70.14,21.57,2.99,0.32,0.72,0.60,0.00
212,0.00,0.00,0.22,0.05,0.00,0.00,0.72,0.00,29.05,0.00,67.84,2.12,0.00,0.00,0.01,0.00,0.00
213,0.27,0.02,2.59,1.89,0.42,0.04,0.03,0.03,0.65,0.00,34.39,8.82,40.53,1.58,4.48,4.25,0.00
214,0.52,0.00,0.97,1.04,0.16,0.02,0.00,0.00,0.02,0.00,72.11,6.93,11.71,0.16,2.83,3.52,0.00
215,0.00,0.00,0.00,0.00,0.00,0.00,1.26,0.01,60.80,0.02,37.69,0.23,0.00,0.00,0.00,0.00,0.00
216,0.00,0.00,0.11,0.17,0.02,0.00,13.42,0.02,1.28,0.00,76.00,5.45,1.24,0.16,0.97,1.15,0.00
217,0.13,0.00,1.06,0.62,0.08,0.01,0.11,0.02,15.80,0.00,67.95,12.27,1.03,0.25,0.57,0.11,0.00
218,2.69,0.00,9.06,9.30,3.18,0.84,0.84,0.16,0.05,0.00,21.16,9.25,12.35,20.13,10.70,0.28,0.00
219,0.56,0.00,1.90,0.85,0.32,0.06,0.01,0.01,5.70,0.00,53.91,35.81,0.05,0.57,0.24,0.01,0.00
220,0.14,0.00,0.74,0.28,0.15,0.03,1.10,0.00,1.55,0.00,59.86,34.05,0.63,1.07,0.28,0.11,0.00
221,0.09,0.00,0.34,0.17,0.06,0.01,0.51,0.00,14.45,0.00,65.90,18.31,0.06,0.05,0.04,0.03,0.00
222,0.02,0.00,0.66,0.20,0.06,0.00,32.39,0.00,41.20,0.00,19.94,5.52,0.00,0.00,0.00,0.00,0.00
223,0.01,0.00,0.46,0.17,0.02,0.00,0.69,0.00,1.70,0.00,41.56,55.37,0.00,0.01,0.00,0.00,0.00
224,0.04,0.00,2.36,2.16,1.38,0.29,0.99,0.00,0.18,0.00,71.81,20.26,0.11,0.14,0.24,0.03,0.00
225,0.03,0.00,0.34,0.15,0.02,0.00,0.60,0.00,6.44,0.00,77.63,14.56,0.06,0.00,0.17,0.00,0.00
226,0.04,0.00,0.41,0.21,0.03,0.00,0.38,0.00,0.09,0.00,86.72,11.71,0.09,0.05,0.15,0.11,0.00
227,0.08,0.00,0.58,0.41,0.13,0.01,1.32,0.00,0.00,0.00,89.71,5.78,0.07,0.00,1.42,0.49,0.00
228,0.03,0.00,0.30,0.04,0.00,0.00,4.28,0.00,13.80,0.00,62.62,18.83,0.01,0.00,0.06,0.02,0.00
229,0.01,0.00,0.03,0.00,0.00,0.00,2.56,0.00,61.93,0.00,29.71,5.66,0.00,0.00,0.09,0.00,0.00
230,0.00,0.00,0.16,0.07,0.00,0.00,4.34,0.00,12.19,0.00,77.64,5.59,0.00,0.00,0.00,0.00,0.00
231,0.14,0.00,0.69,0.08,0.02,0.00,4.22,0.00,0.17,0.00,73.70,20.34,0.06,0.04,0.22,0.31,0.00
232,0.02,0.00,0.42,0.05,0.01,0.00,4.56,0.00,0.01,0.00,73.57,21.17,0.02,0.01,0.09,0.07,0.00
233,0.05,0.00,0.43,0.08,0.00,0.00,1.67,0.00,0.26,0.00,74.61,22.87,0.00,0.00,0.03,0.00,0.00
234,0.77,0.00,0.01,0.00,0.00,0.00,22.48,0.00,5.74,0.00,66.27,4.59,0.00,0.00,0.12,0.01,0.00
235,0.00,0.00,0.01,0.00,0.00,0.00,1.64,0.00,13.75,0.01,80.05,4.54,0.00,0.00,0.00,0.01,0.00
236,0.00,0.00,0.09,0.00,0.00,0.00,0.28,0.00,93.90,0.00,4.49,1.23,0.00,0.00,0.00,0.00,0.00
237,0.00,0.00,0.94,0.27,0.09,0.02,0.11,0.00,0.41,0.00,84.25,13.62,0.19,0.00,0.01,0.08,0.00
238,0.00,0.00,0.11,0.02,0.00,0.00,0.02,0.04,3.36,0.00,86.86,9.47,0.00,0.01,0.12,0.00,0.00
239,0.01,0.00,0.49,0.21,0.07,0.02,0.46,0.00,41.92,0.00,51.04,5.55,0.04,0.04,0.09,0.05,0.00
240,0.07,0.00,0.65,0.19,0.11,0.03,0.09,0.16,88.27,0.01,5.92,4.41,0.00,0.00,0.01,0.10,0.00
241,0.07,0.00,0.16,0.04,0.00,0.00,0.30,5.98,78.77,0.03,5.38,9.18,0.00,0.00,0.00,0.09,0.00
242,0.08,0.00,0.55,0.16,0.03,0.00,0.09,0.08,40.31,0.00,46.18,12.41,0.01,0.01,0.04,0.06,0.00
243,0.00,0.00,1.20,0.07,0.02,0.01,0.01,0.82,84.52,0.05,7.01,6.24,0.02,0.00,0.01,0.00,0.00
244,0.01,0.00,0.14,0.00,0.00,0.00,0.00,5.93,68.56,1.11,18.93,5.29,0.00,0.00,0.01,0.00,0.00
245,0.03,0.00,0.63,0.33,0.09,0.02,0.39,0.17,7.43,0.01,89.52,0.93,0.18,0.00,0.20,0.07,0.00
246,1.24,0.00,1.03,0.39,0.10,0.02,0.00,0.10,17.77,0.00,8.97,70.02,0.00,0.00,0.00,0.36,0.00
247,0.10,0.00,0.32,0.05,0.01,0.00,1.40,0.00,57.95,0.00,32.41,7.66,0.00,0.00,0.06,0.02,0.00
248,0.08,0.00,0.72,0.14,0.03,0.00,8.63,0.00,55.62,0.00,34.38,0.40,0.00,0.00,0.00,0.00,0.00
249,0.01,0.00,0.33,0.09,0.01,0.00,0.08,0.26,86.84,0.00,11.33,1.01,0.00,0.00,0.02,0.01,0.00
250,0.32,0.00,1.21,0.55,0.29,0.09,2.80,0.00,0.02,0.00,88.65,4.27,0.01,1.41,0.23,0.15,0.01
251,0.03,0.00,0.50,0.09,0.02,0.00,0.57,0.00,0.14,0.00,86.78,11.32,0.02,0.40,0.08,0.04,0.00
252,0.01,0.00,0.24,0.12,0.02,0.00,0.68,0.04,1.07,0.00,93.31,4.14,0.05,0.11,0.17,0.01,0.03
253,0.01,0.00,0.08,0.01,0.00,0.00,0.00,0.27,29.91,0.00,61.69,8.02,0.00,0.01,0.00,0.00,0.00
254,0.01,0.00,0.51,0.11,0.02,0.00,0.14,0.01,0.17,0.00,94.23,4.41,0.00,0.05,0.30,0.02,0.00
255,3.98,0.00,6.20,6.78,2.49,0.85,0.56,0.00,0.14,0.00,31.19,0.54,0.64,38.04,7.33,1.21,0.04
256,0.00,0.00,0.28,0.14,0.01,0.00,63.12,0.00,0.00,0.00,17.66,18.79,0.00,0.00,0.00,0.00,0.00
257,0.02,0.00,0.08,0.03,0.01,0.00,75.14,0.00,0.00,0.00,20.25,4.12,0.01,0.04,0.31,0.01,0.00
258,0.09,0.00,0.78,0.28,0.05,0.01,0.32,0.60,16.01,0.26,0.28,76.82,0.25,2.59,1.02,0.65,0.00
259,0.18,0.00,2.55,0.12,0.03,0.01,0.11,0.05,0.00,0.00,10.92,61.62,0.86,23.14,0.19,0.23,0.00
260,0.27,0.00,2.50,0.42,0.26,0.06,0.18,0.05,0.05,0.00,3.48,71.39,0.79,19.71,0.57,0.27,0.00
261,0.24,0.00,3.51,0.86,0.44,0.17,0.06,0.09,0.01,0.00,0.79,26.07,2.67,64.45,0.36,0.26,0.00
262,0.09,0.00,3.93,0.49,0.08,0.03,0.05,0.00,0.00,0.00,4.52,43.10,0.01,47.57,0.02,0.11,0.00
263,0.15,0.00,1.42,0.19,0.03,0.00,0.46,0.04,5.12,0.01,10.46,72.21,0.28,8.98,0.42,0.24,0.00
264,0.09,0.00,0.80,0.17,0.01,0.00,0.26,0.01,0.17,0.00,7.08,83.42,0.61,6.52,0.33,0.52,0.00
265,2.51,0.00,3.92,0.89,0.27,0.10,0.36,0.17,0.05,0.00,2.52,41.51,1.04,42.14,2.47,2.04,0.00
266,0.31,0.00,5.07,0.87,0.24,0.12,0.08,0.06,0.02,0.01,7.93,35.15,0.00,49.61,0.03,0.49,0.00
267,0.05,0.00,1.96,0.13,0.03,0.01,1.47,0.00,0.00,0.00,57.25,31.29,0.00,7.80,0.00,0.01,0.00
268,0.03,0.00,2.68,0.60,0.28,0.09,0.28,0.01,0.00,0.01,51.79,33.98,0.00,9.80,0.13,0.32,0.00
269,4.28,0.00,9.74,14.76,7.48,1.96,0.44,0.40,0.51,0.01,4.76,22.10,6.84,20.89,3.94,1.89,0.00
270,0.31,0.00,2.41,0.34,0.07,0.02,0.25,0.29,0.01,0.02,16.72,71.15,0.19,7.72,0.45,0.06,0.00
271,0.30,0.00,3.32,0.34,0.08,0.02,0.97,0.24,0.27,0.30,43.95,28.95,0.11,21.02,0.10,0.02,0.00
272,0.39,0.00,1.44,0.13,0.02,0.00,0.53,0.55,2.93,0.18,65.54,24.70,0.01,3.46,0.10,0.01,0.00
273,0.36,0.00,0.77,0.20,0.04,0.01,0.20,0.04,0.44,0.00,49.39,46.85,0.00,1.44,0.05,0.23,0.00
274,0.34,0.00,2.11,0.49,0.22,0.07,0.19,0.01,0.14,0.00,6.11,79.26,0.24,9.59,0.36,0.87,0.00
275,0.02,0.00,0.28,0.01,0.00,0.00,0.01,0.16,17.86,0.00,26.80,53.83,0.00,0.37,0.18,0.47,0.00
276,0.03,0.00,0.27,0.00,0.00,0.00,0.00,0.00,9.74,0.00,42.23,46.97,0.04,0.33,0.24,0.16,0.00
277,0.03,0.00,0.54,0.09,0.02,0.00,0.04,0.07,16.55,0.00,39.95,42.33,0.04,0.12,0.07,0.14,0.00
278,0.05,0.00,6.65,2.10,1.18,0.22,0.18,1.95,22.21,0.00,19.39,44.70,0.03,0.11,0.51,0.74,0.00
279,0.06,0.00,4.50,2.95,1.94,0.53,0.40,0.07,1.66,0.00,3.47,81.69,0.09,1.12,0.34,1.17,0.00
280,1.10,0.00,1.61,0.22,0.04,0.01,0.49,0.00,0.00,0.00,31.11,59.54,0.08,5.06,0.24,0.50,0.00
281,0.31,0.00,0.59,0.13,0.04,0.01,0.04,0.01,3.63,0.00,7.17,86.70,0.05,0.50,0.14,0.67,0.00
282,0.10,0.00,0.06,0.01,0.00,0.00,0.00,0.15,22.64,0.00,47.77,29.18,0.00,0.00,0.04,0.05,0.00
283,0.32,0.00,0.42,0.06,0.01,0.00,0.06,0.01,0.15,0.00,38.04,59.92,0.00,0.42,0.22,0.36,0.00
284,0.00,0.00,0.78,0.06,0.01,0.00,0.10,0.00,0.48,0.00,11.95,86.22,0.00,0.38,0.00,0.02,0.00
285,0.80,0.00,2.67,0.19,0.06,0.01,2.41,0.00,0.01,0.00,21.85,64.45,0.00,4.79,0.00,2.76,0.00
286,0.00,0.00,0.34,0.03,0.00,0.00,0.00,0.00,0.18,0.00,70.47,28.79,0.03,0.15,0.00,0.00,0.00
287,1.18,0.00,3.79,0.86,0.15,0.05,0.01,3.57,0.01,0.06,0.01,47.01,1.11,41.58,0.56,0.05,0.00
288,0.72,0.00,3.11,0.60,0.08,0.02,0.08,0.65,0.02,0.07,0.05,45.20,0.58,47.67,1.08,0.07,0.00
289,1.19,0.00,4.22,1.01,0.23,0.10,0.02,0.95,0.00,0.00,0.04,33.60,0.08,57.31,0.91,0.33,0.00
290,1.25,0.00,4.51,1.85,0.61,0.24,0.06,2.14,0.20,0.03,0.03,29.74,0.94,57.44,0.85,0.12,0.00
291,0.49,0.00,3.26,0.78,0.09,0.02,0.04,1.46,0.07,0.17,0.01,58.39,0.68,32.95,1.03,0.55,0.00
292,0.58,0.00,3.87,0.89,0.17,0.06,0.01,1.82,0.00,0.01,0.00,14.51,0.41,76.90,0.51,0.26,0.00
293,2.18,0.00,4.33,2.20,0.84,0.29,0.12,0.44,0.00,0.00,0.09,16.36,0.95,63.83,6.54,1.83,0.00
294,0.45,0.00,5.66,0.73,0.32,0.14,0.33,0.71,0.36,0.49,35.59,17.58,0.54,36.93,0.14,0.02,0.00
295,1.34,0.00,4.72,0.90,0.45,0.17,0.59,3.43,0.43,0.00,11.74,55.91,1.00,19.20,0.05,0.05,0.00
296,0.68,0.00,4.46,0.30,0.10,0.04,0.03,2.09,2.33,0.00,57.10,24.77,0.51,7.40,0.09,0.09,0.00
297,2.59,0.00,3.23,0.31,0.10,0.04,0.05,5.82,1.33,3.40,16.09,57.46,0.14,9.14,0.07,0.23,0.00
298,0.75,0.00,4.26,0.60,0.14,0.03,0.28,2.28,3.52,1.17,4.44,50.28,0.17,31.34,0.48,0.27,0.00
299,0.58,0.00,4.80,0.71,0.20,0.11,0.07,0.04,0.02,1.40,32.18,4.91,0.00,54.46,0.41,0.10,0.00
300,0.49,0.00,2.67,0.87,0.27,0.01,0.64,0.49,6.38,0.02,0.31,72.79,0.02,14.97,0.02,0.04,0.00
301,1.72,0.00,5.63,2.32,1.66,0.79,0.23,10.64,1.27,0.01,0.09,49.38,3.62,22.26,0.20,0.19,0.00
302,29.06,0.00,1.14,0.66,0.04,0.00,30.56,0.91,0.00,0.00,0.01,26.42,0.00,3.28,3.86,4.04,0.00
303,0.72,0.00,3.90,0.40,0.14,0.05,0.13,0.28,2.25,0.70,12.23,54.18,0.03,24.81,0.11,0.06,0.00
304,0.68,0.00,2.07,0.19,0.04,0.01,0.48,4.66,0.13,0.13,1.03,83.39,0.18,6.70,0.01,0.32,0.00
305,1.86,0.00,3.34,0.98,0.22,0.07,0.06,5.28,0.06,0.09,0.05,65.17,8.43,13.01,1.11,0.27,0.00
306,2.55,0.00,5.60,1.13,0.40,0.15,0.14,38.23,0.23,0.03,0.03,35.50,13.13,2.74,0.07,0.06,0.00
307,7.56,0.00,7.47,4.59,2.66,1.06,0.27,22.53,1.91,0.00,0.05,34.97,11.83,3.48,1.29,0.34,0.00
308,1.31,0.00,5.84,0.79,0.24,0.09,0.23,12.70,6.31,0.00,18.55,42.81,5.54,5.06,0.49,0.05,0.00
309,3.10,0.00,7.19,4.63,2.55,1.24,0.37,7.26,4.25,0.01,0.13,51.43,10.22,6.46,1.13,0.04,0.00
310,0.93,0.00,4.55,0.89,0.48,0.17,0.20,8.79,12.87,0.00,23.39,40.71,1.92,3.80,1.27,0.01,0.00
311,3.73,0.00,3.68,0.30,0.10,0.03,0.05,5.76,23.71,0.00,10.37,49.23,0.12,2.47,0.43,0.02,0.00
312,1.03,0.00,3.57,1.08,0.39,0.18,0.44,25.68,1.34,0.00,0.00,44.80,17.76,3.68,0.02,0.00,0.00
313,1.02,0.00,4.32,0.65,0.28,0.11,0.03,17.54,3.28,0.01,0.02,56.08,2.25,14.38,0.01,0.04,0.00
314,1.22,0.00,1.89,0.49,0.16,0.04,0.87,25.78,9.50,0.00,0.00,54.94,3.18,1.80,0.00,0.13,0.00
315,0.82,0.00,6.81,9.03,3.72,1.74,0.78,10.77,2.89,5.96,2.72,1.09,33.25,11.09,5.81,3.48,0.02
316,2.62,0.00,8.90,11.43,7.25,3.94,1.15,5.54,4.03,9.13,3.46,2.46,23.25,9.57,4.26,3.02,0.00
317,1.35,0.00,5.33,5.75,1.77,0.80,0.78,2.18,55.24,5.52,3.41,4.16,10.06,0.21,1.53,1.91,0.00
318,0.56,0.00,6.04,6.22,2.35,0.69,1.63,5.30,42.01,10.49,9.45,4.41,7.73,0.44,1.39,1.29,0.00
319,2.11,0.00,11.01,9.73,2.86,0.42,0.72,7.74,22.53,24.22,9.17,2.45,3.01,0.10,3.39,0.55,0.00
320,3.27,0.00,10.22,13.17,8.40,3.44,1.98,5.11,27.50,8.44,9.26,4.50,0.96,0.05,2.88,0.82,0.00
321,1.27,0.00,11.91,11.47,5.67,2.00,0.48,3.40,20.97,9.02,8.34,7.78,10.17,1.29,4.34,1.89,0.00
322,2.63,0.00,6.01,3.68,2.00,1.09,2.34,7.81,30.99,7.90,20.52,5.45,3.86,0.24,3.43,2.05,0.00
323,0.86,0.00,5.85,3.27,1.38,0.57,0.53,7.82,17.03,8.99,13.71,5.08,22.13,2.96,7.92,1.88,0.00
324,0.12,0.00,1.69,0.20,0.07,0.02,0.03,4.65,10.41,0.01,77.09,4.78,0.30,0.59,0.03,0.00,0.00
325,2.66,0.00,3.69,0.27,0.10,0.04,0.04,3.23,19.55,0.01,45.75,22.71,1.02,0.91,0.03,0.00,0.00
326,0.94,0.00,4.84,1.71,1.03,0.28,0.26,8.03,35.02,0.01,34.95,12.32,0.18,0.21,0.22,0.00,0.00
327,0.05,0.00,1.77,0.42,0.10,0.01,0.04,1.12,1.14,0.00,92.60,2.31,0.00,0.21,0.17,0.06,0.00
328,0.15,0.00,5.67,0.87,0.19,0.05,0.20,2.25,3.56,0.20,56.00,11.41,2.62,14.58,2.16,0.09,0.00
329,0.15,0.00,1.21,0.63,0.17,0.06,0.51,0.89,0.82,0.01,85.77,9.20,0.18,0.09,0.29,0.04,0.00
330,0.48,0.00,2.48,1.68,0.45,0.07,0.88,0.21,0.28,0.05,62.01,16.08,9.28,3.22,2.40,0.42,0.00
331,9.95,0.00,3.63,5.39,5.41,2.00,0.90,0.91,0.09,0.51,28.61,10.39,5.91,18.77,5.18,1.60,0.74
332,2.06,0.00,8.22,4.77,3.77,1.90,0.18,8.09,1.26,0.13,4.18,27.17,18.38,17.87,1.80,0.23,0.00
333,0.54,0.00,5.30,1.17,0.30,0.11,0.12,9.20,2.75,1.36,13.46,3.77,53.90,3.45,4.37,0.21,0.00
334,5.63,0.00,3.98,0.88,0.64,0.23,0.74,7.44,1.26,0.26,2.22,10.78,27.13,29.56,7.89,1.36,0.00
335,4.99,0.00,2.97,3.52,0.45,0.17,0.18,19.67,1.18,1.20,4.21,7.10,42.48,3.83,7.62,0.43,0.00
336,0.89,0.00,4.36,1.53,0.42,0.11,0.82,14.05,3.45,4.82,21.81,5.25,34.14,3.30,4.73,0.32,0.00
337,0.69,0.00,5.10,1.12,0.30,0.09,0.12,9.44,1.14,4.74,13.04,4.05,52.17,3.92,3.72,0.36,0.00
338,0.89,0.00,1.80,5.79,0.82,0.39,0.13,10.47,0.53,0.04,4.80,0.77,61.26,7.33,4.79,0.20,0.00
339,1.81,0.00,5.78,2.15,0.33,0.06,0.12,6.10,48.39,9.77,10.99,2.26,9.51,0.44,2.06,0.22,0.00
340,3.85,0.00,2.45,0.97,0.22,0.06,0.35,9.14,0.77,0.90,6.16,3.45,27.91,21.09,21.03,1.65,0.00
341,1.14,0.00,6.08,5.98,4.44,2.10,0.30,1.83,2.28,0.90,4.44,2.26,28.05,30.61,6.69,2.90,0.00
342,0.21,0.00,3.96,1.51,1.29,0.46,0.36,2.31,0.19,0.05,22.54,3.55,19.31,40.07,2.78,1.40,0.00
343,3.62,0.00,4.33,2.16,1.56,0.46,0.45,8.25,2.80,2.91,5.26,2.09,28.21,9.73,23.96,4.21,0.00
344,0.09,0.00,3.28,0.47,0.05,0.01,1.36,2.82,2.58,0.03,29.11,46.87,8.46,1.93,1.78,1.15,0.00
345,0.73,0.00,6.96,6.11,3.12,0.95,0.98,0.21,0.06,0.04,10.36,3.78,12.40,52.32,0.97,1.01,0.00
346,2.31,0.00,6.48,8.71,6.09,1.71,1.20,1.34,0.22,0.19,11.18,4.10,7.05,42.51,4.84,1.87,0.21
347,27.15,0.00,0.40,1.12,0.45,0.23,0.78,0.03,0.06,0.06,0.24,0.68,1.82,2.04,2.20,62.76,0.00
348,8.77,0.00,3.45,2.69,1.80,0.90,4.87,2.42,0.38,0.04,3.47,9.60,4.96,1.71,7.00,47.93,0.00
349,4.18,0.00,2.56,1.81,1.39,0.55,13.23,0.87,0.24,0.03,19.26,24.16,0.34,1.11,7.37,22.88,0.03
350,0.74,0.00,5.53,9.43,1.42,0.78,0.06,0.74,0.24,0.50,1.23,0.64,19.75,51.88,6.42,0.62,0.00
351,2.03,0.00,3.51,3.45,0.64,0.25,0.29,10.62,31.43,8.05,11.72,3.51,12.68,0.72,10.64,0.46,0.00
352,6.67,0.00,1.52,1.22,0.18,0.09,0.35,3.82,13.03,3.08,4.51,1.86,5.64,0.88,53.48,3.68,0.00
353,2.04,0.00,2.97,3.06,0.47,0.15,0.14,7.43,39.66,5.06,10.79,4.36,8.26,2.32,12.57,0.73,0.00
354,1.03,0.00,3.96,0.97,0.25,0.08,0.17,27.29,13.48,4.37,3.50,13.56,28.69,0.28,1.90,0.45,0.00
355,3.36,0.00,4.26,1.99,0.34,0.12,0.27,2.26,40.18,7.39,16.31,5.53,6.55,0.15,10.73,0.56,0.00
356,0.70,0.00,4.46,3.72,0.99,0.29,0.38,1.26,24.36,9.21,19.48,5.56,6.11,1.11,21.37,0.99,0.00
357,5.83,0.00,2.69,3.37,0.89,0.36,0.95,4.40,2.06,0.84,5.65,2.87,25.18,27.42,15.42,2.07,0.00
358,0.49,0.00,3.81,1.34,0.36,0.20,0.40,20.05,20.37,7.16,4.32,6.93,31.38,0.81,2.08,0.31,0.00
359,2.03,0.00,4.47,0.78,0.10,0.03,0.11,25.17,28.11,11.42,8.98,9.74,8.78,0.02,0.23,0.03,0.00
360,2.76,0.00,4.25,1.34,0.47,0.19,0.18,41.99,21.44,14.64,3.38,3.84,5.28,0.02,0.18,0.03,0.00
361,5.15,0.00,4.66,1.17,0.19,0.04,0.11,37.22,19.35,12.78,3.46,3.96,11.23,0.05,0.58,0.04,0.00
362,1.22,0.00,3.48,1.51,0.51,0.20,0.04,39.93,28.04,9.84,2.89,4.08,7.33,0.22,0.68,0.05,0.00
363,0.86,0.00,3.05,0.20,0.01,0.00,0.01,29.60,39.57,7.42,7.52,9.48,1.98,0.00,0.27,0.03,0.00
364,3.94,0.00,4.01,0.45,0.10,0.02,0.05,23.43,13.04,7.78,2.15,9.60,32.97,0.17,2.16,0.14,0.00
365,0.40,0.00,2.28,0.43,0.04,0.01,0.16,41.68,28.07,11.09,3.35,5.57,6.63,0.15,0.14,0.01,0.00
366,12.97,0.00,2.77,1.74,0.54,0.27,0.79,9.56,2.88,2.09,1.02,1.95,30.19,23.19,7.79,2.24,0.00
367,1.87,0.00,3.83,1.62,0.37,0.14,0.20,27.53,15.85,8.24,1.01,2.48,34.96,1.00,0.85,0.05,0.00
368,3.86,0.00,4.59,2.57,0.79,0.30,0.33,18.89,8.21,5.29,2.22,6.85,42.47,0.82,2.57,0.24,0.00
369,4.25,0.00,3.99,0.53,0.20,0.09,0.36,41.87,1.07,1.17,0.68,23.30,21.01,0.80,0.53,0.15,0.00
370,0.03,0.00,2.66,0.19,0.02,0.00,0.04,79.06,2.82,0.67,0.10,2.22,12.01,0.01,0.16,0.00,0.00
371,1.23,0.00,3.20,0.63,0.15,0.05,0.10,61.35,8.59,4.38,0.80,3.85,15.27,0.05,0.33,0.01,0.00
372,1.39,0.00,5.33,2.75,1.10,0.44,0.26,26.37,0.82,1.00,0.45,1.29,54.59,3.56,0.63,0.02,0.00
373,1.90,0.00,4.07,0.55,0.14,0.04,0.14,59.88,2.77,1.64,0.36,3.80,24.21,0.07,0.42,0.01,0.00
374,4.15,0.00,3.52,0.83,0.19,0.05,0.27,55.36,7.62,4.58,0.51,2.19,20.40,0.10,0.23,0.00,0.00
375,0.26,0.00,4.06,1.07,0.25,0.08,0.11,47.68,2.26,3.85,0.32,2.20,36.97,0.52,0.37,0.00,0.00
376,3.59,0.00,4.08,0.83,0.24,0.07,0.20,63.11,3.13,1.37,0.52,2.04,18.31,1.56,0.74,0.20,0.00
377,0.46,0.00,3.49,1.18,0.28,0.08,0.44,64.09,3.30,6.63,0.56,1.83,16.65,0.31,0.69,0.02,0.00
378,0.46,0.00,3.85,0.37,0.06,0.02,0.14,71.60,4.34,4.23,0.91,2.29,10.83,0.42,0.46,0.02,0.00
379,0.31,0.00,3.01,0.15,0.02,0.00,0.21,73.82,5.32,7.11,1.01,1.40,7.01,0.04,0.55,0.03,0.00
380,0.73,0.00,5.27,3.65,1.23,0.45,0.22,58.60,2.97,3.04,0.16,2.06,18.24,2.81,0.54,0.02,0.00
381,1.56,0.00,3.41,0.63,0.13,0.02,0.15,68.68,3.60,4.75,0.46,1.75,11.52,1.80,1.28,0.23,0.00
382,0.21,0.00,4.16,1.18,0.20,0.07,0.05,24.23,0.90,0.84,1.09,0.33,47.08,18.66,0.99,0.01,0.00
383,8.69,0.00,9.22,17.59,15.87,6.97,1.38,2.34,2.56,2.14,2.67,1.49,14.57,5.50,5.11,3.92,0.00
384,3.39,0.00,4.78,7.35,4.23,1.80,0.65,0.43,2.83,1.38,1.59,1.57,28.10,32.57,8.14,1.17,0.00
385,0.94,0.00,4.56,8.55,5.04,1.88,0.10,0.65,3.23,1.83,1.27,1.45,40.31,26.50,2.88,0.80,0.00
386,0.65,0.00,4.93,3.06,0.96,0.18,0.41,2.28,28.11,11.07,16.80,7.68,16.43,6.12,1.14,0.21,0.00
387,1.05,0.00,3.60,1.33,0.14,0.04,0.05,18.57,0.09,0.57,0.97,2.23,41.69,27.70,1.81,0.16,0.00
388,2.28,0.00,5.78,3.00,1.13,0.51,0.14,12.41,0.06,0.26,0.09,19.04,40.28,14.25,0.66,0.11,0.00
389,1.09,0.00,5.82,3.55,1.01,0.38,0.13,14.23,0.06,0.26,0.35,2.30,43.57,24.96,2.14,0.16,0.00
390,1.68,0.00,4.32,1.33,0.29,0.10,0.25,13.21,0.14,0.09,0.26,1.07,40.70,30.81,5.11,0.66,0.00
391,0.53,0.00,4.00,1.62,0.47,0.13,0.06,15.40,0.13,0.25,0.57,0.83,31.38,42.53,2.01,0.10,0.00
392,3.29,0.01,0.71,0.22,0.05,0.00,1.04,17.48,48.51,1.67,17.38,9.07,0.35,0.00,0.12,0.04,0.06
393,0.44,1.30,0.01,0.00,0.00,0.00,20.58,0.24,42.78,1.30,27.10,6.19,0.02,0.00,0.01,0.00,0.01
394,1.97,0.00,0.24,0.06,0.01,0.00,0.55,1.42,79.38,0.35,12.87,2.75,0.24,0.00,0.14,0.03,0.01
395,0.14,0.00,0.00,0.00,0.00,0.00,4.20,1.45,62.05,1.29,17.02,13.39,0.26,0.00,0.17,0.04,0.00
396,0.23,0.00,0.00,0.00,0.00,0.00,1.59,0.02,82.55,0.03,12.64,2.62,0.04,0.00,0.28,0.00,0.00
397,7.10,0.00,3.14,0.21,0.02,0.00,0.05,0.18,0.00,0.00,0.46,48.87,6.61,29.71,0.06,3.60,0.00
398,11.95,0.00,3.47,0.51,0.19,0.07,0.21,0.08,0.01,0.01,0.24,47.35,10.50,19.34,0.33,5.73,0.00
399,2.95,0.00,3.76,0.45,0.08,0.02,0.13,0.30,0.00,0.00,0.38,37.36,4.41,48.22,0.55,1.39,0.00
400,4.35,0.00,3.17,0.44,0.01,0.00,0.12,0.31,0.00,0.00,0.71,41.57,1.73,43.69,0.19,3.70,0.00
401,3.04,0.00,3.13,0.17,0.04,0.01,0.01,0.35,0.00,0.00,0.01,21.86,35.54,34.89,0.01,0.94,0.00
402,1.63,0.00,3.17,0.43,0.09,0.02,0.05,0.28,0.02,0.00,0.17,37.86,11.89,43.81,0.01,0.56,0.00
403,0.30,0.00,4.05,0.38,0.04,0.01,0.01,1.27,0.04,0.00,0.00,51.50,4.82,34.79,1.42,1.34,0.00
404,9.24,0.00,2.28,0.18,0.02,0.01,0.11,8.24,1.82,0.00,0.81,62.89,2.93,7.89,1.74,1.83,0.00
405,0.52,0.00,3.05,0.28,0.03,0.00,0.15,0.15,0.02,0.01,1.00,38.81,0.38,53.42,0.96,1.23,0.00
406,0.57,0.00,1.04,0.22,0.02,0.01,0.23,0.04,0.09,0.00,7.50,65.74,0.84,21.36,1.66,0.71,0.00
407,0.75,0.00,3.04,0.17,0.00,0.00,0.11,0.02,0.00,0.00,0.68,39.28,0.00,55.35,0.05,0.48,0.05
408,0.66,0.00,0.77,0.02,0.00,0.00,0.06,0.00,0.06,0.00,11.97,71.73,0.35,12.89,1.18,0.16,0.14
409,0.10,0.00,0.52,0.07,0.00,0.00,0.25,0.01,0.02,0.00,6.36,73.23,0.08,18.73,0.28,0.33,0.01
410,0.40,0.00,3.26,0.06,0.01,0.00,0.31,0.00,0.03,0.00,0.61,44.95,0.02,49.74,0.16,0.35,0.09
411,0.86,0.00,2.98,0.55,0.12,0.02,0.27,0.00,0.01,0.00,2.19,27.56,0.68,63.66,0.70,0.40,0.00
412,0.22,0.00,3.79,0.33,0.06,0.02,0.04,2.65,0.29,0.00,0.00,52.49,2.17,36.21,1.28,0.44,0.00
413,1.10,0.00,0.56,0.24,0.05,0.00,0.25,2.13,1.56,0.05,14.48,74.40,1.28,1.89,1.58,0.42,0.03
414,0.41,0.00,1.06,0.14,0.01,0.00,0.12,0.49,2.41,0.20,17.16,55.64,1.93,17.85,2.19,0.36,0.00
415,0.54,0.00,2.37,0.32,0.04,0.01,0.23,0.85,0.17,0.03,1.53,54.69,7.29,30.84,0.87,0.24,0.00
416,1.32,0.00,0.25,0.08,0.01,0.00,3.58,9.10,2.64,1.20,14.09,63.89,0.34,1.96,1.14,0.40,0.00
417,10.14,0.00,1.16,0.31,0.09,0.02,0.47,1.50,1.53,0.19,6.46,68.21,1.09,6.33,1.65,0.85,0.00
418,0.05,0.00,0.25,0.06,0.00,0.00,0.68,1.54,21.04,0.04,22.08,51.60,0.44,1.41,0.56,0.25,0.00
419,0.25,0.00,0.35,0.13,0.02,0.00,0.32,0.02,0.60,0.00,17.91,74.96,0.63,3.49,0.97,0.36,0.00
420,0.72,0.00,1.80,0.34,0.03,0.01,0.17,0.21,0.02,0.04,0.04,75.14,1.58,18.96,0.66,0.26,0.00
421,0.76,0.00,1.33,0.42,0.16,0.06,0.51,0.09,0.83,0.02,13.87,72.63,1.31,5.68,1.53,0.79,0.00
422,0.39,0.00,0.51,0.19,0.03,0.00,24.34,0.25,0.47,0.06,0.09,69.85,0.15,2.96,0.38,0.30,0.00
423,0.34,0.00,1.99,0.44,0.03,0.00,0.29,0.74,0.40,0.70,0.04,77.92,1.59,11.50,1.27,2.74,0.00
424,0.56,0.00,0.41,0.10,0.01,0.00,0.16,0.27,0.03,0.01,0.49,88.34,2.91,5.81,0.78,0.13,0.00
425,0.59,0.00,0.33,0.13,0.00,0.00,1.73,0.02,0.01,0.01,7.55,85.85,2.59,1.01,0.14,0.04,0.00
426,2.69,0.00,0.07,0.01,0.00,0.00,0.43,0.00,15.27,0.00,27.47,49.22,0.13,2.92,1.47,0.33,0.00
427,0.10,0.00,1.24,0.27,0.03,0.00,0.11,0.03,0.55,0.00,5.81,49.44,4.13,35.72,2.07,0.50,0.00
428,0.22,0.00,0.69,0.25,0.11,0.04,0.20,0.04,2.02,0.00,18.55,65.48,0.88,9.42,1.63,0.47,0.00
429,0.33,0.00,0.68,0.19,0.04,0.00,0.34,0.00,1.51,0.00,12.80,58.72,2.56,20.25,2.38,0.20,0.00
430,0.06,0.00,0.20,0.05,0.01,0.00,0.25,0.22,26.26,0.00,35.33,35.19,0.35,0.93,0.98,0.18,0.00
431,0.48,0.00,0.85,0.34,0.14,0.04,0.55,0.16,2.41,0.00,39.02,49.87,1.97,1.15,2.45,0.57,0.00
432,2.80,0.00,2.44,0.16,0.02,0.00,0.02,9.33,9.91,4.88,0.01,61.68,0.61,4.78,2.89,0.47,0.00
433,0.14,0.00,0.49,0.07,0.01,0.00,0.01,0.58,10.22,0.08,35.06,45.47,3.15,1.70,2.82,0.18,0.00
434,0.25,0.00,1.89,0.45,0.11,0.01,0.00,0.17,6.36,0.02,29.70,48.03,9.56,2.62,0.81,0.04,0.00
435,0.08,0.00,0.33,0.06,0.00,0.00,0.02,0.19,18.15,0.75,17.56,60.63,1.12,0.64,0.42,0.06,0.00
436,0.45,0.00,0.40,0.09,0.01,0.00,0.11,0.81,4.80,0.00,45.57,37.99,1.36,5.49,2.44,0.47,0.00
