uniqid_huc10,NWALT74_11_huc10,NWALT74_12_huc10,NWALT74_21_huc10,NWALT74_22_huc10,NWALT74_23_huc10,NWALT74_24_huc10,NWALT74_25_huc10,NWALT74_26_huc10,NWALT74_27_huc10,NWALT74_31_huc10,NWALT74_32_huc10,NWALT74_33_huc10,NWALT74_41_huc10,NWALT74_43_huc10,NWALT74_44_huc10,NWALT74_45_huc10,NWALT74_46_huc10,NWALT74_50_huc10,NWALT74_60_huc10,NWALT74_9999_huc10
1,0.04,0.00,11.86,19.97,22.17,4.99,35.34,1.45,1.03,2.20,0.00,0.00,0.02,0.41,0.51,0.00,0.00,0.00,0.00,0.00
2,0.00,0.00,0.00,0.00,0.05,0.00,0.00,0.00,0.02,0.00,0.00,0.00,0.00,0.00,0.00,0.00,0.37,99.55,0.00,0.00
3,0.05,0.00,0.21,0.00,0.04,0.00,0.00,0.03,0.49,0.00,0.04,0.00,0.00,74.10,0.19,0.00,19.95,4.90,0.00,0.00
4,0.00,0.00,0.30,0.02,0.00,0.00,0.00,0.00,0.01,0.00,0.00,0.00,0.00,0.00,0.00,0.00,0.06,99.61,0.00,0.00
5,0.01,0.00,0.02,0.00,0.00,0.00,0.00,0.00,0.13,0.00,0.00,0.00,0.00,67.58,12.52,0.00,14.31,5.44,0.00,0.00
6,0.01,0.00,0.24,0.00,0.00,0.00,0.00,0.01,0.01,0.00,0.25,0.00,0.01,0.00,0.00,0.00,2.57,96.89,0.00,0.00
7,0.21,0.01,0.16,0.00,0.07,0.00,0.00,0.00,0.19,0.00,0.00,0.00,0.00,47.76,3.74,0.05,26.65,21.17,0.00,0.00
8,0.02,0.00,0.22,0.00,0.00,0.00,0.00,0.00,0.06,0.00,0.00,0.00,0.00,11.82,0.74,0.06,78.08,9.00,0.00,0.00
9,0.00,0.00,0.00,0.00,0.00,0.00,0.00,0.00,0.00,0.00,0.00,0.00,0.00,0.00,0.00,0.00,1.71,98.28,0.00,0.00
10,0.02,0.00,0.00,0.00,0.00,0.00,0.00,0.00,0.01,0.00,0.00,0.00,0.00,0.00,0.00,0.00,3.10,96.88,0.00,0.00
11,0.00,0.00,0.00,0.00,0.00,0.00,0.00,0.00,0.00,0.00,0.00,0.00,0.00,0.00,0.00,0.00,24.57,75.43,0.00,0.00
12,0.00,0.00,0.11,0.00,0.00,0.00,0.00,0.00,0.01,0.00,0.00,0.00,0.14,0.00,0.00,0.00,0.12,98.84,0.77,0.00
13,0.19,0.05,1.13,1.76,0.73,0.41,0.02,9.10,1.97,18.22,2.65,0.22,0.44,0.71,0.40,0.11,0.49,61.39,0.00,0.00
14,0.00,0.00,0.34,0.01,0.01,0.00,0.00,0.00,0.19,0.00,0.00,0.09,0.03,1.70,0.03,0.00,0.00,95.06,2.53,0.00
15,0.01,0.00,0.16,0.01,0.00,0.00,0.00,0.00,0.04,0.00,0.00,0.03,0.00,0.01,0.00,0.00,1.00,98.75,0.00,0.00
16,1.06,0.02,0.96,0.39,0.62,0.06,0.59,0.81,0.60,0.00,0.60,0.20,0.00,55.75,9.29,3.39,16.42,9.26,0.00,0.00
17,0.34,0.00,0.07,0.00,0.00,0.00,0.00,0.00,0.00,0.00,0.00,0.00,0.00,0.00,0.00,0.01,8.52,91.07,0.00,0.00
18,0.07,0.00,0.06,0.00,0.00,0.00,0.00,0.00,0.15,0.00,0.00,0.00,0.00,44.05,0.47,0.08,51.87,3.25,0.00,0.00
19,0.01,0.09,0.13,0.00,0.00,0.00,0.00,0.00,0.01,0.00,0.00,0.00,0.00,0.00,0.00,0.00,27.00,72.75,0.00,0.00
20,1.50,0.02,0.61,0.63,0.22,0.07,0.00,0.98,2.13,0.00,0.35,0.00,0.13,4.84,20.61,3.92,2.58,61.39,0.00,0.00
21,0.11,0.00,0.00,0.00,0.00,0.00,0.00,0.00,0.01,0.00,0.00,0.00,0.00,0.00,0.00,0.00,0.00,99.89,0.00,0.00
22,0.00,0.00,0.00,0.00,0.00,0.00,0.00,0.00,0.00,0.00,0.00,0.00,0.00,0.00,0.00,0.00,46.98,53.02,0.00,0.00
23,0.55,0.03,0.71,0.32,0.01,0.12,0.17,0.61,0.24,0.00,0.44,0.00,0.01,69.97,4.06,0.31,11.96,10.51,0.00,0.00
24,0.32,2.15,0.51,0.21,0.10,0.12,0.00,0.41,1.23,0.00,0.60,0.19,0.00,15.66,2.84,0.07,1.39,74.21,0.00,0.00
25,0.07,0.00,0.51,0.01,0.01,0.00,0.00,0.00,0.05,0.00,0.00,0.00,0.13,0.00,0.00,0.00,0.54,98.68,0.00,0.00
26,0.04,0.00,0.01,0.00,0.00,0.00,0.00,0.00,0.03,0.00,0.00,0.00,0.00,1.66,0.71,0.02,77.87,19.65,0.00,0.00
27,0.00,0.07,0.00,0.00,0.00,0.01,0.00,0.00,0.00,0.00,0.00,0.00,0.00,0.01,0.01,0.00,0.04,99.87,0.00,0.00
28,0.01,0.00,0.03,0.00,0.00,0.00,0.00,0.00,0.02,0.00,0.00,0.00,0.00,0.01,0.00,0.01,3.69,96.24,0.00,0.00
29,0.04,0.00,0.13,0.01,0.00,0.00,0.00,0.02,0.24,0.00,0.01,0.00,0.01,25.72,0.20,0.00,65.45,8.16,0.00,0.00
30,0.76,0.00,0.21,0.00,0.13,0.00,0.00,0.00,0.08,0.00,0.00,0.00,0.00,16.56,0.38,2.08,67.70,12.10,0.00,0.00
31,0.11,0.03,0.98,0.00,0.00,0.00,0.00,0.00,0.01,0.00,0.00,0.00,0.12,0.00,0.00,0.00,0.08,92.27,0.00,6.39
32,0.00,0.00,0.04,0.05,0.00,0.08,0.00,0.17,0.70,0.00,0.60,0.00,0.20,1.32,1.08,0.23,18.45,77.08,0.00,0.00
33,0.00,0.00,0.08,0.00,0.00,0.00,0.00,0.00,0.69,0.00,0.18,0.00,0.01,4.33,0.43,0.19,41.75,52.33,0.00,0.00
34,0.04,0.00,0.54,0.03,0.31,0.03,0.00,0.00,0.48,0.00,0.00,0.00,0.01,0.00,0.00,0.00,0.00,98.56,0.00,0.00
35,0.09,0.30,0.17,0.02,0.00,0.00,0.00,0.00,0.27,0.00,0.00,0.00,0.00,0.37,0.07,3.11,8.49,87.10,0.00,0.00
36,0.34,0.00,0.51,0.25,0.01,0.07,0.00,0.60,0.40,0.00,0.38,0.04,0.00,2.36,1.50,0.90,51.01,41.62,0.00,0.00
37,0.06,0.00,0.12,0.00,0.00,0.00,0.00,0.00,0.00,0.00,0.00,0.00,0.00,0.08,0.86,0.67,21.63,76.55,0.02,0.00
38,0.95,0.00,0.43,0.14,0.11,0.04,0.08,0.32,0.23,0.00,0.37,0.00,0.00,45.03,0.84,3.16,35.88,12.41,0.00,0.00
39,3.69,0.00,0.48,0.34,0.02,0.21,0.09,0.98,1.20,0.01,0.47,0.02,0.01,1.55,6.97,3.83,36.60,43.54,0.00,0.00
40,0.00,0.00,0.00,0.00,0.00,0.00,0.00,0.00,0.00,0.00,0.00,0.00,0.00,0.00,0.00,0.00,0.00,98.83,0.21,0.97
41,0.45,0.00,0.44,0.05,0.29,0.00,0.00,0.15,0.38,0.00,0.40,0.01,0.00,35.55,1.79,7.67,35.76,17.06,0.00,0.00
42,0.76,0.00,0.07,0.00,0.00,0.00,0.00,0.00,0.20,0.00,0.00,0.00,0.00,34.85,1.02,2.26,32.08,28.75,0.00,0.00
43,0.20,0.10,0.50,0.03,0.03,0.00,0.00,0.00,0.15,0.00,0.00,0.00,0.00,0.00,0.08,0.00,3.77,95.15,0.00,0.00
44,0.00,0.00,0.00,0.00,0.00,0.00,0.00,0.00,0.00,0.00,0.00,0.00,0.00,0.00,0.00,0.00,38.11,61.89,0.00,0.00
45,0.03,0.00,0.00,0.00,0.00,0.00,0.00,0.00,0.01,0.00,0.00,0.00,0.00,0.26,0.03,0.00,0.09,89.57,10.01,0.00
46,1.82,0.14,0.26,0.26,0.02,0.07,0.39,0.12,0.26,0.02,0.07,0.00,0.01,34.86,0.39,0.50,56.79,3.99,0.00,0.00
47,5.08,0.00,1.59,3.54,4.14,2.85,4.19,7.05,2.29,9.97,2.01,0.08,0.12,0.92,3.83,10.45,17.97,23.93,0.00,0.00
48,0.01,0.00,0.00,0.00,0.00,0.00,0.00,0.00,0.05,0.00,0.00,0.00,0.00,0.10,0.08,0.24,9.68,88.98,0.85,0.00
49,0.07,0.01,0.69,0.50,0.04,0.03,0.00,1.21,1.84,0.00,0.83,0.00,0.61,12.56,28.22,2.49,5.12,45.78,0.00,0.00
50,0.14,0.00,0.17,0.47,1.67,0.18,0.15,1.85,0.41,0.06,3.14,0.20,0.01,0.01,0.01,0.00,0.08,91.45,0.00,0.00
51,0.08,0.18,0.01,0.00,0.02,0.00,0.00,0.00,0.20,0.00,0.00,0.02,0.00,3.65,1.58,0.03,9.65,84.58,0.00,0.00
52,0.44,0.15,0.38,0.06,0.01,0.00,0.00,0.12,0.22,0.00,0.09,0.00,0.00,49.50,0.75,1.45,43.17,3.66,0.00,0.00
53,0.02,0.00,0.04,0.00,0.00,0.01,0.00,0.00,0.00,0.00,0.00,0.00,0.00,0.00,0.04,0.00,1.26,98.64,0.00,0.00
54,0.00,0.00,0.16,0.02,0.00,0.00,0.00,0.00,0.04,0.00,0.00,0.00,0.00,0.70,0.28,0.79,0.94,93.54,3.51,0.00
55,0.00,0.00,0.00,0.00,0.00,0.00,0.00,0.00,0.04,0.00,0.00,0.00,0.00,0.07,0.30,1.49,0.13,95.04,2.92,0.00
56,0.00,0.00,0.00,0.00,0.00,0.00,0.00,0.00,0.00,0.00,0.00,0.00,0.00,0.07,0.00,0.00,24.26,75.67,0.00,0.00
57,0.00,0.01,0.09,0.01,0.00,0.00,0.00,0.00,0.12,0.00,0.00,0.00,0.00,0.05,0.47,0.08,6.36,92.82,0.00,0.00
58,0.13,0.00,0.31,0.02,0.00,0.00,0.00,0.01,0.33,0.00,0.01,0.00,0.00,2.18,0.12,0.12,11.58,85.19,0.00,0.00
59,0.01,0.00,0.65,0.05,0.22,0.05,0.00,0.44,0.44,0.00,1.89,0.03,0.10,24.95,2.88,0.07,35.99,32.23,0.00,0.00
60,0.00,0.00,0.09,0.01,0.00,0.00,0.00,0.00,0.13,0.00,0.00,0.00,0.00,0.00,0.00,0.00,0.00,99.77,0.00,0.00
61,0.04,0.00,0.17,0.00,0.00,0.00,0.00,0.00,0.18,0.00,0.01,0.00,0.00,12.89,8.65,3.43,16.74,57.87,0.00,0.00
62,0.02,0.00,0.00,0.00,0.00,0.00,0.00,0.00,0.01,0.00,0.00,0.00,0.00,0.00,0.02,0.00,0.28,99.67,0.00,0.00
63,0.02,0.00,0.34,0.01,0.00,0.00,0.00,0.02,0.13,0.00,0.14,0.00,0.00,0.26,0.02,0.00,17.76,81.31,0.00,0.00
64,0.00,0.00,0.00,0.00,0.00,0.00,0.00,0.00,0.00,0.00,0.00,0.00,0.00,0.00,0.00,0.00,17.69,82.16,0.00,0.14
65,0.12,0.79,0.43,0.03,0.12,0.02,0.00,0.00,0.49,0.00,0.00,0.00,0.03,1.31,23.46,3.07,0.24,69.90,0.00,0.00
66,0.01,0.00,0.19,0.01,0.00,0.00,0.00,0.00,0.17,0.00,0.00,0.00,0.00,4.08,27.40,0.73,36.11,31.29,0.00,0.00
67,0.01,0.00,0.06,0.00,0.00,0.00,0.00,0.00,0.06,0.00,0.00,0.00,0.01,0.00,0.11,0.01,4.87,94.88,0.00,0.00
68,0.00,0.00,0.15,0.00,0.00,0.00,0.00,0.00,0.03,0.00,0.00,0.00,0.00,0.02,0.01,0.01,69.59,30.18,0.00,0.00
69,1.23,0.32,0.14,0.00,0.01,0.00,0.00,0.00,0.03,0.00,0.00,0.03,0.01,0.02,0.11,0.00,0.17,97.93,0.00,0.00
70,0.05,0.01,0.23,0.03,0.05,0.01,0.00,0.17,0.23,0.00,0.36,0.00,0.01,18.37,0.43,0.79,66.46,12.81,0.00,0.00
71,0.00,0.00,0.19,0.00,0.03,0.00,0.00,0.00,0.00,0.00,0.00,0.09,0.01,0.00,0.00,0.00,11.25,88.43,0.00,0.00
72,0.00,0.00,0.14,0.06,0.02,0.00,0.00,0.21,0.20,0.00,0.31,0.00,0.02,1.20,0.06,0.01,8.40,89.36,0.00,0.00
73,0.01,0.13,0.79,0.60,0.06,0.08,0.24,1.18,0.82,0.00,0.85,0.03,0.04,24.32,26.65,0.76,1.03,42.41,0.00,0.00
74,0.02,0.00,0.00,0.00,0.00,0.00,0.00,0.00,0.02,0.00,0.00,0.00,0.00,0.03,0.00,0.00,0.12,65.04,34.55,0.22
75,0.72,0.01,0.10,0.02,0.03,0.00,0.00,0.11,0.30,0.00,0.03,0.00,0.03,58.13,1.10,2.75,28.46,8.22,0.00,0.00
76,0.61,0.00,0.51,0.27,0.01,0.13,0.08,0.59,0.65,0.01,0.94,0.00,0.00,2.65,21.43,0.47,0.40,66.71,4.57,0.00
77,0.03,0.04,1.10,1.86,1.24,0.75,0.95,2.66,1.73,4.88,1.44,0.05,0.03,2.27,2.34,0.28,5.22,72.83,0.30,0.00
78,0.23,0.24,0.37,0.00,0.00,0.00,0.00,0.00,0.17,0.00,0.00,0.00,0.00,42.60,5.04,0.11,33.38,17.86,0.00,0.00
79,0.00,0.00,0.26,0.03,0.02,0.00,0.00,0.15,0.08,0.00,1.62,0.00,0.01,0.65,0.08,0.00,0.07,97.03,0.00,0.00
80,0.00,0.00,0.00,0.00,0.00,0.00,0.00,0.00,0.00,0.00,0.00,0.00,0.00,0.00,0.00,0.00,7.82,92.18,0.00,0.00
81,1.64,0.32,0.17,0.06,0.01,0.01,0.00,0.04,0.62,0.00,0.40,0.00,0.03,20.12,3.75,2.99,44.45,25.39,0.00,0.00
82,2.44,0.07,0.55,0.34,0.12,0.08,0.17,1.34,0.90,0.27,1.47,0.00,0.00,52.29,4.74,1.93,20.23,13.06,0.00,0.00
83,0.00,0.00,0.22,0.01,0.00,0.00,0.00,0.00,0.02,0.00,0.00,0.00,0.00,0.00,0.00,0.00,1.61,98.14,0.00,0.00
84,0.70,0.20,1.67,4.92,0.56,1.75,3.72,14.30,6.53,16.56,0.98,0.00,0.00,3.59,1.90,0.20,1.23,41.19,0.00,0.00
85,0.00,0.00,0.00,0.00,0.00,0.00,0.00,0.00,0.00,0.00,0.00,0.00,0.00,0.00,0.00,0.00,0.00,97.94,2.06,0.00
86,0.12,0.00,0.31,0.03,0.00,0.00,0.00,0.07,0.39,0.00,0.30,0.00,0.00,22.25,0.38,0.02,6.69,69.43,0.00,0.00
87,0.26,0.00,0.19,0.01,0.00,0.00,0.00,0.01,0.26,0.00,0.01,0.00,0.00,24.92,1.50,7.03,38.00,27.82,0.00,0.00
88,0.32,0.00,0.40,0.02,0.00,0.00,0.00,0.13,0.31,0.00,0.12,0.00,0.00,7.00,0.32,5.67,37.70,48.02,0.00,0.00
89,0.21,0.03,0.20,0.02,0.00,0.00,0.00,0.02,0.20,0.00,0.18,0.02,0.01,2.46,0.11,0.03,4.22,92.30,0.00,0.00
90,0.00,0.00,0.00,0.00,0.00,0.00,0.00,0.00,0.00,0.00,0.00,0.00,0.00,0.00,0.00,0.00,1.04,98.96,0.00,0.00
91,0.00,0.00,0.16,0.00,0.00,0.00,0.00,0.00,0.01,0.00,0.00,0.00,0.05,0.00,0.00,0.00,0.77,99.01,0.00,0.00
92,0.01,0.00,0.34,0.00,0.01,0.00,0.00,0.00,0.16,0.00,0.00,0.00,0.00,7.50,0.54,3.28,81.07,7.09,0.00,0.00
93,0.60,0.01,0.32,0.31,0.01,0.34,0.00,0.10,2.27,0.00,0.11,0.01,0.01,1.89,3.12,0.75,0.00,88.81,1.34,0.00
94,0.31,0.00,0.13,0.00,0.00,0.00,0.00,0.00,0.11,0.00,0.00,0.00,0.07,32.39,0.31,0.18,39.99,26.51,0.00,0.00
95,0.00,0.00,0.00,0.00,0.00,0.00,0.00,0.00,0.01,0.00,0.00,0.00,0.00,0.00,0.00,0.00,0.35,99.64,0.00,0.00
96,1.56,0.00,0.17,0.06,0.04,0.05,0.00,0.22,0.47,0.00,0.13,0.00,0.02,9.54,4.87,7.68,41.81,33.37,0.00,0.00
97,0.00,0.00,0.00,0.01,0.00,0.00,0.00,0.00,0.05,0.00,0.00,0.00,0.00,0.00,0.00,0.00,3.63,96.32,0.00,0.00
98,0.15,0.00,0.20,0.00,0.00,0.00,0.00,0.00,0.14,0.00,0.00,0.00,0.11,2.98,0.09,0.04,0.78,95.50,0.00,0.00
99,0.33,0.09,0.44,0.10,0.01,0.01,0.00,0.39,0.79,0.00,0.20,0.00,0.00,18.94,21.39,14.89,22.42,19.99,0.00,0.00
100,0.00,0.00,0.01,0.00,0.00,0.00,0.00,0.00,0.01,0.00,0.00,0.00,0.17,0.00,0.00,0.00,0.32,99.38,0.12,0.00
101,0.18,0.01,0.00,0.00,0.00,0.01,0.00,0.00,0.00,0.00,0.00,0.00,0.00,0.00,0.00,0.00,0.03,96.57,3.19,0.00
102,0.22,0.00,0.54,2.69,0.18,1.29,1.93,6.04,1.19,15.82,5.91,0.03,0.00,4.36,1.60,0.01,1.49,56.70,0.00,0.00
103,0.01,0.00,0.32,0.00,0.00,0.00,0.00,0.00,0.02,0.00,0.00,0.00,0.01,0.00,0.00,0.00,0.18,99.45,0.00,0.00
104,0.02,0.00,0.25,0.05,0.01,0.26,0.00,0.24,0.69,0.00,2.38,0.00,0.00,1.43,0.14,0.37,2.16,91.61,0.40,0.00
105,0.04,0.00,0.46,0.03,0.00,0.00,0.00,0.17,0.05,0.00,0.22,0.00,0.00,0.00,0.00,0.01,0.83,98.18,0.00,0.00
106,0.12,0.00,0.37,0.09,0.00,0.02,0.14,0.12,0.14,0.03,0.13,0.00,0.01,31.78,0.15,0.04,22.49,44.37,0.00,0.00
107,0.10,0.00,0.03,0.00,0.00,0.00,0.00,0.00,0.04,0.00,0.00,0.00,0.00,3.10,0.10,0.00,23.34,73.28,0.00,0.00
108,0.05,0.00,0.30,0.00,0.00,0.01,0.00,0.00,0.00,0.00,0.00,0.00,0.00,0.00,0.00,0.00,0.28,99.35,0.00,0.00
109,0.05,0.01,0.16,0.00,0.00,0.00,0.00,0.00,0.00,0.00,0.06,0.00,0.01,0.00,0.01,0.00,0.76,98.94,0.00,0.00
110,0.00,0.00,0.53,0.00,0.00,0.00,0.00,0.00,0.01,0.00,0.00,0.00,0.00,0.00,0.00,0.00,98.30,1.15,0.00,0.00
111,0.09,0.00,0.31,0.04,0.13,0.00,0.00,0.00,0.27,0.00,0.00,0.14,1.73,36.24,6.09,2.30,18.33,34.32,0.00,0.00
112,0.02,0.00,0.44,0.23,0.00,0.02,0.00,0.58,0.16,0.00,1.53,0.00,0.00,0.22,0.91,0.52,4.01,90.32,1.02,0.00
113,0.03,0.01,0.40,0.03,0.00,0.00,0.00,0.10,0.06,0.00,0.31,0.00,0.00,0.23,1.16,0.02,17.02,80.63,0.00,0.00
114,0.02,0.00,0.35,0.00,0.00,0.00,0.00,0.00,0.06,0.00,0.00,0.00,0.02,1.67,0.15,0.00,2.40,93.96,1.37,0.00
115,0.24,0.00,0.43,0.01,0.00,0.00,0.00,0.03,0.08,0.00,0.03,0.00,0.00,0.65,0.09,0.04,0.30,97.98,0.11,0.00
116,0.14,0.00,0.02,0.00,0.09,0.00,0.00,0.00,0.06,0.00,0.00,0.00,0.01,4.04,0.51,0.02,5.25,89.86,0.00,0.00
117,0.54,0.00,0.18,0.10,0.11,0.10,0.00,0.55,0.47,0.00,3.39,0.00,0.00,2.58,6.86,7.90,27.92,49.29,0.00,0.00
118,0.13,0.00,0.08,0.01,0.00,0.00,0.00,0.00,0.04,0.00,0.00,0.00,0.00,0.00,0.04,0.01,15.15,84.54,0.00,0.00
119,0.36,0.00,0.12,0.00,0.00,0.00,0.00,0.00,0.00,0.00,0.00,0.00,0.02,0.06,0.00,0.00,21.17,78.13,0.14,0.00
120,1.37,0.31,0.03,0.01,0.00,0.00,0.00,0.00,0.29,0.00,0.00,0.00,0.00,1.84,15.47,1.89,27.08,51.72,0.00,0.00
121,0.41,0.00,0.08,0.00,0.00,0.00,0.00,0.00,0.06,0.00,0.00,0.00,0.01,0.01,0.17,0.48,27.87,70.91,0.00,0.00
122,0.00,0.00,0.01,0.00,0.00,0.00,0.00,0.00,0.03,0.00,0.00,0.00,0.00,0.00,0.00,0.00,0.00,99.96,0.00,0.00
123,0.00,0.00,0.00,0.00,0.00,0.00,0.00,0.00,0.00,0.00,0.00,0.00,0.00,0.00,0.02,0.00,3.77,96.22,0.00,0.00
124,0.18,0.00,0.23,0.09,0.06,0.01,0.00,0.23,0.34,0.00,0.09,0.00,0.00,9.51,0.69,0.03,12.29,76.26,0.00,0.00
125,0.00,0.00,0.13,0.00,0.01,0.00,0.00,0.00,0.02,0.00,0.00,0.00,0.00,0.00,0.00,0.00,0.17,99.66,0.00,0.00
126,0.01,0.00,0.70,0.06,0.08,0.02,0.00,0.00,0.10,0.00,0.00,0.00,0.05,0.04,0.13,1.58,20.14,77.09,0.00,0.00
127,0.29,0.00,0.33,0.10,0.08,0.01,0.01,0.18,0.44,0.14,0.10,0.19,0.01,74.59,0.32,0.06,15.98,7.17,0.00,0.00
128,0.67,0.04,0.36,0.14,0.02,0.12,0.00,0.81,0.81,0.00,1.28,0.00,0.00,0.05,0.01,0.04,0.00,88.54,7.10,0.00
129,0.01,0.00,0.00,0.00,0.00,0.00,0.00,0.00,0.02,0.00,0.00,0.00,0.00,0.00,0.00,0.00,7.81,92.15,0.00,0.00
130,0.00,0.00,0.28,0.00,0.04,0.00,0.00,0.00,0.04,0.00,0.00,0.00,0.01,0.00,0.00,0.00,0.39,99.22,0.00,0.00
131,0.01,0.00,0.09,0.00,0.00,0.00,0.00,0.00,0.01,0.00,0.00,0.00,0.00,0.00,0.00,0.00,11.28,88.60,0.00,0.00
132,0.01,0.00,0.69,0.03,0.01,0.00,0.00,0.00,0.08,0.00,0.00,0.00,0.26,0.13,0.04,0.00,15.53,83.22,0.00,0.00
133,0.16,0.00,0.68,0.13,0.08,0.00,0.00,0.04,0.42,0.00,0.01,0.00,1.33,38.17,7.48,1.16,30.36,19.97,0.00,0.00
134,0.07,0.00,0.68,0.38,0.34,0.00,0.00,0.00,0.31,0.00,0.00,0.00,0.00,71.62,9.85,0.80,10.05,5.90,0.00,0.00
135,0.11,0.00,0.52,0.02,0.31,0.00,0.00,0.00,0.04,0.00,0.17,0.07,0.17,0.00,0.00,0.00,10.57,88.03,0.00,0.00
136,0.51,0.01,0.48,0.08,0.01,0.02,0.00,0.35,0.22,0.00,0.17,0.00,0.00,37.37,7.66,4.27,43.69,5.16,0.00,0.00
137,0.65,0.00,0.38,0.10,0.04,0.02,0.00,0.32,0.45,0.04,0.60,0.00,0.00,7.97,0.53,5.27,46.18,37.46,0.00,0.00
138,0.02,0.00,0.00,0.00,0.00,0.00,0.00,0.00,0.02,0.00,0.00,0.00,0.00,0.00,0.00,0.00,0.93,99.02,0.00,0.00
139,0.01,0.00,0.53,0.01,0.01,0.00,0.00,0.00,0.02,0.00,0.00,0.00,0.00,0.02,0.00,0.00,8.23,91.19,0.00,0.00
140,0.15,0.00,0.58,0.27,0.49,0.01,0.14,0.26,0.19,0.00,0.96,0.00,7.93,0.00,0.00,0.00,0.00,89.01,0.00,0.00
141,0.33,0.01,0.71,0.61,0.14,0.08,0.39,0.66,0.60,0.00,0.35,0.04,0.00,34.12,35.57,0.45,0.01,25.87,0.00,0.06
142,0.01,0.00,0.32,0.27,0.11,0.10,0.10,0.36,0.13,0.00,0.30,0.01,0.03,0.00,0.00,0.00,0.00,98.26,0.00,0.00
143,0.42,0.00,0.09,0.00,0.00,0.00,0.00,0.00,0.00,0.00,0.00,0.00,0.00,0.00,0.00,0.00,50.86,48.64,0.00,0.00
144,0.04,0.00,0.00,0.01,0.00,0.00,0.00,0.00,0.01,0.00,0.00,0.00,0.00,0.00,0.00,0.00,10.62,89.33,0.00,0.00
145,0.72,0.00,0.84,1.51,0.24,0.24,1.18,3.57,0.60,0.22,3.04,0.14,0.00,0.06,0.00,0.00,0.39,86.15,0.00,1.10
146,0.00,0.00,0.11,0.00,0.00,0.00,0.00,0.00,0.14,0.00,0.00,0.00,0.00,24.20,0.33,0.00,69.29,5.93,0.00,0.00
147,0.02,0.00,0.01,0.00,0.00,0.00,0.00,0.00,0.14,0.00,0.00,0.00,0.00,0.10,1.14,0.67,0.00,96.27,1.65,0.00
148,0.03,0.00,0.17,0.00,0.01,0.00,0.00,0.00,0.03,0.00,0.00,0.00,0.89,0.03,0.11,0.00,8.58,90.16,0.00,0.00
149,0.06,0.00,0.40,0.10,0.00,0.04,0.00,0.43,0.62,0.00,1.34,0.00,0.02,6.00,1.08,0.00,0.08,89.79,0.03,0.00
150,0.32,0.00,0.34,0.31,0.17,0.06,0.05,0.65,0.29,0.00,0.82,0.00,0.00,49.35,0.99,0.77,24.24,21.62,0.00,0.00
151,6.87,0.00,1.51,1.25,0.35,0.52,0.73,3.84,1.03,4.80,1.35,0.42,0.05,25.98,5.47,3.39,27.29,15.14,0.00,0.00
152,0.06,0.00,0.00,0.00,0.00,0.00,0.00,0.00,0.00,0.00,0.00,0.00,0.00,0.11,0.01,0.01,73.86,25.94,0.00,0.00
153,0.06,0.01,0.44,0.02,0.00,0.00,0.00,0.03,0.21,0.00,0.00,0.00,0.00,0.27,5.35,1.30,7.09,85.22,0.00,0.00
154,0.59,0.00,0.30,0.04,0.00,0.00,0.00,0.18,0.43,0.00,0.19,0.00,0.03,18.58,37.52,4.70,12.76,24.67,0.00,0.00
155,1.24,0.07,0.17,0.03,0.01,0.00,0.01,0.07,0.22,0.00,0.05,0.01,0.00,67.66,1.11,0.35,26.50,2.50,0.00,0.00
156,0.19,0.35,0.12,0.02,0.00,0.00,0.00,0.05,0.18,0.00,0.03,0.00,0.03,10.24,34.42,0.89,1.70,51.79,0.00,0.00
157,0.94,0.01,0.26,0.00,0.03,0.00,0.00,0.01,0.16,0.00,0.01,0.00,0.00,0.05,0.13,0.18,0.58,96.55,1.07,0.00
158,0.55,0.04,0.75,0.39,0.09,0.06,0.00,0.93,0.50,0.00,2.08,0.01,0.04,4.48,2.41,0.04,24.56,63.07,0.00,0.00
159,0.15,0.00,0.51,0.09,0.00,0.04,0.00,0.24,0.08,0.00,0.17,0.00,0.00,0.25,0.19,0.10,0.33,97.84,0.00,0.00
160,0.02,0.00,1.32,0.13,0.92,0.15,0.00,0.22,0.18,0.00,4.82,0.25,0.03,0.01,0.01,0.01,1.42,90.50,0.00,0.00
161,0.14,0.00,0.10,0.00,0.00,0.00,0.00,0.00,0.05,0.00,0.00,0.00,0.00,0.69,0.78,1.46,30.17,66.61,0.00,0.00
162,0.06,0.03,0.18,0.00,0.01,0.00,0.00,0.00,0.18,0.00,0.00,0.00,0.00,11.15,0.31,0.10,51.37,36.61,0.00,0.00
163,0.18,0.41,0.17,0.09,0.01,0.02,0.00,0.32,0.18,0.00,0.22,0.00,0.00,67.12,1.20,0.44,26.05,3.58,0.00,0.00
164,0.03,0.00,0.21,0.01,0.02,0.00,0.00,0.03,0.04,0.00,0.18,0.00,0.00,0.21,2.94,1.15,12.39,82.78,0.00,0.00
165,0.06,0.52,0.67,0.13,0.05,0.00,0.00,0.22,0.38,0.11,0.16,0.00,0.00,12.61,38.64,1.25,5.39,39.83,0.00,0.00
166,0.00,0.00,0.18,0.00,0.00,0.00,0.00,0.00,0.00,0.00,0.00,0.00,0.05,0.00,0.00,0.00,65.23,34.53,0.00,0.00
167,0.02,0.00,0.00,0.00,0.00,0.00,0.00,0.00,0.00,0.00,0.00,0.00,0.00,0.00,0.00,0.00,0.00,98.01,1.96,0.00
168,0.26,0.04,4.30,12.48,4.30,4.23,16.36,11.30,1.42,7.55,4.05,0.01,0.04,1.58,0.81,0.00,0.12,31.15,0.00,0.00
169,1.42,0.00,0.65,0.21,0.09,0.03,0.00,1.32,0.35,0.00,0.91,0.00,0.00,49.37,1.34,6.31,30.14,7.85,0.00,0.00
170,0.08,0.02,1.06,2.24,0.26,1.50,0.64,5.14,1.38,5.11,3.43,0.00,0.07,2.62,1.29,0.11,0.29,74.62,0.12,0.00
171,0.72,0.02,0.05,0.07,0.01,0.02,0.00,0.28,0.31,0.00,0.14,0.07,0.00,5.30,0.67,5.44,32.69,54.20,0.00,0.00
172,0.12,0.00,0.11,0.01,0.00,0.06,0.00,0.07,0.09,0.00,0.25,0.00,0.00,0.01,0.02,0.00,0.08,98.62,0.55,0.00
173,0.12,0.00,3.36,3.37,1.52,1.03,4.36,1.97,0.66,2.45,0.22,0.05,0.02,2.79,0.44,0.05,5.17,72.43,0.00,0.00
174,0.05,0.00,0.05,0.00,0.08,0.00,0.00,0.00,0.06,0.00,0.00,0.00,0.01,6.56,0.03,0.45,59.27,33.45,0.00,0.00
175,0.00,0.00,0.00,0.00,0.00,0.00,0.00,0.00,0.00,0.00,0.00,0.00,0.00,0.00,0.00,0.00,0.12,99.86,0.02,0.00
176,0.00,0.00,0.23,0.01,0.00,0.03,0.00,0.02,0.13,0.00,0.07,0.00,0.00,9.43,0.84,0.01,0.56,88.68,0.00,0.00
177,0.02,0.31,0.29,0.01,0.01,0.00,0.00,0.00,0.02,0.00,0.00,0.00,0.01,0.00,0.00,0.00,11.00,88.33,0.00,0.00
178,0.00,0.00,0.00,0.00,0.00,0.00,0.00,0.00,0.01,0.00,0.00,0.00,0.00,0.00,0.10,0.00,32.66,67.23,0.00,0.00
179,0.01,0.00,0.27,0.00,0.00,0.01,0.00,0.00,0.15,0.00,0.03,0.00,0.00,14.58,0.08,0.01,6.75,78.11,0.00,0.00
180,0.00,0.00,0.19,0.00,0.00,0.00,0.00,0.00,0.18,0.00,0.00,0.00,0.00,17.67,1.48,0.59,11.56,68.34,0.00,0.00
181,0.00,0.00,0.44,0.11,0.00,0.00,0.00,0.12,0.08,0.00,0.27,0.00,0.00,0.00,0.00,0.00,1.30,97.67,0.00,0.00
182,0.11,0.00,0.00,0.00,0.00,0.00,0.00,0.00,0.01,0.00,0.00,0.00,0.00,0.00,0.00,0.00,89.51,10.37,0.00,0.00
183,0.34,0.00,0.36,0.02,0.02,0.01,0.00,0.00,0.26,0.00,0.00,0.00,0.05,3.68,0.70,0.05,6.43,88.09,0.00,0.00
184,0.00,0.00,0.62,0.83,0.03,0.23,0.00,5.24,2.05,0.00,10.72,0.08,0.00,0.00,0.00,0.00,1.36,76.72,2.11,0.00
185,0.01,0.00,0.00,0.00,0.00,0.00,0.00,0.00,0.06,0.00,0.00,0.00,0.00,0.00,0.00,0.00,0.09,99.83,0.00,0.00
186,0.00,0.00,0.09,0.00,0.00,0.00,0.00,0.00,0.00,0.00,0.00,0.00,0.00,0.01,0.00,0.00,0.23,55.01,44.64,0.00
187,2.37,0.00,2.12,3.99,1.87,0.54,3.91,4.21,1.58,6.92,0.97,0.01,0.00,17.18,25.42,4.84,9.55,14.51,0.00,0.00
188,0.44,0.08,0.28,0.02,0.00,0.00,0.00,0.03,0.14,0.00,0.03,0.00,0.00,40.41,4.51,0.18,51.33,2.56,0.00,0.00
189,0.03,0.00,0.06,0.00,0.00,0.00,0.00,0.00,0.01,0.00,0.00,0.00,0.01,0.00,0.01,0.00,3.60,96.28,0.00,0.00
190,0.09,0.00,0.04,0.00,0.00,0.00,0.00,0.00,0.11,0.00,0.00,0.00,0.00,12.42,0.17,0.76,35.03,51.38,0.00,0.00
191,0.04,0.04,0.08,0.01,0.00,0.00,0.00,0.00,0.25,0.00,0.00,0.00,0.06,5.03,16.52,0.07,0.81,77.09,0.00,0.00
192,0.00,0.00,0.18,0.00,0.00,0.00,0.00,0.00,0.03,0.00,0.00,0.00,0.01,0.18,0.04,0.00,0.08,99.48,0.00,0.00
193,0.02,0.00,0.09,0.00,0.00,0.00,0.00,0.00,0.03,0.00,0.00,0.00,0.00,0.02,0.30,0.19,5.99,88.46,4.88,0.00
194,8.15,0.00,0.31,0.24,0.08,0.05,0.00,1.51,0.56,0.00,1.76,0.00,0.00,0.03,3.20,0.11,13.18,70.73,0.00,0.10
195,2.64,30.75,0.14,0.07,0.00,0.06,0.00,0.21,0.36,0.00,0.04,0.00,0.00,15.36,12.01,0.32,0.36,37.69,0.00,0.00
196,0.30,0.00,0.39,0.15,0.06,0.03,0.00,1.58,0.32,0.02,2.75,0.03,0.90,0.38,0.36,0.34,2.27,90.01,0.11,0.00
197,0.00,0.00,0.00,0.00,0.00,0.00,0.00,0.00,0.01,0.00,0.00,0.00,0.00,0.01,0.01,0.00,6.69,93.28,0.00,0.00
198,0.02,0.00,0.21,0.01,0.00,0.00,0.00,0.00,0.02,0.00,0.00,0.00,0.01,0.00,0.00,0.00,11.64,88.09,0.00,0.00
199,0.88,0.00,0.00,0.00,0.00,0.00,0.00,0.00,0.02,0.00,0.00,0.00,0.02,0.00,0.03,0.02,13.93,84.17,0.93,0.00
200,0.21,0.00,0.20,0.00,0.00,0.00,0.00,0.00,0.01,0.00,0.00,0.00,0.00,0.00,0.00,0.00,96.28,3.30,0.00,0.00
201,0.02,0.00,0.00,0.00,0.00,0.00,0.00,0.00,0.02,0.00,0.00,0.00,0.00,0.00,0.00,0.00,47.53,52.43,0.00,0.00
202,0.00,0.00,0.00,0.00,0.00,0.00,0.00,0.00,0.04,0.00,0.00,0.00,0.00,0.00,0.00,0.00,0.00,99.57,0.39,0.00
203,0.29,0.07,0.13,0.11,0.03,0.02,0.00,0.20,0.41,0.00,0.17,0.01,0.02,11.68,0.36,0.02,0.16,86.33,0.00,0.00
204,0.08,0.01,0.42,0.03,0.06,0.00,0.00,0.13,0.17,0.00,0.19,0.01,0.00,11.39,0.29,1.24,55.10,30.88,0.00,0.00
205,0.08,0.00,0.51,0.02,0.00,0.00,0.00,0.00,0.02,0.00,0.00,0.01,0.00,0.00,0.00,0.00,0.08,99.29,0.00,0.00
206,0.01,0.00,0.00,0.00,0.01,0.00,0.00,0.00,0.01,0.00,0.00,0.00,0.00,0.02,0.19,0.01,0.20,99.55,0.00,0.00
207,0.85,0.01,0.00,0.00,0.00,0.00,0.00,0.00,0.05,0.00,0.00,0.00,0.00,9.55,0.16,0.20,6.86,82.31,0.00,0.00
208,0.03,0.00,0.05,0.01,0.20,0.00,0.00,0.00,0.16,0.00,0.00,0.00,0.01,0.03,3.51,0.04,20.25,75.72,0.00,0.00
209,0.04,0.00,0.18,0.01,0.00,0.00,0.00,0.01,0.26,0.00,0.01,0.00,0.00,85.79,5.16,0.05,4.91,3.58,0.00,0.00
210,0.00,0.00,0.11,0.00,0.00,0.00,0.00,0.00,0.00,0.00,0.00,0.00,0.00,0.01,0.05,0.00,0.79,99.04,0.00,0.00
211,0.06,0.00,0.08,0.01,0.04,0.00,0.00,0.00,0.10,0.00,0.00,0.00,0.00,1.63,0.01,0.00,1.71,96.36,0.00,0.00
212,0.00,0.00,0.39,0.00,0.00,0.00,0.00,0.01,0.01,0.00,0.30,0.00,0.00,0.00,0.00,0.00,86.20,13.09,0.00,0.00
213,0.01,0.00,0.08,0.00,0.00,0.00,0.00,0.00,0.11,0.00,0.00,0.00,0.00,0.57,0.32,1.17,28.41,69.33,0.00,0.00
214,7.21,0.00,0.00,0.00,0.00,0.00,0.00,0.00,0.00,0.00,0.00,0.00,0.00,0.00,0.04,0.00,2.00,90.75,0.00,0.00
215,2.29,0.01,0.39,0.23,0.22,0.14,0.00,0.29,0.89,0.57,1.73,0.00,0.01,0.34,0.60,0.25,0.01,92.04,0.00,0.00
216,0.01,0.02,0.17,0.00,0.00,0.00,0.00,0.00,0.01,0.00,0.00,0.00,0.15,0.01,0.03,0.01,1.53,98.06,0.00,0.00
217,0.00,0.00,0.03,0.00,0.00,0.00,0.00,0.00,0.01,0.00,0.00,0.00,0.00,0.51,0.05,0.00,29.24,70.15,0.00,0.00
218,0.19,0.00,0.31,0.00,0.01,0.00,0.00,0.00,0.09,0.00,0.00,0.00,0.00,9.15,0.02,0.06,46.19,43.98,0.00,0.00
219,9.32,0.00,0.40,0.05,0.04,0.05,0.00,0.03,0.75,0.00,0.16,0.00,0.00,2.52,0.32,4.16,58.89,23.30,0.00,0.00
220,0.16,0.00,0.40,0.05,0.00,0.01,0.00,0.24,0.31,0.00,0.24,0.03,0.00,76.77,1.40,0.90,5.50,13.98,0.00,0.00
221,0.10,0.00,1.62,2.65,3.79,0.43,1.01,5.41,2.21,12.55,6.61,0.04,0.49,6.30,4.06,0.40,2.99,49.33,0.00,0.00
222,1.06,0.03,0.13,0.02,0.00,0.00,0.00,0.10,0.21,0.00,0.09,0.01,0.00,68.94,1.15,0.77,22.05,5.42,0.00,0.00
223,0.02,0.00,0.43,0.00,0.00,0.00,0.00,0.00,0.01,0.00,0.00,0.00,0.00,0.00,0.00,0.00,1.33,91.44,6.77,0.00
224,2.74,10.15,0.75,0.77,1.44,0.04,0.26,2.70,0.51,1.60,2.39,0.66,0.69,45.18,4.35,0.88,1.71,23.17,0.00,0.00
225,0.28,0.00,0.20,0.00,0.00,0.00,0.00,0.00,0.11,0.00,0.00,0.00,0.00,0.59,0.61,0.32,5.83,92.06,0.00,0.00
226,0.02,0.00,0.11,0.01,0.00,0.00,0.00,0.02,0.15,0.00,0.02,0.00,0.00,51.03,5.41,0.01,39.13,4.09,0.00,0.00
227,0.00,0.00,0.57,0.06,0.01,0.00,0.00,0.08,0.03,0.00,0.58,0.02,0.02,0.00,0.00,0.00,6.14,92.49,0.00,0.00
228,0.11,0.00,0.15,0.00,0.00,0.00,0.00,0.00,0.07,0.00,0.00,0.00,0.02,2.22,0.08,0.00,5.32,91.96,0.00,0.06
229,0.00,0.00,0.00,0.00,0.00,0.00,0.00,0.00,0.00,0.00,0.00,0.09,0.00,0.00,0.00,0.00,14.43,85.47,0.00,0.00
230,0.00,0.00,0.09,0.00,0.00,0.00,0.00,0.00,0.00,0.00,0.00,0.00,0.00,0.00,0.00,0.00,0.00,98.48,1.43,0.00
231,0.10,0.00,0.57,0.07,0.04,0.00,0.00,0.34,0.09,0.00,0.68,0.05,0.00,2.60,0.21,0.15,40.57,54.52,0.00,0.00
232,0.03,0.02,0.18,0.00,0.00,0.00,0.00,0.00,0.02,0.00,0.00,0.00,0.00,0.64,0.66,0.21,16.14,82.09,0.00,0.00
233,0.00,0.00,0.12,0.00,0.00,0.00,0.00,0.00,0.01,0.00,0.00,0.00,0.00,0.00,0.00,0.00,99.40,0.47,0.00,0.00
234,0.23,0.00,0.16,0.00,0.00,0.00,0.00,0.00,0.01,0.00,0.00,0.00,0.01,0.00,0.00,0.00,74.34,25.26,0.00,0.00
235,0.00,0.00,0.00,0.00,0.00,0.00,0.00,0.00,0.02,0.00,0.00,0.00,0.00,0.00,0.00,0.00,5.51,94.47,0.00,0.00
236,0.02,0.00,0.00,0.00,0.00,0.02,0.00,0.00,0.00,0.00,0.00,0.00,0.00,0.01,0.00,0.00,0.11,99.85,0.00,0.00
237,0.89,0.02,0.64,0.27,0.09,0.20,0.09,1.51,2.35,0.00,0.82,0.01,0.00,4.36,1.94,1.71,1.34,82.17,1.59,0.00
238,0.48,0.00,0.18,0.00,0.00,0.00,0.00,0.00,0.01,0.00,0.00,0.00,0.00,0.10,0.01,0.00,58.49,40.72,0.00,0.00
239,0.03,0.00,0.50,0.12,0.01,0.00,0.00,0.16,0.09,0.00,0.15,0.03,0.00,0.25,0.18,0.05,0.65,97.77,0.00,0.00
240,0.36,0.00,0.00,0.00,0.00,0.00,0.00,0.00,0.00,0.00,0.00,0.00,0.00,0.03,1.76,0.17,7.17,90.02,0.49,0.00
241,0.00,0.00,0.52,0.00,0.09,0.00,0.00,0.00,0.07,0.00,0.00,0.13,0.00,0.01,0.02,0.00,0.17,99.00,0.00,0.00
242,0.00,0.00,0.32,0.01,0.01,0.00,0.00,0.00,0.03,0.00,0.00,0.00,0.00,0.00,0.09,0.00,7.38,86.68,5.48,0.00
243,0.00,0.02,0.37,0.00,0.00,0.00,0.00,0.00,0.07,0.00,0.00,0.00,0.00,0.43,0.00,0.01,10.44,88.64,0.00,0.00
244,0.03,0.00,0.00,0.00,0.00,0.00,0.00,0.00,0.00,0.00,0.00,0.00,0.65,0.00,0.00,0.00,2.51,96.81,0.00,0.00
245,0.72,0.00,0.02,0.00,0.00,0.00,0.00,0.00,0.00,0.00,0.00,0.00,0.00,0.01,0.10,0.00,6.42,92.72,0.00,0.00
246,0.63,0.00,0.32,0.03,0.00,0.00,0.00,0.08,0.25,0.00,0.05,0.00,0.00,24.04,0.86,1.18,54.44,18.11,0.00,0.00
247,0.00,0.00,0.48,0.01,0.00,0.01,0.00,0.00,0.02,0.00,0.00,0.08,0.00,0.76,0.40,0.00,0.00,98.25,0.00,0.00
248,0.43,0.00,0.23,0.00,0.00,0.00,0.00,0.00,0.01,0.00,0.00,0.00,0.00,0.00,0.01,0.00,13.35,85.96,0.00,0.00
249,1.45,0.01,0.41,1.15,0.27,0.25,0.52,2.62,1.10,0.03,5.46,0.00,0.00,9.63,0.79,1.77,5.80,68.75,0.00,0.00
250,0.01,0.00,0.71,1.62,0.12,1.58,0.29,4.18,2.14,5.96,1.92,0.08,0.07,0.91,0.80,0.00,0.47,79.14,0.00,0.00
251,0.00,0.00,0.00,0.00,0.00,0.00,0.00,0.00,0.01,0.00,0.00,0.00,0.05,0.00,0.00,0.00,0.18,75.09,24.67,0.00
252,0.01,0.00,0.04,0.04,0.01,0.00,0.00,0.00,0.07,0.00,0.00,0.00,0.00,0.17,0.06,0.00,5.81,93.78,0.00,0.00
253,0.00,0.00,0.31,0.02,0.00,0.00,0.00,0.06,0.05,0.00,0.30,0.00,0.01,0.58,0.07,0.08,0.03,98.49,0.00,0.00
254,0.04,0.00,0.47,0.11,0.02,0.02,0.00,0.30,0.25,0.00,0.06,0.01,0.00,53.66,1.34,0.02,33.12,10.60,0.00,0.00
255,1.09,0.00,0.00,0.04,0.00,0.00,0.00,0.00,0.02,0.00,0.00,0.00,0.00,0.02,0.08,0.00,0.00,98.74,0.00,0.00
256,0.17,0.00,0.31,0.13,0.00,0.02,0.14,0.17,0.38,0.01,0.17,0.00,0.02,54.76,1.25,0.12,39.18,3.17,0.00,0.00
257,0.00,0.00,0.00,0.00,0.00,0.00,0.00,0.00,0.00,0.00,0.00,0.00,0.00,0.01,0.00,0.00,50.97,49.02,0.00,0.00
258,0.00,0.00,0.00,0.00,0.00,0.00,0.00,0.00,0.03,0.00,0.00,0.00,0.00,0.00,0.00,0.00,23.77,76.20,0.00,0.00
259,0.01,0.00,0.27,0.03,0.00,0.00,0.00,0.00,0.01,0.00,0.00,0.00,0.00,0.01,0.01,0.00,0.52,99.15,0.00,0.00
260,4.09,0.00,0.23,0.01,0.03,0.02,0.00,0.00,0.02,0.00,0.00,0.00,0.43,0.00,0.00,0.00,0.01,95.16,0.00,0.00
261,0.94,0.01,0.62,0.06,0.01,0.01,0.00,0.25,0.38,0.00,0.20,0.00,0.00,7.96,1.09,8.38,31.68,48.42,0.00,0.00
262,5.78,0.04,0.97,0.70,0.33,0.13,0.00,0.66,2.56,1.13,1.70,0.00,0.09,5.79,24.05,2.48,2.72,50.88,0.00,0.00
263,0.00,0.00,0.00,0.00,0.00,0.00,0.00,0.00,0.00,0.00,0.00,0.00,0.17,0.00,0.00,0.00,0.00,99.53,0.30,0.00
264,0.00,0.00,0.08,0.00,0.00,0.00,0.00,0.00,0.00,0.00,0.00,0.00,0.00,0.00,0.00,0.00,21.81,78.11,0.00,0.00
265,0.03,0.00,0.14,0.00,0.00,0.00,0.00,0.00,0.01,0.00,0.00,0.00,0.01,0.00,0.00,0.00,19.44,80.37,0.00,0.00
266,0.44,0.03,0.15,0.12,0.05,0.01,0.00,0.34,0.51,0.00,0.31,0.00,0.00,10.56,6.87,1.18,32.68,46.73,0.00,0.00
267,0.02,0.00,0.24,0.00,0.00,0.00,0.00,0.00,0.00,0.00,0.00,0.00,0.00,0.09,0.13,0.00,25.89,65.35,8.28,0.00
268,0.00,0.01,0.19,0.00,0.00,0.00,0.00,0.00,0.01,0.00,0.00,0.00,0.00,0.00,0.00,0.00,2.49,97.29,0.00,0.00
269,0.00,0.00,0.25,0.00,0.00,0.00,0.00,0.00,0.01,0.00,0.00,0.00,0.00,0.00,0.00,0.00,46.85,52.89,0.00,0.00
270,0.00,0.00,0.00,0.00,0.00,0.00,0.00,0.00,0.01,0.00,0.00,0.00,0.00,0.00,0.00,0.00,80.75,19.24,0.00,0.00
271,0.71,0.00,0.64,0.22,0.03,0.15,0.06,0.67,1.51,0.00,0.68,0.00,0.00,13.22,4.34,2.90,57.80,17.08,0.00,0.00
272,0.00,0.00,0.00,0.00,0.00,0.00,0.00,0.00,0.07,0.00,0.00,0.00,0.01,0.00,0.00,0.00,1.08,98.83,0.00,0.00
273,0.00,0.00,0.00,0.00,0.00,0.00,0.00,0.00,0.00,0.00,0.00,0.00,0.00,0.00,0.00,0.00,32.52,62.75,0.00,4.73
274,0.00,0.00,0.01,0.00,0.00,0.00,0.00,0.00,0.00,0.00,0.00,0.00,0.00,0.00,0.01,0.00,0.00,92.91,7.07,0.00
275,0.05,0.01,0.88,0.52,0.04,0.12,0.10,0.98,0.72,1.58,1.22,0.23,0.01,13.10,7.48,0.02,0.04,71.75,1.15,0.00
276,0.00,0.00,0.44,0.01,0.00,0.00,0.00,0.00,0.03,0.00,0.00,0.00,0.00,0.00,0.00,0.00,0.00,98.19,1.33,0.00
277,0.00,0.00,0.32,0.00,0.00,0.00,0.00,0.00,0.00,0.00,0.00,0.00,0.00,0.00,0.00,0.00,0.04,99.64,0.00,0.00
278,2.68,0.07,0.29,0.03,0.00,0.00,0.00,0.03,0.14,0.00,0.02,0.00,0.00,34.12,0.69,0.26,49.73,11.94,0.00,0.00
279,1.11,0.01,0.42,0.44,0.28,1.02,0.84,2.80,0.51,1.94,0.43,0.00,0.00,0.69,0.41,0.00,5.12,83.98,0.00,0.00
280,0.43,0.00,0.20,0.00,0.00,0.00,0.00,0.00,0.12,0.00,0.00,0.00,0.01,84.06,1.30,0.12,11.68,2.09,0.00,0.00
281,0.00,0.00,0.53,0.00,0.00,0.00,0.00,0.00,0.07,0.00,0.00,0.00,0.05,0.80,0.14,0.08,0.16,98.16,0.00,0.00
282,0.00,0.00,0.49,0.01,0.00,0.00,0.00,0.01,0.07,0.00,0.14,0.00,0.00,0.00,0.00,0.00,0.00,97.78,1.51,0.00
283,0.37,0.00,0.53,0.90,0.16,0.08,0.12,1.36,0.55,0.00,2.23,0.05,0.01,0.76,2.75,0.50,6.35,83.26,0.00,0.00
284,1.45,0.07,0.38,0.10,0.01,0.00,0.00,0.26,0.24,0.00,0.08,0.03,0.00,49.76,0.55,0.52,42.77,3.79,0.00,0.00
285,0.02,0.13,0.04,0.00,0.02,0.00,0.00,0.00,0.06,0.00,0.00,0.00,0.00,3.20,0.04,0.07,73.71,22.70,0.00,0.00
286,0.00,0.00,0.00,0.00,0.00,0.00,0.00,0.00,0.00,0.00,0.00,0.00,0.00,0.01,0.00,0.00,0.00,99.34,0.64,0.00
287,0.49,0.00,0.47,0.54,0.08,0.12,0.05,0.87,0.67,0.00,2.49,0.00,0.02,4.33,4.54,1.52,19.02,64.78,0.00,0.00
288,0.01,0.00,0.00,0.00,0.00,0.00,0.00,0.00,0.03,0.00,0.00,0.00,0.00,0.30,0.04,0.09,12.22,87.32,0.00,0.00
289,0.54,0.00,0.71,0.02,0.01,0.00,0.00,0.11,0.33,0.00,0.05,0.03,0.00,43.87,1.04,4.25,42.94,6.11,0.00,0.00
290,0.00,0.00,0.00,0.00,0.00,0.00,0.00,0.00,0.00,0.00,0.00,0.00,0.00,0.00,0.00,0.00,1.14,96.62,2.24,0.00
291,0.02,0.03,0.33,0.20,0.04,0.03,0.00,0.37,0.67,0.00,0.11,0.00,0.00,8.22,2.62,0.86,16.79,69.71,0.00,0.00
292,0.01,0.00,0.00,0.00,0.00,0.00,0.00,0.00,0.01,0.00,0.00,0.00,0.00,0.00,0.02,0.00,0.00,75.60,24.36,0.00
293,0.03,0.00,0.21,0.00,0.02,0.00,0.00,0.00,0.02,0.00,0.00,0.00,0.01,0.10,0.82,0.08,6.39,92.33,0.00,0.00
294,1.69,0.01,1.18,2.74,0.37,0.85,3.57,4.26,0.93,4.32,1.32,0.00,0.00,14.69,1.37,6.94,30.58,25.18,0.00,0.00
295,0.06,0.00,0.14,0.02,0.00,0.00,0.00,0.00,0.19,0.00,0.00,0.00,0.01,0.01,0.01,0.02,3.52,96.02,0.00,0.00
296,0.00,0.00,0.18,0.00,0.00,0.00,0.00,0.00,0.02,0.00,0.00,0.00,0.03,1.03,0.02,0.00,5.45,91.36,1.91,0.00
297,0.00,0.00,0.00,0.00,0.00,0.00,0.00,0.00,0.00,0.00,0.00,0.00,0.00,0.00,0.00,0.00,0.00,99.15,0.84,0.00
298,0.00,0.06,0.18,0.00,0.00,0.00,0.00,0.00,0.10,0.00,0.00,0.00,0.00,0.90,0.19,0.00,0.14,98.43,0.00,0.00
299,0.24,0.00,0.38,0.14,0.16,0.02,0.00,0.29,0.49,0.00,0.36,0.00,0.00,59.27,1.87,0.39,5.91,30.48,0.00,0.00
300,0.00,0.00,0.45,0.00,0.02,0.00,0.00,0.00,0.05,0.00,0.00,0.06,0.05,6.81,0.95,0.00,75.97,15.65,0.00,0.00
301,0.03,0.00,0.66,0.01,0.00,0.00,0.00,0.00,0.03,0.00,0.00,0.00,0.00,0.02,0.03,0.04,0.10,99.07,0.00,0.00
302,0.00,0.00,0.00,0.00,0.00,0.00,0.00,0.00,0.04,0.00,0.00,0.00,0.00,0.00,0.00,0.00,3.60,96.36,0.00,0.00
303,0.05,0.00,0.20,0.03,0.00,0.00,0.00,0.06,0.09,0.00,0.01,0.05,0.01,5.02,1.74,0.06,0.00,92.66,0.00,0.00
304,0.32,0.04,1.60,2.38,0.53,0.85,1.24,4.25,2.34,1.52,3.70,0.62,0.02,9.71,2.55,1.50,8.70,58.09,0.04,0.00
305,0.06,0.01,0.71,0.34,0.10,0.09,0.07,0.41,0.42,0.00,0.06,0.59,0.02,15.16,17.65,0.27,0.02,62.94,1.07,0.00
306,0.00,0.00,0.00,0.00,0.00,0.00,0.00,0.00,0.00,0.00,0.00,0.00,0.00,0.00,0.00,0.00,0.00,100.00,0.00,0.00
307,0.14,0.00,0.39,0.04,0.00,0.00,0.00,0.12,0.05,0.00,0.44,0.00,0.01,16.88,1.70,0.02,71.06,9.14,0.00,0.00
308,0.00,0.00,0.07,0.00,0.00,0.00,0.00,0.00,0.16,0.00,0.00,0.00,0.00,23.46,0.16,0.00,70.26,5.87,0.00,0.00
309,0.69,0.00,0.70,0.25,0.02,0.01,0.04,0.30,0.28,0.00,0.14,0.00,0.00,62.86,2.04,4.33,22.50,5.83,0.00,0.00
310,0.42,0.00,0.35,0.00,0.03,0.00,0.00,0.00,0.02,0.00,0.00,0.00,0.36,0.00,0.00,0.00,5.88,92.94,0.00,0.00
311,0.00,0.00,0.39,0.10,0.19,0.01,0.00,0.45,0.39,0.00,0.29,0.06,0.07,40.58,4.83,0.03,14.12,38.50,0.00,0.00
312,5.44,3.63,1.21,1.84,1.11,0.36,0.60,3.49,1.81,2.40,2.65,0.15,0.00,19.53,7.09,0.21,2.76,45.61,0.10,0.00
313,0.00,0.00,0.32,0.01,0.00,0.00,0.00,0.00,0.27,0.00,0.00,0.00,0.00,0.00,0.00,0.00,3.06,96.34,0.00,0.00
314,0.00,0.00,0.08,0.00,0.00,0.01,0.00,0.00,0.05,0.00,0.00,0.00,0.00,0.01,0.03,0.00,0.08,99.73,0.00,0.00
315,0.00,0.00,0.13,0.00,0.00,0.00,0.00,0.00,0.00,0.00,0.00,0.00,0.00,0.00,0.00,0.00,0.00,99.61,0.26,0.00
316,0.24,0.01,0.00,0.00,0.00,0.00,0.00,0.00,0.00,0.00,0.00,0.00,0.00,0.00,0.01,0.00,16.84,75.27,7.64,0.00
317,0.00,0.00,0.00,0.00,0.00,0.00,0.00,0.00,0.00,0.00,0.00,0.00,0.00,0.00,0.00,0.00,8.48,91.52,0.00,0.00
318,0.00,0.01,0.26,0.02,0.00,0.00,0.00,0.05,0.10,0.00,0.15,0.00,0.00,0.86,1.20,0.07,0.00,97.29,0.00,0.00
319,0.08,0.29,0.22,0.00,0.00,0.00,0.00,0.00,0.08,0.00,0.00,0.00,0.00,1.09,0.05,0.00,0.04,98.14,0.00,0.00
320,0.00,0.00,0.00,0.00,0.00,0.00,0.00,0.02,0.02,0.00,0.06,0.00,0.00,0.00,0.05,0.01,0.98,98.84,0.00,0.00
321,0.00,0.00,0.00,0.00,0.00,0.00,0.00,0.00,0.00,0.00,0.00,0.00,0.00,0.00,0.00,0.00,4.43,95.36,0.00,0.21
322,0.38,0.01,0.28,0.05,0.02,0.00,0.00,0.16,0.23,0.00,0.11,0.00,0.00,54.73,0.41,2.39,38.09,3.12,0.00,0.00
323,0.04,0.00,0.11,0.01,0.36,0.00,0.00,0.00,0.24,0.00,0.00,0.00,0.01,0.02,1.87,0.28,2.49,94.57,0.00,0.00
324,0.00,0.00,0.02,0.01,0.00,0.00,0.00,0.00,0.01,0.00,0.00,0.00,0.00,0.00,0.00,0.00,6.42,93.54,0.00,0.00
325,0.02,0.00,0.00,0.00,0.00,0.00,0.00,0.00,0.03,0.00,0.00,0.00,0.00,3.17,0.08,0.00,59.47,37.24,0.00,0.00
326,0.15,0.04,0.60,0.22,0.03,0.04,0.00,0.57,0.54,0.00,0.25,0.00,0.00,8.85,52.94,2.10,2.45,31.22,0.00,0.00
327,0.00,0.00,0.14,0.04,0.02,0.02,0.00,0.17,0.02,0.00,0.86,0.00,0.03,0.00,0.00,0.00,7.00,91.69,0.00,0.00
328,0.30,0.01,0.47,0.07,0.00,0.00,0.00,0.16,0.48,0.00,0.12,0.00,0.03,2.38,22.89,3.91,1.54,67.64,0.00,0.00
329,0.13,0.04,0.06,0.05,1.13,0.02,0.00,0.02,0.36,0.14,0.31,0.01,0.00,0.63,0.16,0.02,0.71,95.16,1.07,0.00
330,0.03,0.00,0.49,0.03,0.00,0.00,0.00,0.00,0.17,0.00,0.00,0.00,0.00,2.87,0.03,0.00,0.00,96.37,0.00,0.00
331,0.26,0.00,0.20,0.24,0.02,0.14,0.00,0.24,1.36,0.00,0.37,0.00,0.00,0.36,0.30,0.47,3.46,92.57,0.00,0.00
332,0.31,0.03,0.23,0.03,0.01,0.00,0.00,0.00,1.17,0.00,0.00,0.00,0.00,0.97,3.55,0.72,0.00,92.25,0.73,0.00
333,0.04,0.01,0.22,0.00,0.00,0.00,0.00,0.00,0.02,0.00,0.00,0.00,0.00,5.64,0.73,0.01,83.40,9.93,0.00,0.00
334,0.37,0.00,0.21,0.00,0.00,0.00,0.00,0.00,0.01,0.00,0.00,0.00,0.01,0.23,0.13,0.03,24.66,74.34,0.00,0.00
335,0.17,0.88,0.20,0.08,0.09,0.08,0.05,0.11,0.13,0.02,0.26,0.00,2.49,0.08,0.11,0.00,0.00,95.25,0.00,0.00
336,0.00,0.00,0.12,0.00,0.00,0.00,0.00,0.00,0.00,0.00,0.00,0.00,0.00,0.00,0.00,0.00,0.00,98.13,1.75,0.00
337,0.59,0.00,2.19,5.36,1.58,0.60,6.04,4.18,1.29,4.34,0.80,0.03,0.18,54.53,0.45,0.00,11.21,6.62,0.00,0.00
338,0.00,0.00,0.17,0.00,0.00,0.00,0.00,0.00,0.00,0.00,0.00,0.00,0.00,0.00,0.00,0.01,0.57,99.25,0.00,0.00
339,0.00,0.00,0.00,0.00,0.00,0.00,0.00,0.00,0.00,0.00,0.00,0.00,0.00,0.00,0.00,0.00,47.51,52.49,0.00,0.00
340,0.57,0.00,0.43,0.04,0.01,0.00,0.00,0.14,0.36,0.00,0.13,0.00,0.00,3.15,0.24,0.08,11.81,83.03,0.00,0.00
341,0.20,0.00,0.10,0.02,0.02,0.00,0.00,0.00,0.11,0.00,0.00,0.00,2.02,0.00,0.00,0.00,0.00,66.76,30.77,0.00
342,0.57,0.00,0.66,0.19,0.06,0.09,0.00,0.51,0.34,0.00,0.66,0.02,0.00,1.14,0.07,4.40,60.94,30.34,0.00,0.00
343,0.10,0.00,0.30,0.04,0.00,0.00,0.00,0.07,0.16,0.00,0.07,0.03,0.00,2.25,1.69,1.73,39.43,54.13,0.00,0.00
344,0.19,1.57,0.44,0.24,0.02,0.03,0.07,0.64,0.41,0.00,0.99,0.00,0.00,56.23,3.96,1.91,7.28,26.00,0.00,0.00
345,0.09,0.05,0.66,0.14,0.02,0.00,0.00,0.34,0.25,0.00,0.15,0.00,0.00,11.39,29.28,0.67,1.93,55.03,0.00,0.00
346,0.76,0.78,0.12,0.00,0.00,0.00,0.00,0.00,0.10,0.00,0.00,0.00,0.00,0.04,0.33,0.00,0.01,97.86,0.00,0.00
347,0.02,0.00,0.00,0.00,0.00,0.00,0.00,0.00,0.01,0.00,0.00,0.00,0.00,0.00,0.00,0.00,18.13,81.83,0.00,0.00
348,0.00,0.00,0.00,0.00,0.00,0.00,0.00,0.00,0.00,0.00,0.00,0.00,0.00,0.03,0.01,0.04,16.61,83.31,0.00,0.00
349,0.04,0.00,0.08,0.00,0.00,0.00,0.00,0.00,0.07,0.00,0.00,0.00,0.00,1.08,0.37,0.01,3.37,94.97,0.00,0.00
350,0.12,0.00,0.12,0.00,0.00,0.00,0.00,0.00,0.02,0.00,0.00,0.00,0.00,0.00,0.00,0.00,13.57,86.17,0.00,0.00
351,0.00,0.00,0.28,0.03,0.00,0.00,0.00,0.03,0.13,0.00,0.36,0.00,0.00,2.33,6.02,0.21,7.90,82.71,0.00,0.00
352,0.32,0.01,1.53,2.10,0.53,0.29,1.40,5.61,1.55,4.74,2.19,0.14,0.00,5.05,18.51,4.97,16.59,34.49,0.00,0.00
353,0.01,0.00,0.00,0.00,0.00,0.00,0.00,0.00,0.13,0.00,0.00,0.00,0.06,0.02,1.45,0.22,0.98,97.12,0.00,0.00
354,0.01,0.00,0.00,0.00,0.00,0.00,0.00,0.00,0.00,0.00,0.00,0.00,0.00,0.06,0.00,0.00,34.88,65.05,0.00,0.00
355,0.63,0.02,0.72,0.11,0.05,0.18,0.00,0.12,0.72,0.00,0.02,0.00,0.00,44.38,0.47,0.24,45.21,7.15,0.00,0.00
356,0.00,0.00,0.00,0.00,0.00,0.00,0.00,0.00,0.01,0.00,0.00,0.00,0.00,0.00,0.02,0.00,1.04,98.02,0.90,0.00
357,0.17,0.00,0.60,0.50,0.09,0.03,0.00,1.06,1.25,0.00,1.48,0.00,0.24,0.41,0.59,0.47,29.88,63.21,0.00,0.00
358,1.44,0.01,0.33,0.24,0.03,0.13,0.06,0.40,0.70,0.80,0.21,0.00,0.13,4.08,4.74,4.59,48.23,33.89,0.00,0.00
359,0.01,0.00,0.03,0.00,0.00,0.00,0.00,0.00,0.15,0.00,0.00,0.00,0.00,4.30,0.40,1.09,61.09,32.93,0.00,0.00
360,0.14,0.08,0.14,0.03,0.00,0.00,0.00,0.10,0.15,0.00,0.01,0.00,0.00,0.34,12.93,1.11,23.77,60.40,0.78,0.00
361,1.44,0.05,0.00,0.00,0.00,0.00,0.00,0.00,0.00,0.00,0.00,0.00,0.02,0.04,0.11,0.00,0.10,97.46,0.77,0.00
362,0.00,0.00,0.00,0.00,0.00,0.00,0.00,0.00,0.00,0.00,0.00,0.00,0.00,0.00,0.00,0.00,0.00,92.16,7.84,0.00
363,2.20,0.01,0.17,0.27,2.23,0.26,0.16,0.83,0.18,1.63,0.30,0.10,0.04,0.40,0.48,0.05,30.05,60.65,0.00,0.00
364,0.03,0.00,0.07,0.00,0.00,0.00,0.00,0.00,0.00,0.00,0.00,0.00,0.00,0.00,0.00,0.00,0.00,99.90,0.00,0.00
365,0.01,0.00,0.09,0.00,0.00,0.00,0.00,0.00,0.01,0.00,0.05,0.00,0.00,0.00,0.00,0.00,54.37,45.46,0.00,0.00
366,0.67,0.00,0.04,0.01,0.00,0.00,0.00,0.03,0.26,0.00,0.04,0.00,0.00,49.50,0.58,0.20,30.21,18.45,0.00,0.00
367,0.00,0.00,0.01,0.00,0.00,0.00,0.00,0.00,0.02,0.00,0.00,0.00,0.00,0.10,0.01,0.00,8.08,91.79,0.00,0.00
368,0.19,0.00,0.15,0.06,0.05,0.20,0.00,0.01,0.60,0.00,0.17,0.00,1.33,44.91,5.31,0.75,13.89,32.39,0.00,0.00
369,0.09,0.12,0.46,0.07,0.00,0.00,0.00,0.17,0.34,0.00,0.06,0.00,0.03,19.24,33.34,0.58,6.91,38.59,0.00,0.00
370,5.30,0.92,0.22,0.08,0.00,0.03,0.00,0.19,0.20,0.00,0.07,0.00,0.01,47.79,0.62,1.30,19.73,23.54,0.00,0.00
371,0.00,0.00,0.00,0.00,0.02,0.00,0.00,0.00,0.02,0.00,0.00,0.00,0.00,0.00,0.00,0.00,0.07,99.89,0.00,0.00
372,0.51,0.00,0.17,0.03,0.00,0.01,0.00,0.18,0.39,0.00,0.21,0.00,0.00,4.51,1.80,0.57,30.11,61.51,0.00,0.00
373,0.03,0.01,0.05,0.00,0.00,0.00,0.00,0.00,0.04,0.00,0.00,0.00,0.00,1.71,0.62,0.07,93.69,3.78,0.00,0.00
374,0.08,0.00,0.09,0.01,0.00,0.00,0.00,0.03,0.09,0.00,0.15,0.00,0.00,0.01,0.11,0.02,0.02,99.40,0.00,0.00
375,1.65,0.09,0.28,0.08,0.02,0.03,0.00,0.31,0.23,0.00,0.33,0.02,0.00,42.84,0.56,1.44,47.57,4.54,0.00,0.00
376,0.01,0.00,0.07,0.00,0.00,0.00,0.00,0.00,0.00,0.00,0.00,0.00,0.00,0.06,0.47,0.08,5.09,94.21,0.00,0.00
