uniqid_eco4,NWALT02_11_eco4,NWALT02_12_eco4,NWALT02_21_eco4,NWALT02_22_eco4,NWALT02_23_eco4,NWALT02_24_eco4,NWALT02_25_eco4,NWALT02_26_eco4,NWALT02_27_eco4,NWALT02_31_eco4,NWALT02_32_eco4,NWALT02_33_eco4,NWALT02_41_eco4,NWALT02_43_eco4,NWALT02_44_eco4,NWALT02_45_eco4,NWALT02_46_eco4,NWALT02_50_eco4,NWALT02_60_eco4,NWALT02_9999_eco4
1,3.76,0.14,0.56,0.18,0.17,0.08,0.14,0.44,0.33,0.03,0.58,0.03,0.00,11.60,2.42,0.20,4.33,74.57,0.45,0.00
2,0.02,0.00,0.30,0.05,0.01,0.01,0.04,0.08,0.17,0.00,0.02,0.00,0.00,78.91,0.23,0.02,1.18,18.96,0.02,0.00
3,0.07,0.00,0.38,0.05,0.02,0.02,0.05,0.11,0.14,0.01,0.09,0.01,0.00,36.89,1.47,0.46,3.01,57.19,0.04,0.00
4,1.13,0.00,0.14,0.02,0.01,0.01,0.00,0.09,0.17,0.00,0.01,0.00,0.00,34.32,1.71,0.06,3.94,58.38,0.00,0.00
5,4.52,0.15,1.01,0.57,0.55,0.15,0.48,1.21,0.83,0.21,0.65,0.17,0.00,43.25,4.63,0.29,3.33,37.83,0.18,0.00
6,1.32,0.00,0.33,0.21,0.03,0.09,0.23,0.92,0.22,0.00,0.47,0.00,0.00,46.70,0.90,0.24,30.73,17.59,0.00,0.00
7,0.07,0.00,0.17,0.05,0.03,0.01,0.07,0.20,0.25,0.04,0.27,0.04,0.00,20.61,2.39,0.15,8.32,67.15,0.17,0.00
8,0.00,0.00,0.46,0.29,0.03,0.02,0.13,0.36,0.31,0.00,0.04,0.00,0.00,90.32,0.16,0.00,1.23,6.64,0.00,0.00
9,0.01,0.00,0.46,0.08,0.06,0.02,0.00,0.37,0.29,0.00,0.04,0.00,0.00,79.57,0.43,0.00,5.33,13.35,0.00,0.00
10,0.02,0.00,0.26,0.09,0.02,0.01,0.09,0.08,0.21,0.00,0.01,0.01,0.00,69.55,0.20,0.04,11.73,17.68,0.00,0.00
11,1.26,0.01,0.07,0.00,0.00,0.06,0.00,0.00,0.02,0.00,0.08,0.00,0.00,0.80,0.17,0.16,1.55,95.85,0.00,0.00
12,4.45,0.00,0.58,0.38,0.29,0.10,0.15,0.23,0.18,0.01,0.29,0.01,0.00,8.28,0.26,0.06,63.66,20.87,0.20,0.00
13,3.14,0.03,0.69,0.25,0.06,0.03,0.05,0.39,0.69,0.00,0.54,0.01,0.02,1.54,6.56,0.26,13.41,72.11,0.22,0.00
14,0.00,0.00,0.14,0.00,0.00,0.00,0.00,0.00,0.04,0.00,0.00,0.00,0.00,4.64,1.11,0.17,13.63,80.26,0.00,0.00
15,0.25,0.03,0.16,0.01,0.00,0.00,0.00,0.03,0.06,0.00,0.09,0.00,0.00,0.28,0.74,1.35,0.85,95.22,0.94,0.00
16,0.02,0.06,0.12,0.00,0.00,0.00,0.00,0.00,0.01,0.00,0.00,0.00,0.00,0.06,0.12,0.09,0.06,97.90,1.58,0.00
17,0.02,0.00,0.18,0.00,0.00,0.00,0.00,0.00,0.04,0.00,0.00,0.00,0.00,1.50,0.07,0.06,3.76,92.97,1.39,0.00
18,0.20,0.02,0.14,0.00,0.00,0.00,0.00,0.00,0.01,0.00,0.04,0.00,0.00,0.01,0.02,0.22,0.80,93.00,5.52,0.00
19,0.36,0.00,0.05,0.00,0.00,0.00,0.00,0.00,0.02,0.00,0.00,0.00,0.00,0.27,0.01,0.12,2.08,83.79,13.30,0.00
20,0.09,0.00,0.06,0.00,0.00,0.08,0.00,0.00,0.02,0.00,0.00,0.00,0.00,0.31,0.10,0.20,2.83,83.58,12.71,0.00
21,0.82,0.00,0.12,0.01,0.00,0.03,0.00,0.01,0.03,0.00,0.00,0.00,0.00,1.17,0.13,0.09,33.43,51.64,12.52,0.00
22,0.01,0.02,0.03,0.00,0.00,0.00,0.00,0.00,0.01,0.00,0.00,0.00,0.00,0.00,0.00,0.07,0.02,99.45,0.38,0.00
23,0.58,0.02,0.14,0.00,0.00,0.00,0.00,0.00,0.03,0.00,0.02,0.00,0.00,1.54,1.02,0.70,5.03,90.53,0.37,0.00
24,0.22,0.02,0.59,0.21,0.11,0.05,0.17,0.52,0.29,0.01,0.25,0.04,0.00,39.98,1.08,2.41,27.52,24.28,2.25,0.00
25,0.04,0.02,0.03,0.00,0.00,0.00,0.00,0.00,0.02,0.00,0.01,0.00,0.00,0.11,0.03,0.00,0.23,81.53,17.97,0.00
26,0.32,0.00,0.00,0.00,0.00,0.00,0.00,0.00,0.00,0.00,0.00,0.00,0.00,0.00,0.00,0.00,0.28,30.11,69.28,0.00
27,0.55,0.02,0.71,0.30,0.15,0.16,0.27,0.96,0.80,0.07,2.19,0.11,0.02,14.06,0.38,1.49,1.27,73.54,2.95,0.00
28,0.72,0.88,0.42,0.01,0.00,0.01,0.00,0.05,0.06,0.00,0.33,0.00,0.00,0.06,0.58,9.13,1.25,86.51,0.00,0.00
29,2.62,0.19,1.11,1.75,0.58,0.46,2.11,3.43,1.26,0.10,0.30,0.01,0.00,55.63,11.93,0.93,7.64,9.87,0.07,0.00
30,0.00,0.01,0.14,0.01,0.00,0.00,0.00,0.00,0.02,0.00,0.00,0.00,0.00,2.28,0.08,0.02,0.65,90.10,6.70,0.00
31,0.94,0.61,0.72,0.18,0.01,0.08,0.03,0.39,0.34,0.00,0.35,0.00,0.00,6.84,5.83,11.49,44.01,28.15,0.02,0.00
32,0.44,0.86,0.21,0.07,0.00,0.02,0.00,0.12,0.40,0.00,0.05,0.00,0.00,63.31,2.18,1.33,9.01,21.98,0.00,0.00
33,6.83,2.95,1.14,1.02,0.32,0.18,0.76,1.58,1.21,0.28,0.18,0.02,0.01,67.51,6.21,0.19,1.03,8.59,0.01,0.00
34,0.58,0.02,0.18,0.02,0.00,0.00,0.00,0.03,0.04,0.00,0.03,0.00,0.00,2.88,1.52,0.71,19.09,74.91,0.00,0.00
35,0.41,0.05,0.21,0.02,0.12,0.01,0.02,0.02,0.13,0.00,0.01,0.01,0.00,14.96,2.16,0.20,18.00,63.61,0.07,0.00
36,0.41,0.01,0.30,0.10,0.28,0.04,0.05,0.13,0.17,0.05,0.23,0.03,0.00,7.95,3.04,0.74,51.73,34.62,0.14,0.00
37,1.01,0.02,0.78,0.58,0.21,0.10,0.48,0.62,0.96,0.00,0.16,0.04,0.00,66.39,17.18,0.42,5.66,5.38,0.01,0.00
38,0.61,0.02,0.26,0.02,0.01,0.03,0.01,0.07,0.12,0.10,0.19,0.00,0.00,6.24,2.64,0.52,47.02,42.07,0.04,0.00
39,22.04,0.08,0.14,0.02,0.03,0.01,0.00,0.01,0.01,0.00,0.00,0.02,0.11,0.03,0.37,0.01,0.07,77.04,0.00,0.00
40,0.90,0.09,0.77,0.90,0.28,0.49,0.94,1.68,0.77,0.78,1.83,0.02,0.03,1.07,3.33,1.22,6.61,78.28,0.00,0.00
41,0.03,0.78,1.06,0.05,0.03,0.00,0.04,0.06,0.26,0.00,0.02,0.01,0.00,1.35,6.81,18.63,35.56,35.33,0.00,0.00
42,0.27,0.07,0.79,0.08,0.00,1.44,0.07,0.37,0.09,0.01,0.05,0.02,0.03,2.66,2.98,0.01,1.75,87.41,1.91,0.00
43,22.80,0.02,0.41,0.02,0.00,0.04,0.00,0.00,0.01,0.00,0.00,0.00,0.02,0.02,0.23,0.00,1.15,70.71,4.57,0.00
44,0.06,0.05,0.48,0.00,0.00,0.12,0.00,0.00,0.02,0.00,0.00,0.00,0.00,0.15,0.56,0.02,5.57,92.95,0.00,0.00
45,0.18,0.04,0.19,0.05,0.05,0.01,0.00,0.04,0.05,0.00,0.04,0.02,0.01,0.68,2.41,0.08,11.82,84.33,0.00,0.00
46,0.86,0.01,0.30,0.09,0.05,0.02,0.08,0.30,0.12,0.01,0.23,0.01,0.11,1.66,5.32,0.32,11.17,79.35,0.00,0.00
47,0.01,0.00,0.07,0.01,0.00,0.00,0.00,0.01,0.02,0.00,0.03,0.00,0.09,0.01,0.15,0.02,0.52,98.50,0.55,0.00
48,0.00,0.00,0.00,0.00,0.00,0.00,0.00,0.00,0.00,0.00,0.00,0.00,0.00,0.00,0.00,0.00,0.59,72.67,26.74,0.00
49,9.84,0.41,3.93,7.97,3.58,2.79,12.89,14.51,1.51,3.12,1.51,0.14,0.06,10.24,19.92,0.40,0.95,6.20,0.02,0.00
50,15.24,6.84,0.09,0.01,0.02,0.00,0.00,0.00,0.03,0.01,0.06,0.04,0.06,1.18,4.70,0.19,0.12,71.39,0.00,0.00
51,7.17,0.05,0.09,0.00,0.05,0.00,0.00,0.00,0.02,0.00,0.00,0.03,0.06,0.13,0.44,0.01,0.41,91.43,0.11,0.00
52,0.69,1.02,0.85,0.55,0.20,0.11,0.29,2.08,0.80,0.16,0.22,0.08,0.00,45.00,25.10,1.77,5.79,15.19,0.12,0.00
53,0.88,0.05,0.26,0.04,0.04,0.02,0.03,0.12,0.16,0.00,0.27,0.03,0.12,1.77,1.47,0.06,1.98,86.83,5.87,0.00
54,0.06,0.01,0.02,0.00,0.00,0.00,0.00,0.00,0.01,0.00,0.00,0.00,0.35,0.08,0.25,0.08,11.92,86.26,0.97,0.00
55,0.00,0.00,0.00,0.00,0.00,0.00,0.00,0.00,0.00,0.00,0.00,0.00,0.24,0.00,0.00,0.00,1.67,92.01,6.07,0.00
56,0.17,0.22,0.17,0.05,0.01,0.02,0.02,0.25,0.10,0.00,0.65,0.01,0.38,0.23,2.39,0.58,11.71,83.05,0.00,0.00
57,0.01,0.49,0.11,0.00,0.00,0.00,0.00,0.00,0.02,0.00,0.00,0.00,0.00,0.00,3.99,0.65,1.61,67.35,25.77,0.00
58,0.32,0.00,0.00,0.00,0.00,0.00,0.00,0.00,0.01,0.00,0.00,0.00,0.00,0.00,0.00,0.00,0.18,34.89,64.61,0.00
59,0.01,0.11,0.22,0.01,0.00,0.00,0.01,0.01,0.03,0.00,0.02,0.01,0.01,0.10,1.47,0.08,2.66,95.08,0.17,0.00
60,0.00,0.00,0.06,0.00,0.00,0.00,0.00,0.00,0.01,0.00,0.00,0.00,0.13,0.00,0.01,0.00,0.75,94.53,4.50,0.00
61,0.01,0.01,0.10,0.00,0.00,0.00,0.00,0.00,0.01,0.00,0.00,0.00,0.04,0.01,0.33,0.04,4.64,94.71,0.10,0.00
62,0.00,0.00,0.01,0.00,0.00,0.00,0.00,0.00,0.01,0.00,0.00,0.00,0.00,0.00,0.00,0.00,0.85,96.24,2.88,0.00
63,0.00,0.00,0.01,0.00,0.00,0.00,0.00,0.00,0.00,0.00,0.00,0.00,0.00,0.00,0.00,0.00,0.33,76.20,23.46,0.00
64,0.02,0.00,0.19,0.00,0.02,0.00,0.00,0.01,0.03,0.00,0.02,0.03,0.09,0.22,0.34,0.02,0.97,97.04,1.01,0.00
65,0.00,0.00,0.05,0.00,0.00,0.00,0.00,0.00,0.00,0.00,0.00,0.00,0.02,0.00,0.00,0.00,1.05,87.12,11.76,0.00
66,0.00,0.00,0.02,0.00,0.00,0.00,0.00,0.00,0.00,0.00,0.00,0.00,0.00,0.00,0.00,0.00,0.75,99.23,0.00,0.00
67,0.01,0.00,0.12,0.00,0.00,0.00,0.00,0.00,0.03,0.00,0.00,0.00,0.00,0.00,0.02,0.01,1.78,88.70,9.31,0.00
68,0.02,0.00,0.00,0.00,0.00,0.00,0.00,0.00,0.01,0.00,0.00,0.00,0.03,0.00,0.00,0.00,0.69,60.12,39.13,0.00
69,0.03,0.12,0.26,0.04,0.01,0.01,0.01,0.07,0.15,0.00,0.09,0.05,0.05,1.54,4.00,1.09,12.79,79.51,0.17,0.00
70,0.01,0.01,0.41,0.46,0.17,0.19,0.81,0.62,0.25,0.15,1.38,0.01,0.09,0.08,0.05,0.00,3.45,74.04,17.83,0.00
71,0.03,0.00,0.06,0.01,0.00,0.01,0.00,0.01,0.02,0.00,0.19,0.00,0.03,0.00,0.02,0.00,1.69,61.06,36.86,0.00
72,0.00,0.00,0.01,0.00,0.00,0.00,0.00,0.00,0.01,0.00,0.00,0.00,0.00,0.00,0.00,0.00,0.14,65.87,33.96,0.00
73,0.00,0.00,0.00,0.00,0.00,0.00,0.00,0.00,0.00,0.00,0.00,0.00,0.00,0.00,0.00,0.00,0.00,40.94,59.06,0.00
74,8.18,0.41,0.33,0.21,0.03,0.17,0.18,0.72,0.16,0.03,1.58,0.01,0.07,0.91,0.59,0.04,0.19,75.41,10.78,0.00
75,2.14,0.00,0.11,0.01,0.06,0.01,0.00,0.17,0.06,0.00,0.66,0.00,1.06,0.11,0.04,0.00,0.02,86.00,9.52,0.00
76,0.02,0.01,0.21,0.11,0.01,0.03,0.00,0.55,0.27,0.00,0.98,0.01,0.06,0.24,0.13,0.00,0.05,77.69,19.62,0.00
77,0.00,0.00,0.23,0.01,0.00,0.00,0.00,0.01,0.01,0.00,0.01,0.00,0.01,0.05,0.02,0.00,0.00,45.33,54.31,0.00
78,0.00,0.00,0.08,0.00,0.00,0.08,0.00,0.00,0.00,0.00,0.00,0.00,0.00,0.00,0.00,0.00,0.00,0.25,99.58,0.00
79,0.12,0.00,0.53,0.41,0.27,0.12,0.48,1.56,0.47,1.08,2.32,0.06,0.15,0.80,1.23,0.53,3.00,78.01,8.86,0.00
80,0.00,0.00,0.06,0.00,0.03,0.01,0.00,0.02,0.03,0.03,0.14,0.02,0.04,0.00,0.00,0.01,0.33,57.34,41.95,0.00
81,0.00,0.00,0.00,0.00,0.00,0.00,0.00,0.00,0.00,0.00,0.00,0.00,0.00,0.00,0.00,0.00,0.26,21.03,78.71,0.00
82,0.00,0.00,0.00,0.00,0.00,0.00,0.00,0.00,0.00,0.00,0.00,0.00,0.00,0.00,0.00,0.00,0.00,0.00,100.00,0.00
83,0.00,0.00,0.22,0.00,0.00,0.00,0.00,0.00,0.01,0.00,0.00,0.00,0.09,0.00,0.00,0.00,0.00,71.36,28.33,0.00
84,0.00,0.00,0.06,0.00,0.00,0.01,0.00,0.00,0.00,0.00,0.00,0.00,0.00,0.00,0.01,0.00,0.02,27.50,72.40,0.00
85,0.62,0.01,0.00,0.00,0.00,0.00,0.00,0.00,0.00,0.00,0.00,0.00,0.00,0.00,0.00,0.00,0.31,51.97,47.09,0.00
86,0.49,0.06,0.44,0.02,0.00,0.00,0.01,0.03,0.03,0.00,0.30,0.01,0.00,0.09,0.44,0.55,1.46,95.91,0.16,0.00
87,1.53,0.04,0.39,0.17,0.01,0.00,0.07,0.06,0.32,0.00,0.03,0.00,0.00,7.50,26.36,4.15,45.75,13.61,0.00,0.00
88,20.25,0.36,0.74,0.54,0.14,0.16,0.18,1.31,0.86,0.01,2.22,0.01,0.00,19.45,23.65,2.68,13.71,13.73,0.00,0.00
89,1.39,0.03,1.07,0.40,0.01,0.00,0.00,0.90,0.57,0.00,1.18,0.00,0.00,3.64,6.95,0.25,6.61,77.01,0.00,0.00
90,0.50,0.02,0.19,0.01,0.00,0.00,0.00,0.01,0.05,0.00,0.49,0.00,0.00,0.28,1.06,0.71,45.75,50.92,0.00,0.00
91,0.03,0.00,0.16,0.04,0.01,0.00,0.00,0.13,0.33,0.00,0.14,0.00,0.00,60.71,0.07,0.01,6.59,31.78,0.00,0.00
92,0.41,0.01,0.10,0.01,0.00,0.00,0.01,0.00,0.03,0.00,0.00,0.00,0.00,0.15,0.12,0.80,9.72,88.63,0.00,0.01
93,0.48,0.00,0.00,0.00,0.00,0.00,0.00,0.00,0.00,0.00,0.00,0.00,0.00,0.00,0.01,0.00,0.37,80.56,18.57,0.00
94,0.05,0.00,0.00,0.01,0.00,0.00,0.00,0.01,0.01,0.00,0.04,0.00,0.00,0.00,0.01,0.00,0.02,99.52,0.33,0.00
95,2.67,0.01,0.60,0.11,0.03,0.01,0.05,0.22,0.26,0.02,0.37,0.00,0.01,9.46,0.07,0.28,15.97,69.85,0.00,0.00
96,1.34,0.03,0.18,0.03,0.01,0.00,0.00,0.07,0.05,0.00,0.24,0.00,0.00,0.06,0.24,0.27,0.36,97.07,0.06,0.00
97,1.34,0.05,0.15,0.03,0.01,0.00,0.01,0.07,0.09,0.00,0.29,0.00,0.00,0.09,0.30,0.22,0.81,96.25,0.27,0.01
98,3.23,0.12,0.75,0.26,0.11,0.01,0.00,0.41,0.62,0.00,0.75,0.05,0.00,30.90,0.13,0.63,3.43,58.55,0.03,0.04
99,0.01,0.01,0.00,0.02,0.01,0.00,0.00,0.07,0.11,0.00,0.05,0.00,0.00,3.45,0.01,0.42,3.66,92.18,0.00,0.00
100,0.40,0.07,0.24,0.05,0.02,0.01,0.04,0.07,0.07,0.02,0.36,0.01,0.10,0.00,0.10,0.05,0.16,98.04,0.19,0.00
101,0.32,0.01,0.04,0.01,0.00,0.00,0.00,0.01,0.02,0.00,0.01,0.00,0.00,0.00,0.01,0.05,0.07,96.49,2.95,0.00
102,0.68,0.02,0.18,0.02,0.00,0.00,0.00,0.02,0.06,0.00,0.09,0.00,0.01,0.03,0.08,0.02,0.03,93.20,5.53,0.02
103,3.10,0.05,0.33,0.06,0.01,0.01,0.01,0.09,0.14,0.00,0.19,0.00,0.02,1.33,1.19,1.28,5.44,86.74,0.00,0.00
104,1.88,0.03,1.28,2.71,0.95,0.80,4.23,6.38,1.62,2.06,5.35,0.17,0.01,10.06,1.45,2.09,6.25,52.66,0.02,0.00
105,5.00,0.20,0.49,0.12,0.10,0.03,0.04,0.28,0.51,0.00,0.99,0.01,0.00,1.04,3.61,0.36,0.27,86.63,0.32,0.00
106,14.06,0.23,0.50,0.18,0.05,0.01,0.06,0.22,0.27,0.00,1.36,0.01,0.01,0.87,0.96,1.53,1.66,77.57,0.42,0.00
107,4.18,0.03,0.23,0.04,0.02,0.04,0.02,0.32,0.22,0.07,1.22,0.06,0.00,5.81,0.11,0.32,2.17,85.06,0.07,0.00
108,0.98,0.06,0.00,0.00,0.00,0.03,0.00,0.03,0.11,0.00,0.21,0.00,0.04,0.01,0.05,0.41,0.93,97.12,0.00,0.00
109,0.04,0.01,0.12,0.00,0.00,0.00,0.00,0.00,0.01,0.00,0.00,0.00,0.00,0.00,0.02,0.05,1.33,98.19,0.20,0.02
110,0.57,0.01,0.06,0.01,0.00,0.00,0.00,0.01,0.02,0.00,0.02,0.00,0.00,0.03,0.05,0.06,0.10,94.58,4.47,0.01
111,0.09,0.04,0.07,0.00,0.00,0.00,0.00,0.00,0.01,0.00,0.00,0.00,0.00,0.19,0.17,0.01,2.01,88.88,8.54,0.00
112,0.06,0.01,0.06,0.01,0.00,0.00,0.00,0.00,0.00,0.00,0.00,0.00,0.00,0.00,0.00,0.00,0.00,45.99,53.86,0.00
113,0.22,0.00,0.29,0.00,0.00,0.00,0.00,0.00,0.01,0.00,0.00,0.00,0.00,0.00,0.00,0.00,0.05,51.24,48.18,0.00
114,0.05,0.15,0.04,0.06,0.00,0.08,0.03,0.12,0.05,0.00,0.44,0.00,0.00,0.03,0.11,0.02,12.50,86.10,0.21,0.00
115,0.31,0.00,0.00,0.00,0.00,0.00,0.00,0.00,0.00,0.00,0.14,0.00,0.00,0.00,0.01,0.00,0.00,25.84,73.69,0.00
116,0.53,0.10,0.06,0.02,0.00,0.01,0.00,0.06,0.05,0.00,0.15,0.01,0.00,0.48,0.81,0.50,36.05,61.11,0.07,0.00
117,9.09,1.53,0.34,0.17,0.03,0.11,0.00,0.30,0.25,0.00,0.87,0.01,0.00,2.71,6.38,3.50,8.39,57.42,8.89,0.00
118,0.77,0.00,0.00,0.00,0.00,0.00,0.00,0.00,0.00,0.00,0.00,0.00,0.00,0.00,0.00,0.00,3.50,51.87,43.85,0.00
119,0.03,0.01,0.03,0.00,0.00,0.00,0.00,0.00,0.01,0.00,0.00,0.00,0.00,0.18,0.05,0.00,0.49,68.73,30.48,0.00
120,0.24,0.01,0.05,0.01,0.00,0.00,0.00,0.00,0.02,0.00,0.02,0.00,0.00,0.00,0.10,0.07,1.70,50.05,47.73,0.00
121,0.19,0.07,0.03,0.00,0.00,0.00,0.00,0.00,0.01,0.00,0.01,0.00,0.01,0.01,0.03,0.01,2.44,71.32,25.88,0.00
122,0.18,0.33,0.43,0.17,0.10,0.08,0.09,0.40,0.12,0.16,0.43,0.02,0.05,1.15,0.72,4.92,25.58,64.26,0.82,0.00
123,0.42,0.35,0.54,0.12,0.12,0.03,0.09,0.16,0.25,0.01,0.17,0.02,0.09,5.40,11.06,2.38,40.39,38.20,0.20,0.00
124,0.07,0.10,0.11,0.00,0.00,0.00,0.00,0.00,0.02,0.00,0.02,0.00,0.02,0.14,0.92,0.37,44.21,53.73,0.28,0.00
125,0.12,0.09,0.23,0.01,0.00,0.00,0.00,0.01,0.06,0.00,0.09,0.00,0.00,0.08,5.51,4.45,63.64,25.72,0.00,0.00
126,0.00,0.00,0.00,0.00,0.00,0.00,0.00,0.00,0.00,0.00,0.00,0.00,0.00,0.00,0.01,0.01,17.11,81.39,1.47,0.00
127,0.10,0.03,0.00,0.00,0.00,0.00,0.00,0.00,0.00,0.00,0.00,0.00,0.00,0.00,0.01,0.02,8.36,91.47,0.00,0.00
128,8.06,4.19,0.00,0.00,0.00,0.01,0.00,0.00,0.04,0.00,0.00,0.00,0.00,0.00,0.16,0.24,32.20,40.40,14.70,0.00
129,0.14,0.01,0.03,0.00,0.00,0.00,0.00,0.00,0.01,0.00,0.00,0.00,0.00,0.00,0.56,0.14,5.84,88.43,4.84,0.00
130,0.06,0.01,0.04,0.00,0.00,0.00,0.00,0.00,0.01,0.00,0.00,0.00,0.00,0.00,0.31,0.22,21.74,77.30,0.31,0.00
131,0.13,0.02,0.20,0.00,0.00,0.00,0.00,0.00,0.01,0.00,0.00,0.00,0.03,0.02,0.13,0.04,7.61,90.73,1.07,0.00
132,0.02,0.02,0.26,0.01,0.00,0.00,0.00,0.01,0.04,0.00,0.55,0.00,0.01,0.07,0.18,0.11,13.41,85.25,0.06,0.00
133,0.37,0.68,1.03,0.16,0.10,0.04,0.08,0.13,0.29,0.00,0.15,0.07,0.41,5.18,11.28,3.43,41.28,35.33,0.01,0.00
134,0.01,0.03,0.07,0.00,0.00,0.00,0.00,0.00,0.00,0.00,0.00,0.00,0.00,0.03,0.29,0.02,7.15,92.38,0.00,0.00
135,0.96,0.02,0.10,0.02,0.00,0.01,0.00,0.00,0.02,0.00,0.00,0.00,0.01,0.06,0.13,0.01,2.66,89.36,6.62,0.00
136,0.05,0.02,0.02,0.00,0.00,0.00,0.00,0.00,0.00,0.00,0.00,0.00,0.00,0.00,0.00,0.00,0.75,22.96,76.20,0.00
137,0.06,0.05,0.05,0.00,0.00,0.00,0.00,0.00,0.00,0.00,0.00,0.00,0.00,0.00,0.01,0.00,4.50,66.32,29.01,0.00
138,0.12,0.01,0.35,0.04,0.02,0.03,0.01,0.12,0.09,0.08,0.42,0.00,0.03,0.01,0.37,0.98,3.83,90.47,3.02,0.00
139,0.14,0.01,0.36,0.04,0.03,0.00,0.03,0.11,0.04,0.01,0.37,0.00,0.28,0.00,0.01,0.66,1.61,95.68,0.63,0.00
140,0.43,0.01,0.00,0.00,0.00,0.00,0.00,0.00,0.00,0.00,0.00,0.00,0.00,0.01,0.05,0.00,4.49,91.46,3.55,0.00
141,0.01,0.03,0.01,0.00,0.00,0.00,0.00,0.00,0.00,0.00,0.00,0.00,0.00,0.00,0.01,0.01,17.32,80.36,2.25,0.00
142,0.05,0.00,0.00,0.00,0.00,0.00,0.00,0.00,0.00,0.00,0.00,0.00,0.00,0.00,0.04,0.00,4.57,95.33,0.00,0.00
143,0.18,0.30,0.07,0.00,0.00,0.01,0.00,0.00,0.04,0.00,0.02,0.00,0.00,0.00,0.10,0.06,5.52,77.48,16.20,0.00
144,0.75,0.00,0.01,0.00,0.00,0.00,0.00,0.00,0.00,0.00,0.00,0.00,0.00,0.00,0.00,0.00,2.58,31.36,65.29,0.00
145,0.16,0.37,0.09,0.00,0.00,0.00,0.00,0.01,0.01,0.00,0.02,0.00,0.00,0.01,0.10,0.01,3.97,47.99,47.26,0.00
146,6.29,0.47,0.19,0.01,0.00,0.00,0.00,0.02,0.03,0.00,0.04,0.01,0.00,0.04,0.02,0.03,0.39,31.37,61.08,0.00
147,1.53,0.06,0.11,0.00,0.00,0.00,0.00,0.00,0.00,0.00,0.06,0.00,0.00,0.00,0.02,0.00,2.43,62.51,33.28,0.00
148,0.36,0.01,0.08,0.00,0.00,0.00,0.00,0.00,0.00,0.00,0.00,0.00,0.01,0.00,0.01,0.01,0.94,48.07,50.50,0.00
149,0.11,0.02,0.10,0.00,0.00,0.00,0.00,0.00,0.01,0.00,0.18,0.00,0.05,0.00,0.03,0.02,12.19,84.89,2.39,0.00
150,5.45,4.88,0.35,0.09,0.01,0.15,0.07,0.31,0.33,0.05,0.75,0.00,0.00,2.30,5.23,1.83,13.85,38.64,25.69,0.00
151,0.97,0.11,0.06,0.00,0.00,0.00,0.00,0.00,0.01,0.00,0.00,0.00,0.00,0.24,0.12,0.18,9.83,88.34,0.14,0.00
152,1.11,1.52,0.56,0.01,0.00,0.00,0.00,0.00,0.11,0.00,0.00,0.00,0.00,3.67,13.11,10.68,31.30,37.94,0.00,0.00
153,0.02,0.00,0.11,0.00,0.00,0.00,0.00,0.00,0.02,0.00,0.07,0.00,0.01,0.01,0.17,0.02,7.57,91.46,0.54,0.00
154,0.05,0.00,0.07,0.00,0.00,0.00,0.00,0.00,0.01,0.00,0.00,0.00,0.11,0.00,0.20,0.02,14.25,85.27,0.00,0.00
155,0.61,2.00,1.40,1.20,0.26,0.23,0.98,1.70,1.44,0.57,2.38,0.03,0.01,5.07,18.45,6.77,17.50,39.38,0.02,0.00
156,0.00,0.05,0.00,0.00,0.00,0.00,0.00,0.00,0.02,0.00,0.00,0.00,0.00,0.07,2.15,0.08,15.63,81.82,0.18,0.00
157,1.73,0.73,0.35,0.01,0.00,0.00,0.00,0.01,0.19,0.00,0.09,0.00,0.00,6.50,15.03,0.68,54.45,20.22,0.00,0.00
158,0.08,0.00,0.07,0.01,0.00,0.00,0.00,0.00,0.05,0.00,0.00,0.00,0.00,0.08,0.07,0.08,11.32,81.38,6.88,0.00
159,2.60,0.13,0.75,0.43,0.16,0.09,0.23,0.81,0.69,0.01,1.34,0.02,0.03,9.36,13.89,1.32,50.89,17.24,0.00,0.00
160,0.26,0.07,0.08,0.01,0.00,0.00,0.01,0.03,0.02,0.01,0.51,0.00,0.00,0.19,0.39,0.25,1.54,85.67,10.95,0.00
161,0.13,0.01,0.04,0.00,0.03,0.00,0.00,0.00,0.01,0.00,0.00,0.00,0.01,0.03,0.44,0.20,47.68,51.41,0.00,0.00
162,0.19,0.00,0.00,0.00,0.00,0.00,0.00,0.00,0.00,0.00,0.00,0.00,0.00,0.00,0.01,0.00,3.68,96.12,0.00,0.00
163,0.64,0.36,0.19,0.03,0.04,0.01,0.02,0.04,0.04,0.00,0.06,0.01,0.05,0.22,1.61,0.18,13.80,82.69,0.03,0.00
164,0.47,0.19,0.19,0.02,0.01,0.02,0.01,0.07,0.07,0.00,0.06,0.02,0.00,1.22,3.30,0.29,44.76,49.07,0.23,0.00
165,4.67,3.49,0.42,0.09,0.02,0.02,0.06,0.26,0.21,0.01,0.06,0.06,0.00,0.59,23.96,2.52,4.06,59.52,0.01,0.00
166,0.22,0.30,0.11,0.01,0.01,0.00,0.01,0.03,0.02,0.00,0.02,0.00,0.01,0.02,0.91,0.16,15.50,82.44,0.24,0.00
167,0.35,0.09,0.21,0.02,0.04,0.00,0.00,0.05,0.03,0.00,0.05,0.01,0.43,0.04,0.26,0.04,7.65,90.75,0.00,0.00
168,1.42,1.09,0.38,0.11,0.03,0.02,0.13,0.13,0.11,0.02,0.37,0.05,0.01,0.01,3.64,1.61,14.50,76.38,0.00,0.00
169,1.04,0.46,0.27,0.04,0.01,0.01,0.03,0.08,0.11,0.00,0.08,0.03,0.01,4.00,3.68,0.19,60.48,29.47,0.00,0.00
170,0.85,0.00,0.00,0.00,0.00,0.00,0.00,0.00,0.00,0.00,0.02,0.00,0.00,0.00,0.00,0.00,0.25,29.47,69.40,0.00
171,0.88,0.00,0.00,0.00,0.00,0.00,0.00,0.00,0.01,0.00,0.00,0.00,0.00,0.00,0.00,0.00,0.26,52.78,46.07,0.00
172,0.32,0.01,0.06,0.03,0.00,0.00,0.00,0.00,0.04,0.00,0.03,0.00,0.00,0.00,0.04,0.00,0.06,97.33,2.06,0.00
173,0.22,0.00,0.07,0.01,0.00,0.00,0.00,0.02,0.03,0.00,0.52,0.00,0.02,0.00,0.01,0.00,1.05,94.84,3.20,0.00
174,0.38,0.00,0.03,0.01,0.00,0.00,0.00,0.01,0.06,0.00,0.06,0.00,0.00,0.00,0.00,0.00,0.90,95.48,3.08,0.00
175,0.34,0.02,0.26,0.02,0.00,0.02,0.01,0.09,0.07,0.18,0.41,0.00,0.01,0.16,0.82,0.17,0.85,94.27,2.31,0.00
176,2.95,0.01,0.80,0.26,0.03,0.09,0.01,0.97,0.49,0.00,1.70,0.01,0.02,3.98,13.02,1.41,0.51,73.61,0.14,0.00
177,5.07,2.50,1.82,1.10,0.58,0.50,1.24,4.70,1.50,0.26,10.04,0.26,0.06,1.28,9.85,2.27,1.14,53.36,2.46,0.00
178,1.36,0.72,0.50,0.12,0.05,0.05,0.06,0.53,0.65,0.03,2.65,0.03,0.11,0.11,1.18,0.26,0.13,87.52,3.94,0.00
179,0.76,0.06,0.07,0.01,0.00,0.00,0.00,0.03,0.09,0.00,0.17,0.00,0.01,0.00,0.17,0.01,0.02,57.50,41.10,0.00
180,0.57,0.08,0.16,0.02,0.01,0.04,0.02,0.12,0.49,0.25,0.73,0.00,0.02,0.08,0.49,0.08,0.06,92.55,4.21,0.00
181,1.18,0.61,0.26,0.04,0.01,0.02,0.00,0.38,0.40,0.00,0.55,0.00,0.05,0.05,1.33,0.20,0.06,94.86,0.00,0.00
182,0.56,0.33,0.32,0.06,0.07,0.06,0.06,0.54,0.63,0.21,1.05,0.00,0.03,0.29,3.23,0.32,0.11,91.81,0.31,0.00
183,0.20,0.02,0.12,0.01,0.00,0.00,0.00,0.01,0.32,0.00,0.03,0.00,0.00,0.06,1.29,0.14,0.07,97.47,0.24,0.00
184,0.11,0.00,0.03,0.01,0.02,0.01,0.00,0.12,0.36,0.00,0.16,0.00,0.00,0.01,0.61,0.54,1.86,91.88,4.26,0.00
185,0.80,0.01,0.34,0.01,0.02,0.05,0.00,0.04,0.25,0.00,1.29,0.02,0.00,0.04,0.19,0.17,0.07,88.70,8.01,0.00
186,0.35,0.00,0.16,0.02,0.04,0.03,0.00,0.03,0.26,0.00,0.05,0.00,0.00,0.00,0.00,0.00,3.48,94.27,1.30,0.00
187,0.22,0.00,0.20,0.03,0.01,0.04,0.02,0.22,0.34,0.03,2.14,0.00,0.00,0.01,0.00,0.12,0.21,96.37,0.06,0.00
188,1.00,0.00,2.04,0.54,0.21,0.35,0.50,3.62,2.08,0.03,15.98,0.12,0.00,0.74,0.26,1.30,7.69,63.29,0.25,0.00
189,1.17,0.53,0.04,0.07,0.01,0.65,0.00,1.22,0.24,0.00,3.61,0.06,0.00,0.00,0.00,0.00,11.92,41.36,39.11,0.00
190,0.16,0.02,0.71,0.49,0.14,0.82,0.31,3.44,0.74,6.94,14.45,0.00,0.11,0.25,0.02,0.08,1.00,70.34,0.00,0.00
191,1.06,0.13,1.95,0.95,0.06,0.62,0.78,2.80,0.90,2.59,0.32,0.00,0.00,5.82,0.63,1.52,23.00,56.88,0.00,0.00
192,0.15,0.00,0.44,0.09,0.01,0.04,0.05,0.22,0.37,0.01,0.52,0.06,0.00,17.10,16.47,0.20,0.48,63.82,0.00,0.00
193,0.26,0.01,0.53,0.22,0.05,0.05,0.13,0.59,0.24,0.09,0.39,0.03,0.07,3.02,7.57,0.12,5.37,79.54,1.72,0.00
194,0.17,0.00,0.10,0.01,0.00,0.01,0.01,0.04,0.03,0.03,0.07,0.00,0.03,0.15,1.14,0.03,1.57,92.60,4.02,0.00
195,3.19,0.01,0.16,0.03,0.01,0.02,0.01,0.06,0.03,0.00,0.23,0.00,0.03,0.05,0.22,0.01,17.87,72.66,5.44,0.00
196,0.08,0.00,0.07,0.00,0.00,0.00,0.00,0.01,0.02,0.00,0.03,0.00,0.27,0.02,0.57,0.01,0.28,94.93,3.71,0.00
197,0.69,0.03,0.20,0.08,0.03,0.02,0.01,0.23,0.18,0.00,0.18,0.00,0.13,0.06,10.61,0.11,1.20,86.23,0.00,0.00
198,0.34,0.00,0.00,0.01,0.00,0.00,0.00,0.02,0.20,0.00,0.26,0.00,0.01,0.09,13.39,0.21,0.02,85.43,0.01,0.00
199,0.09,0.00,0.18,0.04,0.00,0.00,0.00,0.10,0.08,0.00,0.23,0.00,0.00,0.04,0.41,0.00,41.33,57.44,0.06,0.00
200,0.00,0.00,0.03,0.00,0.00,0.00,0.00,0.05,0.01,0.00,0.33,0.00,0.00,0.20,0.17,0.00,33.66,65.54,0.00,0.00
201,0.26,0.01,0.03,0.00,0.00,0.00,0.00,0.01,0.00,0.00,0.03,0.00,0.41,0.00,0.00,0.01,3.24,43.68,52.33,0.00
202,0.21,0.05,0.13,0.01,0.00,0.00,0.01,0.01,0.02,0.01,0.18,0.00,0.03,0.00,0.04,0.02,2.35,70.08,26.84,0.00
203,0.14,0.08,0.21,0.04,0.00,0.04,0.00,0.12,0.10,0.02,2.21,0.00,0.02,0.01,0.44,0.09,6.67,85.59,4.22,0.00
204,0.26,0.13,0.28,0.07,0.03,0.08,0.05,0.18,0.09,0.14,0.89,0.01,0.02,0.11,1.84,0.33,16.81,77.73,0.94,0.00
205,0.27,0.00,0.13,0.04,0.01,0.03,0.04,0.07,0.04,0.03,0.34,0.00,0.08,0.00,0.15,0.05,5.38,82.19,11.13,0.00
206,0.32,0.00,0.15,0.02,0.00,0.02,0.00,0.04,0.05,0.00,0.45,0.00,0.00,0.04,1.48,0.11,3.87,91.98,1.46,0.00
207,0.24,0.00,0.05,0.00,0.00,0.00,0.00,0.00,0.01,0.00,0.12,0.00,0.08,0.00,0.03,0.03,6.39,71.02,22.01,0.00
208,0.09,0.00,0.14,0.02,0.01,0.00,0.01,0.07,0.02,0.00,0.18,0.00,0.10,0.00,0.24,0.05,10.03,82.10,6.94,0.00
209,1.68,0.00,0.50,0.07,0.01,0.03,0.04,0.09,0.08,0.01,0.23,0.01,0.05,0.10,9.44,1.64,10.03,75.93,0.05,0.00
210,1.18,0.00,0.44,0.06,0.01,0.01,0.00,0.12,0.10,0.00,0.86,0.01,0.06,0.12,2.97,1.96,69.41,20.12,2.59,0.00
211,0.08,0.05,0.24,0.01,0.00,0.00,0.00,0.03,0.06,0.00,0.05,0.02,0.00,0.30,3.01,0.75,21.80,73.56,0.05,0.00
212,0.00,0.00,0.06,0.00,0.01,0.00,0.00,0.01,0.01,0.00,0.17,0.00,0.02,0.00,0.00,0.00,0.42,97.83,1.46,0.00
213,0.27,0.71,0.53,0.15,0.01,0.05,0.08,0.36,0.37,0.01,0.60,0.02,0.01,1.84,41.17,1.74,9.41,42.60,0.06,0.00
214,0.52,0.38,0.31,0.05,0.00,0.00,0.00,0.09,0.16,0.00,0.45,0.02,0.00,0.14,11.31,0.23,9.17,72.77,4.40,0.00
215,0.00,0.00,0.00,0.00,0.00,0.00,0.00,0.00,0.00,0.00,0.00,0.00,0.00,0.00,0.00,0.00,0.01,85.55,14.44,0.00
216,0.00,0.00,0.00,0.00,0.00,0.01,0.00,0.00,0.00,0.00,0.00,0.00,0.00,0.04,0.65,0.02,6.29,55.32,37.65,0.00
217,0.13,0.01,0.57,0.15,0.00,0.04,0.04,0.37,0.10,0.01,4.42,0.00,0.09,0.33,0.82,0.31,12.40,80.20,0.00,0.00
218,2.71,0.88,2.10,3.10,1.02,0.51,3.02,7.60,1.25,3.37,5.75,0.03,0.05,24.66,13.08,0.30,4.73,25.87,0.00,0.00
219,0.56,0.00,0.59,0.34,0.03,0.15,0.32,0.63,0.18,1.34,5.66,0.07,0.00,0.59,0.07,0.04,8.22,80.86,0.32,0.00
220,0.14,0.00,0.20,0.09,0.02,0.01,0.03,0.22,0.09,0.00,0.40,0.00,0.27,1.01,0.63,0.09,33.89,61.85,1.05,0.00
221,0.09,0.00,0.19,0.03,0.02,0.01,0.01,0.06,0.04,0.01,0.36,0.03,0.08,0.06,0.07,0.03,8.31,89.72,0.88,0.00
222,0.03,0.00,0.44,0.03,0.03,0.00,0.00,0.01,0.02,0.00,0.50,0.00,0.25,0.00,0.00,0.00,5.47,84.06,9.17,0.00
223,0.01,0.00,0.20,0.02,0.00,0.00,0.00,0.03,0.02,0.00,0.31,0.00,0.00,0.01,0.00,0.06,58.41,40.94,0.00,0.00
224,0.04,0.00,0.54,0.77,0.27,0.30,1.42,0.81,0.25,0.93,2.36,0.02,0.04,0.17,0.11,0.00,18.50,73.38,0.06,0.00
225,0.02,0.00,0.22,0.02,0.00,0.00,0.00,0.01,0.03,0.00,0.07,0.00,0.01,0.01,0.07,0.04,10.85,88.65,0.00,0.00
226,0.04,0.00,0.26,0.02,0.01,0.00,0.00,0.03,0.02,0.00,0.21,0.01,0.01,0.10,0.09,0.02,14.23,80.47,4.48,0.00
227,0.08,0.20,0.40,0.09,0.02,0.03,0.04,0.06,0.08,0.00,0.41,0.03,0.00,0.00,0.07,0.00,7.01,91.47,0.02,0.00
228,0.03,0.00,0.09,0.01,0.00,0.00,0.00,0.01,0.03,0.00,0.34,0.00,0.05,0.00,0.01,0.01,9.00,89.48,0.95,0.00
229,0.01,0.00,0.00,0.00,0.00,0.00,0.00,0.00,0.00,0.00,0.00,0.00,0.11,0.00,0.00,0.00,0.51,99.37,0.00,0.00
230,0.00,0.00,0.00,0.01,0.00,0.00,0.00,0.00,0.02,0.00,0.00,0.00,0.00,0.00,0.00,0.00,4.92,95.05,0.00,0.00
231,0.14,0.02,0.18,0.02,0.00,0.00,0.00,0.04,0.06,0.00,0.64,0.00,0.00,0.00,0.02,0.00,25.88,71.44,1.55,0.00
232,0.02,0.01,0.15,0.02,0.00,0.00,0.00,0.06,0.02,0.00,0.32,0.00,0.00,0.00,0.02,0.01,23.22,76.13,0.00,0.00
233,0.05,0.00,0.29,0.01,0.00,0.00,0.00,0.00,0.01,0.00,0.00,0.00,0.00,0.00,0.00,0.00,14.98,81.42,3.23,0.00
234,0.77,0.04,0.00,0.00,0.00,0.00,0.00,0.00,0.00,0.00,0.00,0.00,0.00,0.00,0.00,0.00,0.12,20.65,78.42,0.00
235,0.00,0.00,0.00,0.00,0.00,0.00,0.00,0.00,0.00,0.00,0.00,0.00,0.00,0.00,0.00,0.00,3.70,78.43,17.86,0.00
236,0.00,0.00,0.00,0.00,0.00,0.00,0.00,0.00,0.01,0.00,0.00,0.00,0.00,0.00,0.00,0.00,0.00,87.39,12.60,0.00
237,0.00,0.00,0.21,0.05,0.02,0.04,0.14,0.19,0.11,0.03,1.20,0.00,0.01,0.00,0.08,0.00,7.69,90.09,0.12,0.00
238,0.00,0.00,0.05,0.00,0.00,0.00,0.00,0.00,0.00,0.00,0.02,0.00,0.00,0.01,0.00,0.00,3.84,83.08,12.99,0.00
239,0.01,0.00,0.14,0.05,0.01,0.02,0.02,0.21,0.06,0.01,0.75,0.00,0.19,0.02,0.02,0.01,2.07,87.86,8.55,0.00
240,0.07,0.00,0.17,0.06,0.02,0.04,0.04,0.15,0.06,0.02,0.38,0.00,0.01,0.00,0.00,0.01,1.63,85.56,11.77,0.00
241,0.07,0.00,0.05,0.00,0.00,0.00,0.00,0.00,0.01,0.00,0.00,0.00,0.00,0.00,0.00,0.00,2.13,62.95,34.79,0.00
242,0.08,0.00,0.16,0.02,0.01,0.01,0.00,0.07,0.08,0.02,0.66,0.00,0.01,0.01,0.01,0.01,5.51,90.83,2.51,0.00
243,0.00,0.00,0.11,0.04,0.00,0.09,0.00,0.19,0.15,0.00,0.63,0.00,0.00,0.00,0.01,0.00,1.13,88.95,8.69,0.00
244,0.01,0.00,0.00,0.00,0.00,0.00,0.00,0.00,0.02,0.00,0.00,0.00,0.00,0.00,0.00,0.00,2.17,64.47,33.32,0.00
245,0.03,0.00,0.22,0.05,0.01,0.02,0.02,0.35,0.05,0.00,1.36,0.00,0.30,0.00,0.08,0.01,0.41,87.91,9.16,0.00
246,1.23,0.01,0.25,0.00,0.01,0.00,0.00,0.00,0.08,0.00,0.00,0.00,0.00,0.00,0.00,0.00,65.88,31.08,1.46,0.00
247,0.10,0.00,0.08,0.01,0.00,0.00,0.00,0.04,0.03,0.00,0.40,0.01,0.01,0.00,0.00,0.01,3.47,84.78,11.06,0.00
248,0.08,0.00,0.00,0.00,0.00,0.02,0.00,0.07,0.08,0.00,0.29,0.00,0.00,0.00,0.00,0.00,0.13,90.83,8.50,0.00
249,0.01,0.00,0.08,0.00,0.00,0.01,0.00,0.17,0.02,0.00,0.48,0.00,0.00,0.00,0.00,0.00,0.05,91.39,7.79,0.00
250,0.31,0.08,0.38,0.16,0.11,0.04,0.22,0.20,0.12,0.17,0.46,0.05,0.06,1.22,0.03,0.01,5.51,90.45,0.40,0.02
251,0.03,0.00,0.19,0.02,0.01,0.00,0.01,0.04,0.03,0.00,0.13,0.02,0.07,0.34,0.03,0.00,13.95,82.52,2.60,0.01
252,0.01,0.00,0.09,0.01,0.01,0.00,0.00,0.02,0.03,0.00,0.07,0.02,0.00,0.08,0.06,0.00,4.47,87.86,7.22,0.05
253,0.01,0.00,0.01,0.00,0.00,0.00,0.00,0.00,0.01,0.00,0.00,0.00,0.00,0.00,0.00,0.00,6.64,88.30,5.03,0.00
254,0.01,0.00,0.20,0.00,0.09,0.00,0.00,0.01,0.02,0.00,0.05,0.00,0.00,0.03,0.00,0.00,4.30,94.34,0.93,0.00
255,4.00,0.21,0.90,2.00,0.43,0.34,2.00,4.18,1.17,0.93,1.72,0.00,0.01,41.20,0.78,0.08,0.33,39.30,0.25,0.17
256,0.00,0.00,0.24,0.00,0.04,0.00,0.00,0.00,0.00,0.00,0.00,0.08,0.01,0.00,0.00,0.00,23.35,76.27,0.00,0.00
257,0.02,0.00,0.07,0.00,0.00,0.00,0.00,0.00,0.00,0.00,0.00,0.00,0.00,0.03,0.00,0.00,5.64,92.67,1.57,0.00
258,0.08,0.21,0.17,0.04,0.00,0.00,0.03,0.03,0.08,0.00,0.11,0.00,0.00,2.20,0.27,1.82,71.31,23.07,0.57,0.00
259,0.18,0.02,0.26,0.01,0.03,0.01,0.00,0.03,0.16,0.00,0.05,0.00,0.01,22.79,1.06,0.12,63.02,12.11,0.15,0.00
260,0.27,0.13,0.33,0.11,0.03,0.05,0.20,0.16,0.17,0.12,0.31,0.00,0.01,19.51,1.01,0.38,72.13,5.00,0.08,0.00
261,0.24,0.04,0.47,0.29,0.12,0.12,0.48,0.21,0.25,0.07,0.10,0.02,0.01,65.39,3.05,0.25,25.61,3.28,0.00,0.00
262,0.09,0.00,0.41,0.09,0.03,0.02,0.08,0.11,0.21,0.01,0.10,0.03,0.00,47.69,0.25,0.09,44.96,5.80,0.00,0.00
263,0.15,0.08,0.10,0.01,0.03,0.01,0.00,0.04,0.08,0.00,0.06,0.00,0.01,8.76,0.24,0.13,73.38,16.81,0.12,0.00
264,0.09,0.10,0.18,0.01,0.00,0.00,0.00,0.02,0.05,0.00,0.03,0.00,0.00,6.28,0.45,0.32,86.78,5.33,0.34,0.00
265,2.52,1.44,0.75,0.21,0.05,0.06,0.18,0.21,0.33,0.01,0.18,0.03,0.01,42.65,1.25,0.69,41.17,8.19,0.07,0.00
266,0.31,0.01,0.44,0.26,0.10,0.07,0.30,0.32,0.35,0.21,0.30,0.04,0.03,50.80,0.43,0.15,35.56,10.32,0.00,0.00
267,0.06,0.00,0.17,0.02,0.10,0.01,0.01,0.03,0.09,0.00,0.04,0.00,0.18,7.45,0.13,0.01,38.28,53.35,0.07,0.00
268,0.03,0.00,0.33,0.20,0.19,0.04,0.24,0.27,0.18,0.62,0.46,0.02,0.08,9.28,0.12,0.01,37.56,50.37,0.00,0.00
269,4.20,0.01,2.01,4.91,1.04,3.05,9.47,6.42,1.63,3.90,4.65,0.14,0.24,22.06,8.14,1.83,17.10,9.18,0.00,0.00
270,0.31,0.05,0.23,0.04,0.05,0.01,0.02,0.10,0.14,0.00,0.16,0.01,0.02,7.57,0.25,0.35,73.26,17.41,0.03,0.00
271,0.29,0.01,0.40,0.08,0.04,0.02,0.01,0.20,0.22,0.00,0.18,0.02,0.02,21.09,0.28,0.25,31.46,45.42,0.00,0.00
272,0.39,0.00,0.16,0.01,0.02,0.01,0.00,0.04,0.08,0.00,0.06,0.00,0.01,3.35,0.08,0.12,26.60,69.07,0.00,0.00
273,0.36,0.00,0.25,0.03,0.00,0.00,0.02,0.08,0.07,0.03,0.18,0.01,0.01,1.38,0.04,0.00,52.18,45.36,0.00,0.00
274,0.35,0.05,0.34,0.11,0.09,0.04,0.12,0.23,0.17,0.15,0.33,0.03,0.01,9.45,0.41,0.61,80.64,6.89,0.00,0.00
275,0.02,0.00,0.02,0.00,0.00,0.00,0.00,0.00,0.01,0.00,0.01,0.00,0.00,0.30,0.01,0.07,48.22,51.33,0.00,0.00
276,0.03,0.00,0.06,0.00,0.00,0.00,0.00,0.00,0.01,0.00,0.00,0.00,0.00,0.28,0.13,0.02,42.89,56.58,0.00,0.00
277,0.03,0.00,0.19,0.01,0.01,0.02,0.00,0.04,0.04,0.01,0.12,0.01,0.00,0.10,0.03,0.13,22.42,76.81,0.03,0.00
278,0.05,0.00,0.71,0.47,0.09,0.54,0.10,1.90,1.12,0.06,11.30,0.03,0.03,0.10,0.03,2.35,42.02,39.10,0.00,0.00
279,0.06,0.00,0.64,1.23,0.25,0.47,1.97,1.23,0.55,1.76,3.12,0.08,0.05,1.00,0.13,2.99,78.53,5.94,0.00,0.00
280,1.08,0.01,0.18,0.07,0.00,0.02,0.02,0.11,0.13,0.00,0.18,0.02,0.01,4.82,0.29,0.10,67.52,25.42,0.00,0.00
281,0.31,0.00,0.34,0.04,0.00,0.01,0.02,0.07,0.02,0.01,0.24,0.01,0.00,0.45,0.03,0.11,83.48,14.87,0.00,0.00
282,0.10,0.00,0.02,0.00,0.00,0.00,0.00,0.00,0.00,0.00,0.00,0.00,0.00,0.00,0.00,0.00,22.71,77.16,0.00,0.00
283,0.32,0.00,0.20,0.01,0.00,0.00,0.00,0.02,0.02,0.00,0.05,0.02,0.00,0.35,0.04,0.03,58.87,40.07,0.00,0.00
284,0.00,0.00,0.24,0.01,0.00,0.00,0.00,0.02,0.05,0.00,0.15,0.00,0.01,0.28,0.02,0.01,79.68,19.54,0.00,0.00
285,0.80,0.00,0.58,0.05,0.00,0.00,0.00,0.12,0.22,0.00,0.60,0.00,0.03,3.94,0.24,0.12,67.00,26.28,0.00,0.00
286,0.00,0.00,0.13,0.00,0.00,0.00,0.00,0.00,0.01,0.00,0.00,0.00,0.00,0.14,0.01,0.00,37.01,62.68,0.00,0.00
287,1.18,0.02,0.36,0.12,0.04,0.04,0.12,0.20,0.26,0.00,0.12,0.00,0.00,42.31,1.54,3.59,44.58,5.51,0.00,0.00
288,0.72,0.12,0.30,0.06,0.01,0.01,0.02,0.11,0.19,0.00,0.08,0.00,0.00,48.25,0.82,1.12,44.56,3.50,0.11,0.00
289,1.19,0.31,0.50,0.21,0.08,0.08,0.18,0.40,0.31,0.00,0.52,0.02,0.00,58.25,0.52,0.65,32.29,4.27,0.23,0.00
290,1.25,0.04,0.58,0.41,0.22,0.14,0.53,0.76,0.47,0.19,0.50,0.01,0.01,58.72,1.54,3.28,26.08,5.29,0.00,0.00
291,0.49,0.22,0.24,0.07,0.01,0.02,0.02,0.17,0.22,0.00,0.15,0.00,0.01,32.44,0.94,3.64,57.34,4.01,0.00,0.00
292,0.55,0.12,0.42,0.17,0.05,0.04,0.08,0.29,0.26,0.01,0.13,0.03,0.00,79.08,0.60,1.73,12.71,3.71,0.00,0.00
293,2.19,2.49,1.09,0.56,0.17,0.10,0.46,0.56,0.48,0.01,0.20,0.03,0.05,65.79,1.43,3.31,12.45,8.47,0.16,0.00
294,0.41,0.01,0.55,0.31,0.16,0.06,0.22,0.53,0.45,0.40,0.31,0.03,0.01,37.51,1.05,1.05,18.85,38.11,0.00,0.00
295,1.33,0.00,0.47,0.25,0.22,0.06,0.25,0.52,0.35,0.29,0.37,0.01,0.01,18.97,1.47,6.27,39.14,30.01,0.00,0.00
296,0.66,0.00,0.35,0.09,0.05,0.04,0.05,0.22,0.29,0.00,0.45,0.01,0.00,7.21,0.63,0.50,22.16,67.28,0.00,0.00
297,2.58,0.00,0.12,0.03,0.35,0.04,0.00,0.16,0.11,0.15,1.62,0.00,0.01,9.17,0.28,0.71,17.41,63.10,4.16,0.00
298,0.75,0.03,0.31,0.05,0.04,0.02,0.02,0.13,0.28,0.00,0.08,0.01,0.01,31.44,0.84,1.68,44.11,20.21,0.00,0.00
299,0.58,0.01,0.36,0.20,0.35,0.06,0.18,0.32,0.29,0.02,0.37,0.01,0.02,55.47,0.36,0.27,6.09,35.03,0.00,0.00
300,0.49,0.00,0.28,0.00,0.08,0.01,0.00,0.00,0.11,0.00,0.00,0.00,0.24,14.81,0.46,1.86,75.25,6.41,0.00,0.00
301,1.72,0.00,0.92,1.08,0.43,0.31,1.34,1.48,0.61,0.81,2.05,0.04,0.01,22.44,4.21,5.53,42.62,14.33,0.06,0.00
302,29.02,4.54,0.01,0.00,0.00,0.14,0.00,0.00,0.17,0.00,0.00,0.00,0.00,2.77,0.22,0.25,7.24,55.65,0.00,0.00
303,0.72,0.00,0.41,0.08,0.04,0.02,0.04,0.19,0.22,0.00,0.23,0.00,0.00,24.86,0.40,0.92,56.04,15.70,0.09,0.00
304,0.68,0.00,0.00,0.01,0.01,0.00,0.00,0.00,0.25,0.00,0.00,0.00,0.47,6.58,0.34,1.26,79.32,11.09,0.00,0.00
305,1.86,0.09,0.41,0.13,0.13,0.05,0.11,0.29,0.27,0.01,0.31,0.00,0.02,12.96,8.76,5.95,60.31,7.57,0.79,0.00
306,2.56,0.01,0.58,0.32,0.12,0.14,0.17,1.31,0.66,0.95,3.73,0.00,0.01,2.64,13.52,4.53,23.44,45.19,0.11,0.00
307,7.57,0.33,0.87,1.61,0.62,0.81,2.17,4.63,0.82,1.69,8.39,0.01,0.01,3.32,12.34,13.04,18.00,23.78,0.00,0.00
308,1.31,0.00,0.43,0.19,0.11,0.07,0.04,0.61,0.65,0.07,1.35,0.01,0.07,4.78,5.93,6.12,33.16,45.11,0.00,0.00
309,3.11,0.02,1.24,1.56,1.01,0.74,1.96,2.74,1.38,1.51,3.87,0.03,0.06,6.25,10.89,12.54,35.53,15.56,0.00,0.00
310,0.92,0.00,0.44,0.26,0.32,0.07,0.22,0.75,0.48,0.28,1.32,0.01,0.04,3.35,2.05,2.44,38.16,48.87,0.00,0.00
311,3.74,0.00,0.19,0.06,0.05,0.04,0.00,0.23,0.40,0.00,1.18,0.00,0.00,2.31,0.24,5.27,31.93,54.35,0.00,0.00
312,1.03,0.00,0.61,0.36,0.16,0.10,0.18,0.71,0.36,0.00,1.79,0.04,0.20,3.60,18.31,7.31,28.95,35.76,0.53,0.00
313,1.02,0.00,0.38,0.18,0.09,0.09,0.12,0.51,0.52,0.00,1.45,0.00,0.01,14.14,2.74,5.43,46.89,26.44,0.00,0.00
314,1.16,0.00,0.52,0.03,0.06,0.00,0.00,0.10,0.13,0.00,0.63,0.09,0.62,1.75,3.42,0.76,4.89,85.84,0.00,0.00
315,0.83,0.42,1.39,1.79,1.35,0.97,1.93,8.38,1.37,1.27,16.32,0.06,0.03,11.04,35.31,1.63,0.26,15.63,0.00,0.00
316,2.63,0.53,2.60,3.86,2.55,1.00,3.55,10.87,2.20,2.37,11.01,0.01,0.27,9.54,24.75,1.02,0.33,20.71,0.18,0.00
317,1.41,0.18,0.48,0.63,0.86,0.82,0.36,4.92,1.00,0.03,41.82,0.14,0.05,0.21,10.02,0.82,0.35,33.77,2.13,0.00
318,0.54,0.21,0.74,0.78,1.08,0.84,0.63,6.83,0.85,0.05,22.25,0.07,0.24,0.45,8.07,0.50,0.32,48.92,6.63,0.00
319,2.12,0.29,0.70,1.14,0.31,0.87,1.80,12.71,1.71,3.53,21.02,0.02,0.20,0.10,3.37,0.19,0.04,49.83,0.04,0.00
320,3.28,0.60,2.14,4.40,1.43,1.77,9.87,12.07,0.85,5.90,24.53,0.03,0.23,0.06,1.02,0.13,0.05,31.50,0.14,0.00
321,1.27,0.91,1.31,2.53,2.76,0.96,3.24,13.80,1.30,3.41,16.67,0.03,0.18,1.35,10.98,0.69,2.68,35.70,0.21,0.00
322,2.55,0.60,1.35,0.76,0.77,0.20,0.92,2.89,1.20,1.06,6.59,0.20,0.41,0.25,4.08,0.57,0.25,75.34,0.00,0.00
323,0.88,0.51,1.14,0.78,0.35,0.28,0.40,1.60,2.06,0.01,2.31,0.01,0.11,3.03,23.40,1.63,0.86,60.66,0.00,0.00
324,0.12,0.00,0.29,0.06,0.06,0.01,0.01,0.13,0.12,0.00,0.21,0.00,0.01,0.47,0.31,0.09,2.37,95.71,0.03,0.00
325,2.66,0.00,0.28,0.10,0.03,0.13,0.00,0.87,0.44,0.00,1.86,0.02,0.00,0.72,0.97,0.26,9.06,82.58,0.00,0.00
326,0.94,0.00,0.33,0.57,0.09,0.23,0.47,2.08,0.97,0.66,4.67,0.00,0.11,0.15,0.18,0.30,4.24,83.48,0.53,0.00
327,0.04,0.00,0.20,0.03,0.14,0.00,0.01,0.05,0.12,0.00,0.06,0.00,0.00,0.19,0.00,0.00,1.70,97.09,0.35,0.00
328,0.14,0.10,0.47,0.12,0.02,0.04,0.05,0.36,0.53,0.00,0.42,0.00,0.01,13.80,3.01,1.05,12.87,67.03,0.00,0.00
329,0.15,0.00,0.36,0.04,0.34,0.01,0.03,0.15,0.11,0.02,0.24,0.00,0.01,0.06,0.02,0.01,11.99,86.45,0.00,0.00
330,0.42,0.07,0.27,0.10,0.07,0.01,0.08,0.23,0.28,0.02,0.37,0.00,0.03,3.16,9.41,0.57,12.16,72.75,0.00,0.00
331,9.87,0.13,1.38,2.27,0.51,0.13,2.37,3.32,1.07,0.80,4.43,0.00,0.02,19.03,7.05,0.16,8.05,37.82,0.03,1.55
332,2.06,0.16,1.41,2.37,1.06,0.68,3.21,3.19,1.30,1.82,3.26,0.02,0.05,17.55,19.59,11.20,16.51,14.53,0.03,0.00
333,0.54,0.33,0.56,0.28,0.08,0.06,0.05,0.60,0.66,0.00,0.24,0.00,0.01,3.26,56.30,4.60,2.12,30.31,0.00,0.00
334,5.18,2.64,0.43,0.26,0.38,0.02,0.00,0.44,0.37,1.85,2.89,0.03,0.19,29.53,29.43,2.71,6.11,17.52,0.00,0.00
335,4.98,2.00,0.51,0.32,0.08,0.08,0.08,1.16,1.01,0.20,1.26,0.02,0.02,3.51,44.56,4.95,3.07,32.20,0.00,0.00
336,0.88,0.78,0.46,0.21,0.14,0.05,0.08,0.51,0.61,0.06,1.08,0.00,0.41,3.12,35.48,3.67,2.59,49.86,0.00,0.00
337,0.69,0.92,0.69,0.78,0.08,0.04,0.00,0.35,0.67,0.03,0.15,0.00,0.01,3.41,54.37,6.30,1.91,29.60,0.00,0.00
338,0.87,1.31,1.01,0.68,0.24,0.05,0.26,1.44,0.84,0.01,0.48,0.05,0.01,6.71,64.00,2.18,0.39,19.49,0.00,0.00
339,1.81,0.02,0.45,0.27,0.08,0.42,0.00,1.99,0.94,0.00,14.22,0.00,0.00,0.40,9.72,0.44,0.06,69.20,0.00,0.00
340,3.82,14.90,0.24,0.17,0.04,0.04,0.02,0.26,0.32,0.00,0.21,0.00,0.06,20.72,29.54,1.90,2.03,25.71,0.00,0.00
341,1.14,2.72,1.29,2.88,1.33,0.55,2.67,3.98,1.09,1.68,2.14,0.03,0.04,31.27,30.39,1.00,0.94,14.81,0.05,0.00
342,0.21,1.37,0.63,0.61,0.45,0.14,0.73,0.88,0.47,0.20,0.47,0.04,0.04,41.09,19.82,1.09,1.97,29.74,0.03,0.00
343,3.55,13.03,0.38,0.85,0.42,0.40,0.53,1.53,0.89,0.11,2.72,0.02,0.05,9.84,29.88,1.75,0.91,33.13,0.00,0.00
344,0.07,0.27,0.17,0.03,0.01,0.00,0.02,0.05,0.23,0.00,0.05,0.00,0.01,1.93,8.76,2.79,41.69,43.92,0.00,0.00
345,0.73,0.27,0.72,1.63,0.28,0.22,1.43,6.75,1.17,0.60,1.48,0.00,0.18,55.08,13.83,0.56,2.18,12.89,0.00,0.00
346,2.30,0.30,1.67,2.99,1.05,0.60,2.82,6.07,2.03,1.71,3.91,0.05,0.01,44.99,7.88,0.34,2.29,18.32,0.29,0.38
347,26.23,55.17,0.06,0.13,0.52,0.04,0.16,0.12,0.17,0.13,0.18,0.03,0.03,2.01,1.97,0.02,0.00,13.02,0.02,0.00
348,8.83,39.38,0.50,0.81,0.91,0.30,0.76,1.87,0.83,0.46,3.83,0.35,0.18,1.85,5.05,0.37,2.01,31.38,0.31,0.00
349,3.43,7.90,0.20,0.45,0.86,0.32,0.52,0.93,0.32,1.10,0.81,0.21,0.02,1.23,0.36,1.88,2.79,76.63,0.00,0.04
350,0.73,2.80,1.34,1.76,0.70,0.28,1.62,5.28,1.57,0.37,1.49,0.00,0.00,53.28,22.54,0.31,0.20,5.73,0.00,0.00
351,2.02,4.82,0.67,0.45,0.29,0.08,0.18,1.45,0.79,0.29,3.02,0.01,0.04,0.69,13.59,1.01,0.61,69.77,0.21,0.00
352,6.32,42.94,0.27,0.07,0.12,0.03,0.01,0.17,0.26,0.10,0.76,0.01,0.04,0.91,5.92,0.44,0.15,40.91,0.59,0.00
353,1.96,7.00,0.50,0.26,0.27,0.06,0.11,1.22,0.65,0.33,2.06,0.02,0.04,2.27,8.68,0.70,0.77,72.32,0.79,0.00
354,1.03,1.23,0.56,0.18,0.04,0.03,0.06,0.53,0.51,0.02,0.63,0.00,0.04,0.28,29.99,5.56,5.41,53.85,0.04,0.00
355,3.35,3.60,0.43,0.28,0.19,0.09,0.04,1.18,0.75,0.08,3.49,0.01,0.03,0.14,6.96,0.68,0.51,72.93,5.26,0.00
356,0.69,5.70,0.49,0.61,0.22,0.21,0.23,2.53,1.06,0.56,6.13,0.00,0.04,1.12,6.93,0.97,0.53,70.51,1.45,0.00
357,5.72,10.28,1.10,0.63,0.42,0.10,0.53,0.89,0.63,0.38,0.47,0.00,0.01,27.57,26.59,1.14,1.49,21.99,0.04,0.00
358,0.48,1.20,0.97,0.17,0.25,0.03,0.00,0.48,0.52,0.00,0.72,0.03,0.12,0.82,32.56,3.39,2.07,56.06,0.15,0.00
359,2.03,0.01,0.34,0.05,0.01,0.03,0.01,0.14,0.50,0.00,0.36,0.00,0.01,0.05,9.30,1.58,0.56,84.60,0.44,0.00
360,2.76,0.00,0.52,0.30,0.08,0.14,0.13,1.16,0.46,0.01,5.03,0.00,0.07,0.04,5.56,0.80,0.24,80.45,2.27,0.00
361,5.12,0.02,0.37,0.08,0.01,0.28,0.00,1.00,0.60,0.06,7.72,0.00,0.02,0.06,11.62,1.75,0.61,70.62,0.06,0.00
362,1.21,0.12,0.37,0.35,0.22,0.15,0.56,0.90,0.32,0.77,1.93,0.00,0.01,0.22,7.59,1.08,1.03,81.70,1.47,0.00
363,0.86,0.00,0.12,0.00,0.00,0.00,0.00,0.00,0.29,0.00,0.00,0.00,0.00,0.01,2.13,0.81,1.58,93.90,0.28,0.00
364,3.96,0.16,0.62,0.08,0.01,0.00,0.00,0.16,0.48,0.00,0.10,0.00,0.00,0.13,33.79,2.99,2.63,54.91,0.00,0.00
365,0.40,0.01,0.09,0.01,0.03,0.02,0.00,0.09,0.30,0.00,0.99,0.00,0.02,0.19,6.95,1.64,0.76,86.41,2.08,0.00
366,12.89,4.09,0.41,0.40,0.25,0.18,0.15,0.52,0.42,0.52,0.50,0.00,0.10,23.23,32.43,1.31,1.08,21.53,0.00,0.00
367,1.85,0.28,0.49,0.18,0.04,0.06,0.03,0.74,0.88,0.02,2.65,0.00,0.02,0.90,36.53,2.35,0.60,52.27,0.10,0.00
368,3.85,1.05,0.88,0.58,0.26,0.11,0.32,1.78,0.79,0.22,1.90,0.01,0.07,0.79,44.20,5.14,2.18,35.79,0.06,0.00
369,4.25,0.16,0.50,0.14,0.15,0.05,0.04,0.54,0.43,0.00,1.39,0.00,0.01,0.77,21.58,7.00,13.47,49.50,0.00,0.00
370,0.03,0.04,0.20,0.01,0.00,0.00,0.00,0.01,0.22,0.00,0.04,0.00,0.00,0.01,12.19,0.80,0.38,80.80,5.27,0.00
371,1.22,0.05,0.27,0.09,0.03,0.05,0.03,0.39,0.47,0.19,1.50,0.00,0.03,0.04,15.73,1.33,0.56,77.47,0.55,0.00
372,1.39,0.15,0.90,0.70,0.23,0.21,0.46,2.01,0.85,0.32,2.26,0.00,0.12,3.31,57.31,2.39,0.49,26.86,0.02,0.00
373,1.91,0.05,0.28,0.08,0.01,0.07,0.01,0.54,0.59,0.01,2.97,0.00,0.01,0.06,24.77,2.19,0.93,64.22,1.31,0.00
374,4.15,0.02,0.27,0.16,0.01,0.05,0.00,0.55,0.52,0.00,3.55,0.00,0.02,0.09,20.69,1.29,0.57,66.17,1.87,0.00
375,0.26,0.04,0.53,0.19,0.04,0.07,0.04,0.62,0.53,0.00,1.52,0.00,0.02,0.48,37.92,2.09,0.78,54.79,0.07,0.00
