uniqid_eco4,NWALT12_11_eco4,NWALT12_12_eco4,NWALT12_21_eco4,NWALT12_22_eco4,NWALT12_23_eco4,NWALT12_24_eco4,NWALT12_25_eco4,NWALT12_26_eco4,NWALT12_27_eco4,NWALT12_31_eco4,NWALT12_32_eco4,NWALT12_33_eco4,NWALT12_41_eco4,NWALT12_43_eco4,NWALT12_44_eco4,NWALT12_45_eco4,NWALT12_46_eco4,NWALT12_50_eco4,NWALT12_60_eco4,NWALT12_9999_eco4
1,3.76,0.14,0.57,0.19,0.19,0.09,0.15,0.55,0.31,0.03,0.73,0.02,0.00,11.72,2.28,0.20,4.27,73.70,1.11,0.00
2,0.02,0.00,0.30,0.05,0.01,0.01,0.04,0.08,0.18,0.00,0.02,0.00,0.00,79.08,0.16,0.02,1.25,18.73,0.06,0.00
3,0.07,0.00,0.38,0.05,0.02,0.02,0.06,0.11,0.15,0.01,0.09,0.01,0.00,37.49,1.42,0.45,3.00,56.64,0.04,0.00
4,1.13,0.00,0.14,0.02,0.01,0.01,0.00,0.09,0.18,0.00,0.01,0.00,0.00,35.02,1.58,0.07,3.95,57.78,0.00,0.00
5,4.52,0.15,1.03,0.62,0.59,0.16,0.63,1.37,0.78,0.18,0.98,0.16,0.00,44.14,4.09,0.31,3.33,36.79,0.18,0.00
6,1.32,0.00,0.34,0.21,0.04,0.09,0.24,0.96,0.23,0.00,0.42,0.00,0.00,46.91,0.86,0.24,30.67,17.46,0.00,0.00
7,0.07,0.00,0.17,0.05,0.03,0.01,0.09,0.24,0.23,0.03,0.43,0.04,0.00,21.41,2.25,0.14,8.32,66.31,0.17,0.00
8,0.00,0.00,0.47,0.31,0.03,0.02,0.14,0.40,0.32,0.00,0.03,0.00,0.00,90.15,0.08,0.00,1.25,6.80,0.00,0.00
9,0.01,0.00,0.46,0.08,0.06,0.02,0.00,0.37,0.30,0.00,0.04,0.00,0.00,79.67,0.35,0.00,5.34,13.30,0.00,0.00
10,0.02,0.00,0.26,0.09,0.02,0.01,0.10,0.09,0.21,0.00,0.01,0.01,0.00,69.77,0.11,0.04,11.88,17.40,0.00,0.00
11,1.26,0.01,0.07,0.00,0.00,0.06,0.00,0.00,0.02,0.00,0.08,0.00,0.00,0.91,0.23,0.15,1.55,95.69,0.00,0.00
12,4.45,0.00,0.59,0.40,0.31,0.11,0.16,0.23,0.19,0.01,0.28,0.01,0.00,8.39,0.24,0.06,63.62,20.75,0.20,0.00
13,3.14,0.03,0.69,0.25,0.06,0.03,0.05,0.42,0.72,0.00,0.53,0.01,0.02,1.64,6.60,0.27,13.43,71.87,0.22,0.00
14,0.00,0.00,0.14,0.00,0.00,0.00,0.00,0.00,0.04,0.00,0.00,0.00,0.00,4.88,1.15,0.16,13.61,80.01,0.00,0.00
15,0.25,0.03,0.16,0.01,0.00,0.00,0.00,0.03,0.06,0.00,0.10,0.00,0.00,0.35,0.87,1.28,0.84,95.08,0.94,0.00
16,0.02,0.06,0.12,0.00,0.00,0.00,0.00,0.00,0.01,0.00,0.00,0.00,0.00,0.06,0.14,0.08,0.06,97.88,1.58,0.00
17,0.02,0.00,0.18,0.00,0.00,0.00,0.00,0.00,0.04,0.00,0.00,0.00,0.00,1.58,0.04,0.05,3.76,92.92,1.39,0.00
18,0.20,0.02,0.14,0.00,0.00,0.00,0.00,0.00,0.01,0.00,0.04,0.00,0.00,0.02,0.03,0.21,0.80,92.99,5.52,0.00
19,0.36,0.00,0.05,0.00,0.00,0.00,0.00,0.00,0.03,0.00,0.00,0.00,0.00,0.28,0.00,0.12,2.08,83.79,13.30,0.00
20,0.09,0.00,0.06,0.00,0.00,0.08,0.00,0.00,0.02,0.00,0.00,0.00,0.00,0.35,0.10,0.20,2.83,83.56,12.71,0.00
21,0.82,0.00,0.12,0.01,0.00,0.03,0.00,0.01,0.03,0.00,0.00,0.00,0.00,1.23,0.12,0.09,33.42,51.60,12.52,0.00
22,0.01,0.02,0.03,0.00,0.00,0.00,0.00,0.00,0.01,0.00,0.00,0.00,0.00,0.00,0.00,0.07,0.02,99.45,0.38,0.00
23,0.59,0.02,0.14,0.00,0.00,0.00,0.00,0.00,0.03,0.00,0.02,0.00,0.00,1.63,1.04,0.67,5.02,90.44,0.37,0.00
24,0.22,0.02,0.59,0.22,0.11,0.05,0.17,0.55,0.30,0.01,0.23,0.04,0.00,41.13,0.42,2.28,27.49,23.92,2.25,0.00
25,0.04,0.02,0.03,0.00,0.00,0.00,0.00,0.00,0.03,0.00,0.01,0.00,0.00,0.11,0.03,0.00,0.23,81.53,17.97,0.00
26,0.32,0.00,0.00,0.00,0.00,0.00,0.00,0.00,0.00,0.00,0.00,0.00,0.00,0.00,0.00,0.00,0.28,30.11,69.28,0.00
27,0.55,0.02,0.72,0.33,0.16,0.22,0.35,1.31,0.69,0.06,3.43,0.10,0.02,14.32,0.10,1.50,1.26,71.91,2.95,0.00
28,0.78,0.88,0.42,0.01,0.00,0.01,0.00,0.05,0.07,0.00,0.31,0.00,0.00,0.07,0.75,9.05,1.24,86.36,0.00,0.00
29,2.63,0.19,1.13,1.88,0.62,0.50,2.60,4.26,0.98,0.07,0.46,0.01,0.01,55.81,10.51,0.97,7.81,9.51,0.07,0.00
30,0.00,0.01,0.14,0.01,0.00,0.00,0.00,0.00,0.02,0.00,0.00,0.00,0.00,2.28,0.06,0.02,0.66,90.11,6.70,0.00
31,0.94,0.61,0.72,0.19,0.03,0.08,0.04,0.40,0.37,0.00,0.34,0.00,0.00,6.60,5.89,11.56,44.28,27.93,0.02,0.00
32,0.44,0.86,0.22,0.08,0.00,0.02,0.00,0.15,0.45,0.00,0.05,0.00,0.00,62.13,1.56,1.44,9.20,23.40,0.00,0.00
33,6.83,2.95,1.16,1.08,0.35,0.19,0.93,2.07,0.94,0.25,0.23,0.02,0.02,67.44,5.79,0.20,1.05,8.49,0.01,0.00
34,0.59,0.02,0.18,0.02,0.00,0.00,0.00,0.03,0.04,0.00,0.03,0.00,0.00,3.05,1.57,0.67,19.07,74.73,0.00,0.00
35,0.41,0.05,0.21,0.02,0.12,0.01,0.02,0.03,0.12,0.00,0.05,0.01,0.00,15.02,2.13,0.19,18.00,63.54,0.07,0.00
36,0.41,0.01,0.30,0.11,0.29,0.04,0.06,0.12,0.18,0.05,0.22,0.03,0.00,7.83,2.82,0.78,52.16,34.42,0.17,0.00
37,1.01,0.02,0.79,0.60,0.24,0.10,0.59,0.80,0.84,0.00,0.31,0.04,0.00,66.59,16.55,0.46,5.77,5.28,0.01,0.00
38,0.61,0.02,0.26,0.03,0.01,0.04,0.01,0.09,0.13,0.10,0.46,0.00,0.00,6.62,2.51,0.52,46.78,41.35,0.46,0.00
39,22.11,0.08,0.15,0.02,0.04,0.01,0.00,0.03,0.01,0.00,0.17,0.02,0.11,0.01,0.35,0.01,0.08,76.79,0.00,0.00
40,0.95,0.09,0.81,1.03,0.31,0.57,1.23,2.01,0.66,0.74,2.24,0.02,0.03,1.20,3.53,1.19,6.50,76.88,0.00,0.00
41,0.03,0.78,1.06,0.05,0.03,0.00,0.04,0.05,0.27,0.00,0.02,0.01,0.00,1.31,7.45,18.57,35.45,34.88,0.00,0.00
42,0.27,0.07,0.79,0.08,0.00,1.45,0.07,0.37,0.09,0.02,0.05,0.02,0.02,2.57,3.15,0.01,1.75,87.32,1.91,0.00
43,22.80,0.02,0.42,0.02,0.00,0.04,0.00,0.00,0.01,0.00,0.00,0.00,0.02,0.00,0.23,0.00,1.15,70.72,4.57,0.00
44,0.06,0.05,0.49,0.00,0.00,0.12,0.00,0.00,0.03,0.00,0.00,0.00,0.00,0.10,0.60,0.02,5.57,92.94,0.00,0.00
45,0.18,0.04,0.20,0.06,0.06,0.01,0.02,0.04,0.05,0.01,0.05,0.02,0.01,0.71,2.35,0.09,11.78,84.16,0.15,0.00
46,0.86,0.01,0.31,0.10,0.07,0.03,0.14,0.35,0.12,0.01,0.54,0.01,0.11,1.71,5.35,0.31,10.97,78.60,0.41,0.00
47,0.01,0.00,0.07,0.01,0.00,0.00,0.00,0.02,0.02,0.00,0.34,0.00,0.09,0.00,0.15,0.02,0.48,93.14,5.64,0.00
48,0.00,0.00,0.00,0.00,0.00,0.00,0.00,0.00,0.00,0.00,0.00,0.00,0.00,0.00,0.00,0.00,0.49,52.44,47.07,0.00
49,9.87,0.41,4.19,9.00,4.25,3.08,16.95,15.90,1.13,2.13,3.39,0.05,0.06,9.23,16.04,0.39,0.40,3.51,0.02,0.00
50,15.31,6.84,0.09,0.01,0.04,0.01,0.00,0.03,0.05,0.01,0.41,0.04,0.04,1.20,4.13,0.20,0.12,71.47,0.00,0.00
51,7.17,0.05,0.09,0.00,0.05,0.00,0.00,0.00,0.02,0.00,0.00,0.03,0.06,0.14,0.47,0.02,0.41,91.37,0.11,0.00
52,0.70,1.02,0.88,0.62,0.32,0.12,0.37,2.52,0.80,0.10,0.29,0.08,0.00,46.04,23.51,1.75,5.78,14.97,0.12,0.00
53,0.89,0.05,0.26,0.05,0.04,0.02,0.04,0.15,0.15,0.00,0.33,0.03,0.12,1.76,1.47,0.07,1.98,86.72,5.87,0.00
54,0.09,0.01,0.02,0.00,0.00,0.00,0.00,0.00,0.01,0.00,0.01,0.00,0.32,0.07,0.23,0.09,11.92,86.26,0.97,0.00
55,0.00,0.00,0.00,0.00,0.00,0.00,0.00,0.00,0.00,0.00,0.00,0.00,0.23,0.00,0.01,0.00,1.68,92.02,6.07,0.00
56,0.19,0.22,0.18,0.05,0.01,0.02,0.02,0.26,0.10,0.01,0.82,0.01,0.38,0.16,2.46,0.58,11.74,82.79,0.00,0.00
57,0.01,0.49,0.11,0.00,0.00,0.00,0.00,0.00,0.02,0.00,0.00,0.00,0.00,0.00,4.00,0.68,1.63,67.30,25.77,0.00
58,0.32,0.00,0.00,0.00,0.00,0.00,0.00,0.00,0.01,0.00,0.00,0.00,0.00,0.00,0.00,0.00,0.18,34.89,64.61,0.00
59,0.01,0.11,0.22,0.01,0.00,0.00,0.01,0.01,0.03,0.00,0.02,0.01,0.01,0.09,1.54,0.09,2.64,93.47,1.73,0.00
60,0.01,0.00,0.06,0.00,0.00,0.00,0.00,0.00,0.01,0.00,0.00,0.00,0.14,0.00,0.01,0.00,0.74,84.56,14.48,0.00
61,0.01,0.01,0.10,0.00,0.00,0.00,0.00,0.00,0.01,0.00,0.00,0.00,0.05,0.02,0.38,0.04,4.64,94.64,0.10,0.00
62,0.00,0.00,0.01,0.00,0.00,0.00,0.00,0.00,0.01,0.00,0.00,0.00,0.00,0.00,0.01,0.00,0.85,96.23,2.88,0.00
63,0.00,0.00,0.01,0.00,0.00,0.00,0.00,0.00,0.00,0.00,0.00,0.00,0.00,0.00,0.00,0.00,0.33,76.20,23.46,0.00
64,0.02,0.00,0.19,0.00,0.03,0.00,0.00,0.01,0.03,0.00,0.02,0.03,0.09,0.22,0.40,0.02,0.96,96.84,1.16,0.00
65,0.00,0.00,0.05,0.00,0.00,0.00,0.00,0.00,0.00,0.00,0.00,0.00,0.02,0.00,0.00,0.00,1.05,86.73,12.14,0.00
66,0.00,0.00,0.02,0.00,0.00,0.00,0.00,0.00,0.00,0.00,0.00,0.00,0.00,0.00,0.00,0.00,0.75,95.98,3.24,0.00
67,0.02,0.00,0.12,0.00,0.00,0.00,0.00,0.00,0.03,0.00,0.01,0.00,0.00,0.00,0.02,0.02,1.78,88.70,9.31,0.00
68,0.02,0.00,0.00,0.00,0.00,0.00,0.00,0.00,0.01,0.00,0.00,0.00,0.03,0.00,0.00,0.00,0.69,60.12,39.13,0.00
69,0.04,0.12,0.26,0.04,0.02,0.01,0.02,0.07,0.17,0.00,0.20,0.05,0.07,1.44,4.26,1.12,12.79,79.16,0.17,0.00
70,0.03,0.01,0.43,0.52,0.19,0.22,1.16,0.67,0.20,0.22,1.71,0.01,0.08,0.09,0.04,0.00,3.03,71.41,19.99,0.00
71,0.03,0.00,0.06,0.01,0.00,0.01,0.00,0.02,0.02,0.00,0.21,0.00,0.03,0.00,0.01,0.00,1.04,58.38,40.18,0.00
72,0.00,0.00,0.01,0.00,0.00,0.00,0.00,0.00,0.02,0.00,0.00,0.00,0.01,0.00,0.00,0.00,0.12,64.54,35.31,0.00
73,0.00,0.00,0.00,0.00,0.00,0.00,0.00,0.00,0.00,0.00,0.00,0.00,0.00,0.00,0.00,0.00,0.00,40.94,59.06,0.00
74,8.19,0.41,0.34,0.23,0.04,0.22,0.21,0.80,0.15,0.04,1.74,0.01,0.07,0.96,0.59,0.04,0.19,75.00,10.78,0.00
75,2.14,0.00,0.11,0.02,0.06,0.01,0.00,0.19,0.06,0.00,0.64,0.00,1.12,0.09,0.05,0.00,0.02,85.89,9.59,0.00
76,0.02,0.01,0.21,0.11,0.01,0.03,0.00,0.77,0.19,0.00,1.58,0.01,0.06,0.26,0.21,0.00,0.05,76.85,19.62,0.00
77,0.00,0.00,0.23,0.01,0.00,0.00,0.00,0.01,0.01,0.00,0.01,0.00,0.01,0.04,0.02,0.00,0.00,44.47,55.19,0.00
78,0.00,0.00,0.08,0.00,0.00,0.09,0.00,0.00,0.00,0.00,0.00,0.00,0.00,0.00,0.00,0.00,0.00,0.24,99.58,0.00
79,0.12,0.00,0.55,0.47,0.30,0.14,0.77,1.61,0.42,1.03,2.97,0.06,0.15,0.91,1.23,0.52,2.95,76.96,8.86,0.00
80,0.00,0.00,0.06,0.00,0.03,0.01,0.00,0.03,0.03,0.03,0.14,0.02,0.04,0.00,0.00,0.01,0.33,57.33,41.95,0.00
81,0.00,0.00,0.00,0.00,0.00,0.00,0.00,0.00,0.00,0.00,0.00,0.00,0.00,0.00,0.00,0.00,0.26,21.03,78.71,0.00
82,0.00,0.00,0.00,0.00,0.00,0.00,0.00,0.00,0.00,0.00,0.00,0.00,0.00,0.00,0.00,0.00,0.00,0.00,100.00,0.00
83,0.00,0.00,0.22,0.00,0.00,0.00,0.00,0.00,0.01,0.00,0.00,0.00,0.09,0.00,0.00,0.00,0.00,71.36,28.33,0.00
84,0.00,0.00,0.06,0.00,0.00,0.01,0.00,0.00,0.00,0.00,0.00,0.00,0.00,0.00,0.01,0.00,0.02,19.97,79.94,0.00
85,0.62,0.01,0.00,0.00,0.00,0.00,0.00,0.00,0.00,0.00,0.00,0.00,0.00,0.00,0.00,0.00,0.31,51.97,47.09,0.00
86,0.49,0.06,0.44,0.02,0.00,0.00,0.01,0.03,0.03,0.00,0.30,0.01,0.00,0.09,0.49,0.54,1.46,95.86,0.16,0.00
87,1.53,0.04,0.39,0.18,0.01,0.00,0.08,0.06,0.32,0.00,0.03,0.00,0.00,7.81,26.12,4.17,45.76,13.50,0.00,0.00
88,20.25,0.36,0.75,0.57,0.16,0.17,0.20,1.68,0.81,0.00,2.50,0.01,0.00,18.46,24.38,2.67,13.72,13.30,0.00,0.00
89,1.39,0.03,1.08,0.41,0.01,0.00,0.00,0.90,1.13,0.00,1.22,0.00,0.00,2.53,6.36,0.27,6.61,78.08,0.00,0.00
90,0.50,0.02,0.19,0.01,0.00,0.00,0.00,0.01,0.05,0.00,0.49,0.00,0.00,0.24,1.05,0.72,45.77,50.94,0.00,0.00
91,0.03,0.00,0.16,0.04,0.01,0.00,0.00,0.13,0.34,0.00,0.14,0.00,0.00,60.29,0.04,0.01,6.58,32.23,0.00,0.00
92,0.41,0.01,0.10,0.01,0.00,0.00,0.01,0.00,0.03,0.00,0.00,0.00,0.00,0.19,0.14,0.79,9.72,88.58,0.00,0.01
93,0.48,0.00,0.00,0.00,0.00,0.00,0.00,0.00,0.00,0.00,0.00,0.00,0.00,0.00,0.01,0.00,0.37,80.56,18.57,0.00
94,0.05,0.00,0.00,0.01,0.00,0.00,0.00,0.01,0.01,0.00,0.04,0.00,0.00,0.01,0.01,0.00,0.02,99.50,0.33,0.00
95,2.67,0.01,0.60,0.12,0.03,0.01,0.05,0.22,0.26,0.02,0.37,0.00,0.01,9.52,0.03,0.28,15.96,69.83,0.00,0.00
96,1.34,0.03,0.18,0.03,0.01,0.00,0.00,0.07,0.05,0.00,0.23,0.00,0.00,0.43,0.20,0.25,0.35,96.79,0.06,0.00
97,1.34,0.05,0.15,0.04,0.01,0.00,0.01,0.08,0.08,0.00,0.57,0.00,0.00,0.08,0.29,0.22,0.81,96.00,0.27,0.01
98,3.23,0.12,0.76,0.27,0.11,0.01,0.00,0.41,0.63,0.00,0.73,0.05,0.00,27.34,0.14,0.73,3.65,61.76,0.03,0.04
99,0.01,0.01,0.00,0.02,0.01,0.00,0.00,0.07,0.11,0.00,0.05,0.00,0.00,3.51,0.01,0.42,3.65,92.12,0.00,0.00
100,0.40,0.07,0.24,0.05,0.03,0.01,0.04,0.07,0.07,0.02,0.36,0.01,0.04,0.01,0.09,0.05,0.16,98.09,0.19,0.00
101,0.32,0.01,0.04,0.01,0.00,0.00,0.00,0.01,0.02,0.00,0.01,0.00,0.00,0.00,0.01,0.05,0.07,96.49,2.95,0.00
102,0.68,0.02,0.18,0.02,0.00,0.00,0.00,0.02,0.06,0.00,0.09,0.00,0.02,0.03,0.07,0.03,0.03,93.20,5.53,0.02
103,3.10,0.05,0.33,0.06,0.01,0.02,0.01,0.10,0.14,0.00,0.19,0.00,0.02,1.41,1.15,1.27,5.43,86.70,0.00,0.00
104,1.88,0.03,1.34,2.88,1.16,0.88,4.57,8.09,1.01,1.61,13.26,0.11,0.00,9.67,1.26,2.08,5.07,45.09,0.02,0.00
105,5.00,0.20,0.49,0.12,0.10,0.04,0.05,0.32,0.54,0.00,1.41,0.01,0.00,1.08,3.48,0.36,0.26,86.22,0.32,0.00
106,14.06,0.23,0.50,0.19,0.05,0.02,0.06,0.28,0.24,0.00,1.35,0.01,0.01,0.86,0.94,1.54,1.67,77.55,0.42,0.00
107,4.18,0.03,0.23,0.04,0.02,0.08,0.02,0.39,0.22,0.06,2.35,0.06,0.00,5.72,0.08,0.31,2.12,84.01,0.07,0.00
108,0.98,0.06,0.00,0.00,0.00,0.03,0.00,0.03,0.11,0.00,0.21,0.00,0.04,0.01,0.05,0.42,0.93,97.12,0.00,0.00
109,0.04,0.01,0.13,0.00,0.00,0.00,0.00,0.00,0.01,0.00,0.00,0.00,0.01,0.01,0.03,0.05,1.33,98.18,0.20,0.02
110,0.57,0.01,0.06,0.01,0.00,0.00,0.00,0.01,0.02,0.00,0.02,0.00,0.00,0.03,0.05,0.06,0.10,94.58,4.47,0.01
111,0.09,0.04,0.07,0.00,0.00,0.00,0.00,0.00,0.01,0.00,0.00,0.00,0.00,0.18,0.15,0.02,2.02,88.88,8.54,0.00
112,0.06,0.01,0.06,0.01,0.00,0.00,0.00,0.00,0.00,0.00,0.00,0.00,0.00,0.00,0.00,0.00,0.00,45.99,53.86,0.00
113,0.22,0.00,0.29,0.00,0.00,0.00,0.00,0.00,0.01,0.00,0.00,0.00,0.00,0.00,0.00,0.00,0.05,51.24,48.18,0.00
114,0.05,0.15,0.04,0.06,0.01,0.08,0.04,0.12,0.04,0.00,0.44,0.00,0.00,0.03,0.11,0.02,12.51,86.10,0.21,0.00
115,0.31,0.00,0.00,0.00,0.00,0.00,0.00,0.00,0.00,0.00,0.17,0.00,0.00,0.00,0.01,0.00,0.00,25.81,73.69,0.00
116,0.55,0.10,0.06,0.02,0.00,0.01,0.00,0.07,0.05,0.00,0.14,0.01,0.00,0.43,0.80,0.50,36.06,61.13,0.07,0.00
117,9.09,1.53,0.35,0.17,0.03,0.12,0.00,0.30,0.27,0.00,0.85,0.01,0.00,2.76,6.12,3.54,8.40,57.56,8.89,0.00
118,0.77,0.00,0.00,0.00,0.00,0.00,0.00,0.00,0.00,0.00,0.00,0.00,0.00,0.00,0.00,0.00,3.50,51.87,43.85,0.00
119,0.03,0.01,0.03,0.00,0.00,0.00,0.00,0.00,0.01,0.00,0.00,0.00,0.00,0.19,0.04,0.00,0.49,68.73,30.48,0.00
120,0.24,0.01,0.05,0.01,0.00,0.00,0.00,0.00,0.02,0.00,0.02,0.00,0.00,0.00,0.10,0.07,1.71,50.05,47.73,0.00
121,0.19,0.07,0.03,0.00,0.00,0.00,0.00,0.00,0.01,0.00,0.01,0.00,0.01,0.01,0.03,0.01,2.44,71.32,25.88,0.00
122,0.18,0.33,0.43,0.18,0.10,0.09,0.09,0.46,0.12,0.14,0.60,0.00,0.06,1.19,0.64,4.95,25.53,64.08,0.82,0.00
123,0.44,0.35,0.55,0.13,0.13,0.03,0.10,0.16,0.26,0.00,0.16,0.02,0.09,5.34,11.13,2.42,40.44,38.05,0.20,0.00
124,0.07,0.10,0.11,0.00,0.00,0.00,0.00,0.00,0.02,0.00,0.02,0.00,0.02,0.13,0.93,0.38,44.22,53.71,0.28,0.00
125,0.12,0.09,0.23,0.01,0.00,0.00,0.00,0.01,0.06,0.00,0.09,0.00,0.00,0.00,5.79,4.47,63.66,25.48,0.00,0.00
126,0.00,0.00,0.00,0.00,0.00,0.00,0.00,0.00,0.00,0.00,0.00,0.00,0.00,0.00,0.01,0.01,17.11,81.39,1.47,0.00
127,0.10,0.03,0.00,0.00,0.00,0.00,0.00,0.00,0.00,0.00,0.00,0.00,0.00,0.00,0.01,0.02,8.36,91.47,0.00,0.00
128,8.08,4.19,0.00,0.00,0.00,0.01,0.00,0.00,0.04,0.00,0.00,0.00,0.00,0.00,0.13,0.24,32.21,40.41,14.70,0.00
129,0.14,0.01,0.03,0.00,0.00,0.00,0.00,0.00,0.01,0.00,0.00,0.00,0.00,0.00,0.59,0.15,5.84,88.40,4.84,0.00
130,0.06,0.01,0.04,0.00,0.00,0.00,0.00,0.00,0.01,0.00,0.00,0.00,0.00,0.00,0.32,0.22,21.74,77.30,0.31,0.00
131,0.14,0.02,0.20,0.00,0.00,0.00,0.00,0.00,0.01,0.00,0.00,0.00,0.03,0.02,0.14,0.04,7.61,90.72,1.07,0.00
132,0.02,0.02,0.26,0.01,0.00,0.01,0.00,0.01,0.04,0.00,0.55,0.00,0.01,0.08,0.18,0.11,13.41,85.22,0.06,0.00
133,0.37,0.68,1.03,0.16,0.11,0.06,0.09,0.14,0.28,0.00,0.15,0.07,0.13,5.30,11.29,3.58,41.47,35.10,0.01,0.00
134,0.01,0.03,0.07,0.00,0.00,0.00,0.00,0.00,0.00,0.00,0.00,0.00,0.00,0.02,0.34,0.02,7.14,92.35,0.00,0.00
135,0.96,0.02,0.10,0.02,0.00,0.01,0.00,0.00,0.02,0.00,0.00,0.00,0.01,0.07,0.15,0.01,2.66,89.33,6.62,0.00
136,0.05,0.02,0.02,0.00,0.00,0.00,0.00,0.00,0.00,0.00,0.00,0.00,0.00,0.00,0.00,0.00,0.75,22.96,76.20,0.00
137,0.06,0.05,0.05,0.00,0.00,0.00,0.00,0.00,0.00,0.00,0.00,0.00,0.00,0.00,0.01,0.00,4.50,66.32,29.01,0.00
138,0.12,0.01,0.35,0.04,0.02,0.04,0.01,0.16,0.08,0.08,0.55,0.00,0.03,0.01,0.35,0.99,3.82,90.31,3.02,0.00
139,0.14,0.01,0.37,0.04,0.03,0.00,0.03,0.11,0.04,0.01,0.36,0.00,0.25,0.00,0.01,0.66,1.61,95.70,0.63,0.00
140,0.43,0.01,0.00,0.00,0.00,0.00,0.00,0.00,0.00,0.00,0.00,0.00,0.00,0.01,0.05,0.00,4.49,91.46,3.55,0.00
141,0.01,0.03,0.01,0.00,0.00,0.00,0.00,0.00,0.00,0.00,0.00,0.00,0.00,0.00,0.01,0.01,17.32,80.35,2.25,0.00
142,0.05,0.00,0.00,0.00,0.00,0.00,0.00,0.00,0.00,0.00,0.00,0.00,0.00,0.00,0.05,0.00,4.57,95.33,0.00,0.00
143,0.18,0.30,0.08,0.00,0.00,0.03,0.00,0.02,0.06,0.00,0.05,0.00,0.00,0.01,0.11,0.06,5.52,77.38,16.20,0.00
144,0.75,0.00,0.01,0.00,0.00,0.00,0.00,0.00,0.00,0.00,0.00,0.00,0.00,0.00,0.00,0.00,2.58,31.36,65.29,0.00
145,0.16,0.37,0.09,0.00,0.00,0.00,0.00,0.01,0.01,0.00,0.02,0.00,0.00,0.01,0.10,0.02,3.97,47.99,47.26,0.00
146,6.29,0.47,0.19,0.01,0.00,0.01,0.00,0.02,0.04,0.00,0.04,0.01,0.00,0.04,0.02,0.03,0.39,31.35,61.08,0.00
147,1.54,0.06,0.11,0.00,0.00,0.00,0.00,0.00,0.00,0.00,0.06,0.00,0.00,0.00,0.01,0.00,2.43,62.51,33.28,0.00
148,0.36,0.01,0.08,0.00,0.00,0.00,0.00,0.00,0.00,0.00,0.00,0.00,0.01,0.00,0.01,0.01,0.94,48.07,50.50,0.00
149,0.11,0.02,0.10,0.00,0.00,0.00,0.00,0.00,0.01,0.00,0.18,0.00,0.05,0.01,0.03,0.02,12.20,84.89,2.39,0.00
150,5.45,4.88,0.36,0.09,0.01,0.15,0.08,0.35,0.31,0.05,0.79,0.00,0.00,2.56,4.93,1.87,13.87,38.55,25.69,0.00
151,0.98,0.11,0.06,0.00,0.00,0.00,0.00,0.00,0.01,0.00,0.00,0.00,0.04,0.24,0.12,0.19,9.83,88.28,0.14,0.00
152,1.11,1.52,0.57,0.01,0.00,0.00,0.00,0.00,0.11,0.00,0.00,0.00,0.00,3.41,13.26,10.83,31.41,37.79,0.00,0.00
153,0.02,0.00,0.11,0.00,0.00,0.00,0.00,0.00,0.02,0.00,0.07,0.00,0.01,0.01,0.19,0.02,7.57,91.44,0.54,0.00
154,0.05,0.00,0.07,0.00,0.00,0.00,0.00,0.00,0.02,0.00,0.00,0.00,0.04,0.00,0.22,0.02,14.26,85.32,0.00,0.00
155,0.60,2.00,1.41,1.24,0.29,0.33,1.07,2.18,1.15,0.52,5.81,0.02,0.01,5.05,18.20,6.80,16.82,36.46,0.02,0.00
156,0.00,0.05,0.00,0.00,0.00,0.00,0.00,0.00,0.02,0.00,0.00,0.00,0.00,0.07,1.94,0.10,15.93,81.71,0.18,0.00
157,1.73,0.73,0.35,0.01,0.00,0.00,0.00,0.01,0.19,0.00,0.09,0.00,0.00,7.14,13.30,0.86,55.36,20.21,0.00,0.00
158,0.08,0.00,0.07,0.01,0.00,0.00,0.00,0.00,0.05,0.00,0.00,0.00,0.00,0.09,0.14,0.08,11.30,81.32,6.88,0.00
159,2.60,0.13,0.76,0.47,0.17,0.09,0.30,1.03,0.64,0.01,1.94,0.01,0.04,10.41,14.00,1.38,50.44,15.58,0.00,0.00
160,0.26,0.07,0.08,0.01,0.00,0.00,0.01,0.03,0.02,0.01,0.51,0.00,0.00,0.20,0.37,0.26,1.54,85.67,10.95,0.00
161,0.13,0.01,0.04,0.00,0.03,0.00,0.00,0.00,0.01,0.00,0.00,0.00,0.01,0.04,0.48,0.21,47.69,51.35,0.00,0.00
162,0.19,0.00,0.00,0.00,0.00,0.00,0.00,0.00,0.00,0.00,0.00,0.00,0.00,0.00,0.01,0.00,3.68,96.12,0.00,0.00
163,0.65,0.36,0.19,0.03,0.06,0.01,0.02,0.04,0.04,0.00,0.06,0.01,0.04,0.22,1.70,0.18,13.80,82.54,0.03,0.00
164,0.51,0.19,0.19,0.02,0.01,0.02,0.02,0.08,0.08,0.00,0.07,0.02,0.00,1.34,2.96,0.38,44.77,49.13,0.23,0.00
165,4.67,3.49,0.42,0.09,0.03,0.02,0.07,0.27,0.21,0.00,0.06,0.06,0.00,0.58,24.23,2.55,4.05,59.20,0.01,0.00
166,0.22,0.30,0.11,0.01,0.02,0.01,0.01,0.03,0.02,0.00,0.02,0.00,0.01,0.02,0.93,0.16,15.51,82.39,0.24,0.00
167,0.35,0.09,0.21,0.02,0.06,0.00,0.02,0.04,0.03,0.00,0.04,0.01,0.43,0.02,0.31,0.04,7.65,90.68,0.00,0.00
168,1.43,1.09,0.38,0.13,0.03,0.02,0.15,0.15,0.10,0.02,0.49,0.05,0.01,0.00,4.32,1.46,14.43,75.75,0.00,0.00
169,1.05,0.46,0.27,0.04,0.01,0.01,0.03,0.09,0.12,0.00,0.09,0.03,0.01,4.10,3.53,0.22,60.48,29.45,0.00,0.00
170,0.85,0.00,0.00,0.00,0.00,0.00,0.00,0.00,0.00,0.00,0.02,0.00,0.00,0.00,0.00,0.00,0.25,29.47,69.40,0.00
171,0.88,0.00,0.00,0.00,0.00,0.00,0.00,0.00,0.01,0.00,0.00,0.00,0.00,0.00,0.00,0.00,0.26,52.78,46.07,0.00
172,0.32,0.01,0.06,0.03,0.00,0.00,0.00,0.00,0.04,0.00,0.03,0.00,0.00,0.00,0.05,0.00,0.06,97.33,2.06,0.00
173,0.22,0.00,0.07,0.01,0.00,0.01,0.00,0.02,0.03,0.00,0.54,0.00,0.02,0.00,0.01,0.00,1.05,94.81,3.20,0.00
174,0.39,0.00,0.03,0.01,0.00,0.00,0.00,0.01,0.06,0.00,0.06,0.00,0.00,0.00,0.00,0.00,0.90,95.39,3.16,0.00
175,0.34,0.02,0.26,0.02,0.01,0.03,0.02,0.14,0.08,0.16,0.97,0.00,0.01,0.16,0.84,0.17,0.83,93.58,2.37,0.00
176,3.00,0.01,0.81,0.30,0.04,0.09,0.08,1.16,0.50,0.01,2.87,0.01,0.02,3.98,13.27,1.39,0.52,71.81,0.14,0.00
177,5.08,2.50,1.84,1.12,0.60,0.52,1.30,4.95,1.42,0.25,10.63,0.24,0.04,1.36,9.77,2.28,1.11,52.53,2.46,0.00
178,1.36,0.72,0.50,0.12,0.05,0.05,0.06,0.56,0.65,0.03,2.89,0.03,0.06,0.11,1.20,0.26,0.13,87.24,3.97,0.00
179,0.76,0.06,0.07,0.01,0.00,0.00,0.00,0.03,0.10,0.00,0.16,0.00,0.01,0.00,0.17,0.01,0.02,57.27,41.33,0.00
180,0.57,0.08,0.16,0.02,0.01,0.04,0.02,0.16,0.47,0.25,0.81,0.00,0.01,0.08,0.47,0.09,0.06,92.46,4.21,0.00
181,1.21,0.61,0.26,0.04,0.01,0.02,0.00,0.38,0.43,0.00,0.57,0.00,0.04,0.05,1.31,0.20,0.06,94.82,0.00,0.00
182,0.56,0.33,0.32,0.06,0.07,0.06,0.06,0.57,0.63,0.21,1.07,0.00,0.04,0.29,3.22,0.33,0.11,91.75,0.31,0.00
183,0.20,0.02,0.12,0.01,0.00,0.00,0.00,0.01,0.34,0.00,0.03,0.00,0.00,0.06,1.27,0.14,0.08,97.47,0.24,0.00
184,0.11,0.00,0.03,0.01,0.02,0.01,0.00,0.14,0.37,0.00,0.46,0.00,0.00,0.01,0.60,0.54,1.86,88.78,7.05,0.00
185,0.80,0.01,0.34,0.01,0.02,0.06,0.00,0.04,0.25,0.00,1.31,0.02,0.00,0.05,0.21,0.17,0.07,88.62,8.01,0.00
186,0.35,0.00,0.16,0.02,0.04,0.03,0.00,0.04,0.29,0.00,0.05,0.00,0.00,0.00,0.00,0.00,3.35,83.17,12.50,0.00
187,0.22,0.00,0.20,0.03,0.01,0.04,0.02,0.25,0.32,0.03,2.18,0.00,0.00,0.01,0.00,0.12,0.21,96.14,0.23,0.00
188,1.00,0.00,2.11,0.55,0.22,0.37,0.52,3.90,2.18,0.02,15.94,0.11,0.00,0.75,0.46,1.27,7.62,62.72,0.25,0.00
189,1.17,0.53,0.04,0.07,0.01,0.67,0.00,1.23,0.24,0.00,3.60,0.06,0.00,0.00,0.00,0.00,11.92,41.34,39.11,0.00
190,0.16,0.02,0.73,0.50,0.17,0.83,0.33,3.49,0.76,6.92,15.04,0.00,0.14,0.29,0.02,0.08,0.99,69.55,0.00,0.00
191,1.06,0.13,1.98,0.96,0.06,0.64,1.08,2.59,0.94,2.55,1.72,0.00,0.00,6.03,0.42,1.52,22.89,55.43,0.00,0.00
192,0.15,0.00,0.44,0.09,0.01,0.04,0.05,0.25,0.35,0.01,0.69,0.06,0.00,17.17,17.32,0.21,0.47,62.68,0.00,0.00
193,0.26,0.01,0.54,0.24,0.06,0.06,0.18,0.65,0.24,0.08,0.53,0.03,0.08,2.98,7.50,0.13,5.37,79.34,1.73,0.00
194,0.17,0.00,0.10,0.01,0.00,0.01,0.01,0.04,0.04,0.02,0.09,0.00,0.04,0.13,1.18,0.04,1.57,91.97,4.59,0.00
195,3.19,0.01,0.16,0.04,0.01,0.02,0.01,0.06,0.03,0.00,0.23,0.00,0.03,0.03,0.23,0.01,17.87,72.66,5.44,0.00
196,0.08,0.00,0.07,0.00,0.00,0.00,0.00,0.01,0.03,0.00,0.03,0.00,0.25,0.00,0.59,0.02,0.28,90.62,8.03,0.00
197,0.70,0.03,0.20,0.08,0.04,0.02,0.01,0.28,0.23,0.00,0.18,0.00,0.13,0.07,10.67,0.12,1.20,86.03,0.00,0.00
198,0.34,0.00,0.00,0.01,0.00,0.00,0.00,0.02,0.21,0.00,0.26,0.00,0.01,0.08,13.56,0.22,0.02,85.24,0.01,0.00
199,0.09,0.00,0.18,0.04,0.00,0.00,0.00,0.10,0.08,0.00,0.33,0.00,0.00,0.03,0.45,0.00,41.32,57.13,0.23,0.00
200,0.00,0.00,0.03,0.00,0.00,0.00,0.00,0.05,0.01,0.00,0.33,0.00,0.00,0.18,0.18,0.00,33.66,65.56,0.00,0.00
201,0.26,0.01,0.03,0.00,0.00,0.00,0.00,0.01,0.00,0.00,0.05,0.00,0.40,0.00,0.00,0.01,3.24,39.96,56.04,0.00
202,0.21,0.05,0.13,0.01,0.00,0.00,0.01,0.02,0.02,0.01,0.18,0.00,0.03,0.00,0.04,0.02,2.33,67.41,29.51,0.00
203,0.14,0.08,0.22,0.05,0.00,0.04,0.00,0.14,0.10,0.02,2.77,0.00,0.02,0.01,0.49,0.09,6.60,84.92,4.33,0.00
204,0.27,0.13,0.28,0.07,0.03,0.09,0.06,0.21,0.09,0.13,1.13,0.01,0.02,0.11,1.95,0.33,16.78,77.32,0.98,0.00
205,0.27,0.00,0.13,0.04,0.01,0.03,0.04,0.08,0.04,0.04,0.43,0.00,0.09,0.00,0.18,0.05,5.37,82.03,11.18,0.00
206,0.34,0.00,0.15,0.02,0.00,0.02,0.01,0.05,0.05,0.00,0.60,0.00,0.02,0.01,1.52,0.11,3.84,91.74,1.51,0.00
207,0.25,0.00,0.05,0.00,0.00,0.00,0.00,0.00,0.01,0.00,0.12,0.00,0.08,0.00,0.03,0.03,6.40,71.00,22.01,0.00
208,0.09,0.00,0.14,0.02,0.01,0.00,0.01,0.07,0.03,0.00,0.18,0.00,0.10,0.00,0.23,0.05,10.03,82.10,6.94,0.00
209,1.68,0.00,0.50,0.07,0.01,0.05,0.04,0.11,0.08,0.01,0.24,0.01,0.05,0.02,9.44,1.69,10.03,75.91,0.05,0.00
210,1.18,0.00,0.44,0.06,0.01,0.01,0.00,0.13,0.09,0.00,0.87,0.01,0.06,0.07,2.97,2.00,69.44,20.07,2.59,0.00
211,0.08,0.05,0.24,0.01,0.00,0.00,0.00,0.03,0.06,0.00,0.05,0.02,0.00,0.32,3.05,0.80,21.84,73.40,0.05,0.00
212,0.00,0.00,0.06,0.00,0.01,0.00,0.00,0.01,0.01,0.00,0.17,0.00,0.02,0.00,0.00,0.00,0.42,97.82,1.46,0.00
213,0.27,0.71,0.53,0.15,0.01,0.05,0.09,0.36,0.42,0.01,0.60,0.02,0.01,1.60,41.65,1.72,9.46,42.25,0.06,0.00
214,0.52,0.38,0.31,0.06,0.00,0.00,0.00,0.14,0.14,0.00,0.43,0.02,0.00,0.17,11.57,0.24,9.19,72.42,4.40,0.00
215,0.00,0.00,0.00,0.00,0.00,0.00,0.00,0.00,0.00,0.00,0.00,0.00,0.00,0.00,0.00,0.00,0.01,85.55,14.44,0.00
216,0.00,0.00,0.00,0.00,0.00,0.01,0.00,0.00,0.00,0.00,0.00,0.00,0.00,0.05,0.60,0.03,6.04,33.74,59.51,0.00
217,0.13,0.01,0.58,0.15,0.00,0.05,0.04,0.39,0.10,0.01,5.43,0.00,0.10,0.24,1.03,0.31,12.24,79.19,0.00,0.00
218,2.71,0.88,2.17,3.33,1.20,0.58,3.36,8.23,1.24,3.30,6.59,0.02,0.05,20.54,12.38,0.85,4.75,27.83,0.00,0.00
219,0.56,0.00,0.62,0.39,0.04,0.17,0.41,0.79,0.15,1.19,6.48,0.07,0.01,0.58,0.05,0.05,8.14,79.98,0.32,0.00
220,0.14,0.00,0.20,0.10,0.03,0.01,0.04,0.25,0.07,0.00,0.59,0.00,0.26,1.10,0.65,0.10,33.80,61.35,1.30,0.00
221,0.09,0.00,0.20,0.04,0.02,0.01,0.01,0.07,0.04,0.01,0.37,0.03,0.09,0.05,0.06,0.03,8.30,89.71,0.88,0.00
222,0.03,0.00,0.46,0.06,0.04,0.00,0.00,0.06,0.04,0.00,0.41,0.00,0.24,0.00,0.00,0.00,5.47,84.02,9.17,0.00
223,0.01,0.00,0.20,0.02,0.00,0.00,0.00,0.03,0.02,0.00,0.31,0.00,0.00,0.01,0.00,0.06,58.41,40.94,0.00,0.00
224,0.04,0.00,0.57,0.90,0.31,0.34,1.88,0.93,0.25,0.76,3.41,0.02,0.04,0.14,0.11,0.01,18.33,71.90,0.06,0.00
225,0.02,0.00,0.22,0.02,0.00,0.00,0.00,0.01,0.03,0.00,0.07,0.00,0.01,0.00,0.06,0.05,10.85,88.66,0.00,0.00
226,0.04,0.00,0.26,0.02,0.01,0.00,0.00,0.03,0.03,0.00,0.22,0.01,0.01,0.05,0.09,0.02,14.23,80.51,4.48,0.00
227,0.08,0.20,0.40,0.09,0.02,0.03,0.04,0.06,0.09,0.00,0.40,0.02,0.00,0.00,0.07,0.00,7.01,91.47,0.02,0.00
228,0.03,0.00,0.09,0.01,0.00,0.00,0.00,0.01,0.03,0.00,0.34,0.00,0.05,0.00,0.01,0.01,9.00,89.48,0.95,0.00
229,0.01,0.00,0.00,0.00,0.00,0.00,0.00,0.00,0.00,0.00,0.00,0.00,0.06,0.00,0.00,0.00,0.51,99.43,0.00,0.00
230,0.00,0.00,0.00,0.01,0.00,0.00,0.00,0.00,0.02,0.00,0.00,0.00,0.00,0.00,0.00,0.00,4.92,95.05,0.00,0.00
231,0.14,0.02,0.18,0.02,0.00,0.00,0.00,0.04,0.06,0.00,0.65,0.00,0.00,0.03,0.06,0.00,25.87,71.36,1.55,0.00
232,0.02,0.01,0.16,0.02,0.00,0.00,0.01,0.06,0.02,0.00,0.31,0.00,0.00,0.01,0.03,0.01,23.22,76.13,0.00,0.00
233,0.05,0.00,0.29,0.01,0.00,0.00,0.00,0.00,0.02,0.00,0.00,0.00,0.00,0.00,0.00,0.00,14.98,81.41,3.23,0.00
234,0.77,0.04,0.00,0.00,0.00,0.00,0.00,0.00,0.00,0.00,0.00,0.00,0.00,0.00,0.00,0.00,0.12,20.65,78.42,0.00
235,0.00,0.00,0.00,0.00,0.00,0.00,0.00,0.00,0.00,0.00,0.00,0.00,0.00,0.00,0.00,0.00,3.70,78.43,17.86,0.00
236,0.00,0.00,0.00,0.00,0.00,0.00,0.00,0.00,0.01,0.00,0.00,0.00,0.00,0.00,0.00,0.00,0.00,87.39,12.60,0.00
237,0.00,0.00,0.21,0.06,0.03,0.04,0.14,0.29,0.08,0.03,2.67,0.00,0.01,0.00,0.19,0.00,7.66,88.45,0.12,0.00
238,0.00,0.00,0.05,0.00,0.00,0.00,0.00,0.00,0.00,0.00,0.02,0.00,0.00,0.01,0.00,0.00,3.84,83.08,12.99,0.00
239,0.01,0.00,0.14,0.06,0.01,0.02,0.02,0.24,0.05,0.01,0.88,0.00,0.19,0.04,0.04,0.01,2.06,87.58,8.62,0.00
240,0.07,0.00,0.18,0.06,0.02,0.04,0.05,0.21,0.06,0.02,0.48,0.00,0.01,0.00,0.00,0.01,1.63,85.38,11.77,0.00
241,0.07,0.00,0.05,0.00,0.00,0.00,0.00,0.00,0.01,0.00,0.00,0.00,0.00,0.00,0.00,0.00,2.13,62.95,34.79,0.00
242,0.08,0.00,0.16,0.02,0.01,0.01,0.00,0.09,0.08,0.02,0.77,0.00,0.01,0.01,0.01,0.01,5.51,90.70,2.51,0.00
243,0.00,0.00,0.12,0.04,0.00,0.09,0.00,0.20,0.14,0.00,0.85,0.00,0.00,0.00,0.02,0.00,1.12,86.34,11.06,0.00
244,0.01,0.00,0.00,0.00,0.00,0.00,0.00,0.00,0.02,0.00,0.00,0.00,0.00,0.00,0.00,0.00,2.08,44.79,53.09,0.00
245,0.03,0.00,0.23,0.06,0.02,0.02,0.02,0.36,0.05,0.00,1.37,0.00,0.32,0.00,0.18,0.01,0.41,87.76,9.16,0.00
246,1.23,0.01,0.25,0.00,0.01,0.00,0.00,0.00,0.08,0.00,0.00,0.00,0.00,0.00,0.00,0.00,65.88,31.08,1.46,0.00
247,0.10,0.00,0.08,0.01,0.00,0.00,0.00,0.04,0.03,0.00,0.42,0.01,0.01,0.00,0.00,0.01,3.47,84.77,11.06,0.00
248,0.08,0.00,0.00,0.00,0.00,0.02,0.00,0.09,0.13,0.00,0.29,0.00,0.00,0.00,0.00,0.00,0.13,90.77,8.50,0.00
249,0.01,0.00,0.08,0.00,0.00,0.01,0.00,0.17,0.02,0.00,0.47,0.00,0.00,0.00,0.00,0.00,0.05,91.39,7.79,0.00
250,0.32,0.08,0.38,0.18,0.17,0.04,0.27,0.25,0.12,0.14,0.69,0.05,0.06,1.44,0.01,0.01,5.50,89.86,0.40,0.02
251,0.03,0.00,0.19,0.02,0.01,0.00,0.01,0.05,0.03,0.00,0.14,0.02,0.09,0.40,0.02,0.00,13.94,82.44,2.60,0.01
252,0.01,0.00,0.10,0.01,0.01,0.00,0.00,0.02,0.03,0.00,0.08,0.02,0.00,0.11,0.06,0.00,4.47,87.82,7.22,0.05
253,0.01,0.00,0.01,0.00,0.00,0.00,0.00,0.00,0.01,0.00,0.00,0.00,0.00,0.01,0.00,0.00,6.64,88.30,5.03,0.00
254,0.01,0.00,0.20,0.00,0.14,0.00,0.00,0.01,0.04,0.00,0.05,0.00,0.00,0.05,0.00,0.00,4.30,94.26,0.93,0.00
255,4.00,0.21,0.93,2.19,0.48,0.37,2.44,4.63,1.08,0.64,2.03,0.00,0.04,39.79,0.76,0.18,0.33,39.48,0.25,0.17
256,0.00,0.00,0.24,0.00,0.04,0.00,0.00,0.00,0.00,0.00,0.00,0.08,0.01,0.00,0.00,0.00,23.35,76.27,0.00,0.00
257,0.02,0.00,0.07,0.00,0.00,0.00,0.00,0.00,0.00,0.00,0.00,0.00,0.00,0.04,0.02,0.00,5.64,92.64,1.57,0.00
258,0.09,0.21,0.18,0.04,0.00,0.00,0.03,0.03,0.08,0.00,0.11,0.00,0.00,2.61,0.25,1.81,71.16,22.84,0.57,0.00
259,0.18,0.02,0.26,0.02,0.03,0.01,0.00,0.04,0.16,0.00,0.04,0.00,0.01,23.52,0.87,0.12,62.92,11.64,0.15,0.00
260,0.27,0.13,0.33,0.15,0.04,0.06,0.29,0.20,0.16,0.12,0.42,0.00,0.01,20.02,0.80,0.36,71.90,4.65,0.08,0.00
261,0.24,0.04,0.48,0.32,0.14,0.14,0.54,0.28,0.25,0.05,0.17,0.02,0.01,66.05,2.72,0.24,25.47,2.85,0.00,0.00
262,0.09,0.00,0.41,0.09,0.04,0.02,0.09,0.12,0.22,0.01,0.13,0.03,0.00,48.89,0.02,0.09,44.73,5.01,0.00,0.00
263,0.15,0.08,0.10,0.02,0.03,0.01,0.00,0.04,0.08,0.00,0.06,0.00,0.01,9.18,0.29,0.12,73.26,16.46,0.12,0.00
264,0.10,0.10,0.18,0.01,0.00,0.00,0.00,0.02,0.05,0.00,0.03,0.00,0.00,6.60,0.61,0.31,86.64,5.01,0.34,0.00
265,2.52,1.44,0.76,0.23,0.06,0.06,0.18,0.26,0.33,0.01,0.18,0.03,0.01,43.54,1.10,0.67,41.17,7.38,0.07,0.00
266,0.31,0.01,0.45,0.28,0.12,0.07,0.33,0.38,0.35,0.19,0.40,0.04,0.02,51.64,0.02,0.15,35.42,9.81,0.00,0.00
267,0.06,0.00,0.17,0.02,0.27,0.01,0.01,0.03,0.12,0.00,0.04,0.00,0.18,8.00,0.00,0.01,38.11,52.56,0.41,0.00
268,0.03,0.00,0.34,0.22,0.37,0.04,0.26,0.30,0.23,0.59,0.59,0.02,0.09,10.06,0.00,0.01,37.46,49.40,0.00,0.00
269,4.29,0.01,2.13,5.48,1.24,3.39,11.25,7.28,1.38,3.54,6.43,0.09,0.27,21.33,7.15,1.85,15.67,7.24,0.00,0.00
270,0.31,0.05,0.23,0.04,0.09,0.01,0.02,0.10,0.16,0.00,0.16,0.01,0.02,7.84,0.20,0.35,73.16,17.23,0.03,0.00
271,0.30,0.01,0.40,0.09,0.07,0.02,0.01,0.20,0.24,0.01,0.18,0.02,0.03,21.52,0.12,0.25,31.42,45.13,0.00,0.00
272,0.39,0.00,0.16,0.01,0.03,0.01,0.00,0.04,0.09,0.00,0.06,0.00,0.01,3.52,0.01,0.12,26.59,68.96,0.00,0.00
273,0.36,0.00,0.25,0.03,0.01,0.00,0.02,0.10,0.06,0.03,0.38,0.01,0.02,1.46,0.00,0.01,52.02,45.25,0.00,0.00
274,0.35,0.05,0.34,0.12,0.11,0.05,0.14,0.25,0.16,0.13,0.62,0.03,0.02,9.79,0.25,0.60,80.46,6.55,0.00,0.00
275,0.02,0.00,0.02,0.00,0.00,0.00,0.00,0.00,0.01,0.00,0.01,0.00,0.00,0.38,0.00,0.07,48.20,51.28,0.00,0.00
276,0.03,0.00,0.06,0.00,0.00,0.00,0.00,0.00,0.01,0.00,0.00,0.00,0.00,0.34,0.04,0.02,42.91,56.59,0.00,0.00
277,0.03,0.00,0.19,0.01,0.01,0.02,0.00,0.04,0.04,0.01,0.15,0.01,0.00,0.12,0.04,0.13,22.41,76.74,0.03,0.00
278,0.05,0.00,0.73,0.73,0.12,0.72,0.34,3.55,0.95,0.17,23.21,0.03,0.03,0.11,0.03,2.35,33.89,33.00,0.00,0.00
279,0.06,0.00,0.68,1.43,0.30,0.55,2.51,1.65,0.49,1.63,6.49,0.05,0.05,1.12,0.09,2.98,75.00,4.93,0.00,0.00
280,1.08,0.01,0.18,0.07,0.00,0.02,0.02,0.11,0.14,0.00,0.21,0.02,0.04,5.15,0.09,0.11,67.50,25.24,0.00,0.00
281,0.31,0.00,0.34,0.04,0.00,0.01,0.02,0.07,0.02,0.01,0.23,0.01,0.00,0.50,0.05,0.11,83.46,14.82,0.00,0.00
282,0.10,0.00,0.02,0.00,0.00,0.00,0.00,0.00,0.00,0.00,0.00,0.00,0.00,0.00,0.00,0.00,22.71,75.27,1.89,0.00
283,0.32,0.00,0.21,0.01,0.00,0.00,0.00,0.02,0.02,0.00,0.05,0.02,0.00,0.43,0.00,0.03,58.87,40.02,0.00,0.00
284,0.00,0.00,0.24,0.01,0.00,0.00,0.00,0.03,0.04,0.00,0.52,0.00,0.01,0.38,0.00,0.01,79.33,19.42,0.00,0.00
285,0.80,0.00,0.59,0.06,0.00,0.00,0.00,0.12,0.23,0.00,0.59,0.00,0.03,4.84,0.00,0.07,66.85,25.80,0.00,0.00
286,0.00,0.00,0.13,0.00,0.00,0.00,0.00,0.00,0.01,0.00,0.00,0.00,0.00,0.15,0.03,0.00,37.01,62.65,0.00,0.00
287,1.18,0.02,0.36,0.13,0.04,0.04,0.12,0.21,0.26,0.00,0.12,0.00,0.00,42.66,1.16,3.60,44.59,5.48,0.00,0.00
288,0.72,0.12,0.30,0.07,0.01,0.02,0.03,0.11,0.19,0.00,0.07,0.00,0.00,48.79,0.60,1.12,44.49,3.24,0.11,0.00
289,1.19,0.31,0.50,0.22,0.09,0.08,0.18,0.43,0.32,0.00,0.51,0.02,0.00,58.95,0.12,0.65,32.23,3.96,0.23,0.00
290,1.25,0.04,0.60,0.44,0.24,0.16,0.58,0.92,0.47,0.17,0.83,0.01,0.01,59.14,1.00,3.29,25.81,5.04,0.00,0.00
291,0.49,0.22,0.24,0.08,0.01,0.02,0.02,0.18,0.23,0.00,0.15,0.00,0.01,33.89,0.73,3.62,57.11,3.01,0.00,0.00
292,0.58,0.12,0.43,0.18,0.06,0.05,0.08,0.31,0.27,0.01,0.13,0.03,0.00,79.28,0.45,1.74,12.71,3.59,0.00,0.00
293,2.19,2.49,1.11,0.60,0.21,0.11,0.49,0.64,0.48,0.01,0.20,0.03,0.07,66.29,1.10,3.28,12.40,8.13,0.16,0.00
294,0.45,0.01,0.55,0.32,0.19,0.07,0.23,0.56,0.46,0.37,0.41,0.03,0.01,38.13,0.58,1.05,18.81,37.77,0.00,0.00
295,1.33,0.00,0.48,0.26,0.24,0.07,0.27,0.57,0.35,0.26,0.41,0.01,0.01,19.59,1.03,6.26,39.04,29.81,0.00,0.00
296,0.68,0.00,0.35,0.09,0.07,0.04,0.05,0.23,0.30,0.00,0.45,0.01,0.02,7.54,0.53,0.50,22.11,67.02,0.00,0.00
297,2.58,0.00,0.12,0.03,0.38,0.04,0.00,0.16,0.12,0.15,1.71,0.00,0.01,9.30,0.15,0.71,17.29,63.08,4.16,0.00
298,0.75,0.03,0.31,0.05,0.08,0.02,0.02,0.13,0.30,0.00,0.08,0.01,0.01,32.16,0.20,1.68,44.11,20.06,0.00,0.00
299,0.58,0.01,0.36,0.22,0.38,0.06,0.19,0.36,0.30,0.02,0.34,0.01,0.02,56.22,0.02,0.27,6.08,34.57,0.00,0.00
300,0.49,0.00,0.28,0.01,0.18,0.01,0.00,0.00,0.13,0.00,0.00,0.00,0.28,15.20,0.03,1.87,75.14,6.38,0.00,0.00
301,1.72,0.00,0.95,1.16,0.51,0.33,1.57,1.70,0.60,0.68,2.35,0.03,0.02,22.73,3.70,5.53,42.30,14.06,0.06,0.00
302,29.02,4.54,0.01,0.00,0.00,0.14,0.00,0.00,0.19,0.00,0.00,0.00,0.00,3.35,0.03,0.25,7.23,55.25,0.00,0.00
303,0.72,0.00,0.41,0.09,0.06,0.02,0.05,0.20,0.24,0.00,0.23,0.00,0.00,25.38,0.04,0.92,55.97,15.56,0.09,0.00
304,0.68,0.00,0.00,0.01,0.01,0.00,0.00,0.00,0.29,0.00,0.00,0.00,0.47,6.74,0.18,1.25,79.30,11.06,0.00,0.00
305,1.86,0.09,0.41,0.14,0.15,0.05,0.12,0.31,0.29,0.01,0.40,0.00,0.03,13.30,8.55,5.95,60.17,7.39,0.79,0.00
306,2.56,0.01,0.59,0.34,0.13,0.14,0.19,1.48,0.61,0.91,4.47,0.00,0.01,2.78,13.38,4.57,23.22,44.49,0.11,0.00
307,7.58,0.33,0.89,1.75,0.68,0.91,2.85,4.88,0.72,1.54,9.15,0.01,0.03,3.53,12.01,12.82,17.43,22.90,0.00,0.00
308,1.32,0.00,0.43,0.20,0.12,0.07,0.05,0.74,0.61,0.07,2.35,0.01,0.09,5.13,5.67,6.10,32.53,44.54,0.00,0.00
309,3.11,0.02,1.32,1.74,1.14,0.82,2.73,3.49,1.07,1.31,6.40,0.03,0.15,6.53,10.43,12.18,33.25,14.28,0.00,0.00
310,0.93,0.00,0.45,0.28,0.39,0.08,0.37,0.92,0.45,0.26,2.22,0.01,0.10,3.85,1.95,2.43,37.70,47.62,0.00,0.00
311,3.74,0.00,0.19,0.06,0.05,0.04,0.00,0.24,0.42,0.00,1.17,0.00,0.00,2.51,0.14,5.27,31.92,54.26,0.00,0.00
312,1.04,0.00,0.62,0.38,0.18,0.10,0.19,0.74,0.40,0.00,1.74,0.04,0.36,3.74,17.97,7.34,28.97,35.65,0.53,0.00
313,1.02,0.00,0.39,0.18,0.09,0.10,0.12,0.53,0.55,0.00,1.42,0.00,0.01,14.55,2.28,5.44,46.89,26.42,0.00,0.00
314,1.20,0.00,0.52,0.03,0.06,0.00,0.00,0.10,0.13,0.00,0.63,0.09,0.81,1.84,3.25,0.79,4.89,85.65,0.00,0.00
315,0.83,0.42,1.42,1.88,1.49,1.04,2.52,9.10,0.82,1.16,17.50,0.05,0.20,11.44,34.65,1.60,0.24,13.63,0.00,0.00
316,2.63,0.53,2.66,4.20,2.66,1.07,4.38,11.97,1.68,2.12,11.67,0.01,0.39,9.79,24.19,0.99,0.32,18.54,0.19,0.00
317,1.41,0.18,0.50,0.64,0.89,0.86,0.37,6.10,0.21,0.02,57.60,0.13,0.09,0.21,9.95,0.82,0.29,17.60,2.13,0.00
318,0.54,0.21,0.76,0.81,1.11,0.87,0.64,7.54,0.57,0.04,24.83,0.06,0.18,0.46,8.00,0.48,0.32,45.96,6.63,0.00
319,2.12,0.29,0.72,1.21,0.33,0.95,3.05,13.42,1.16,3.29,24.25,0.02,0.33,0.10,3.17,0.19,0.04,45.34,0.04,0.00
320,3.28,0.60,2.18,4.52,1.49,1.84,10.98,11.94,0.70,5.35,25.65,0.03,0.18,0.05,0.98,0.12,0.05,29.93,0.14,0.00
321,1.27,0.91,1.36,2.69,3.01,1.07,4.77,13.93,1.08,2.84,18.59,0.02,0.25,1.34,10.67,0.67,2.60,32.72,0.21,0.00
322,2.62,0.60,1.38,0.81,0.83,0.20,1.06,3.15,0.95,0.98,7.79,0.19,0.39,0.24,4.03,0.56,0.25,73.98,0.00,0.00
323,0.88,0.51,1.16,0.81,0.39,0.29,0.40,2.11,1.69,0.01,5.30,0.01,0.20,3.06,23.30,1.62,0.77,57.49,0.00,0.00
324,0.12,0.00,0.29,0.06,0.07,0.01,0.01,0.15,0.12,0.00,0.40,0.00,0.01,0.60,0.31,0.09,2.36,95.37,0.03,0.00
325,2.66,0.00,0.28,0.10,0.03,0.13,0.00,0.91,0.44,0.00,1.99,0.02,0.02,0.92,1.04,0.26,9.01,82.19,0.00,0.00
326,0.94,0.00,0.35,0.66,0.11,0.26,0.79,2.72,0.84,0.62,7.82,0.00,0.18,0.21,0.18,0.29,4.08,79.41,0.53,0.00
327,0.05,0.00,0.20,0.03,0.22,0.00,0.01,0.05,0.18,0.00,0.06,0.00,0.00,0.21,0.00,0.00,1.70,96.92,0.35,0.00
328,0.15,0.10,0.48,0.12,0.03,0.04,0.05,0.42,0.49,0.00,0.65,0.00,0.01,14.97,2.68,1.03,12.84,65.94,0.00,0.00
329,0.15,0.00,0.37,0.04,0.34,0.01,0.04,0.21,0.10,0.01,0.44,0.00,0.01,0.09,0.18,0.01,11.98,86.02,0.00,0.00
330,0.48,0.07,0.27,0.11,0.11,0.01,0.13,0.24,0.32,0.02,0.59,0.00,0.09,3.31,9.42,0.57,12.16,72.07,0.00,0.00
331,10.08,0.13,1.42,2.42,0.53,0.13,3.29,3.15,0.97,0.75,5.92,0.00,0.07,19.88,6.24,0.16,7.71,35.57,0.03,1.55
332,2.07,0.16,1.49,2.60,1.19,0.74,4.22,3.70,1.05,1.64,5.37,0.02,0.08,18.34,18.93,11.02,15.21,12.16,0.03,0.00
333,0.54,0.33,0.57,0.30,0.09,0.07,0.05,0.67,0.68,0.00,0.22,0.00,0.03,3.54,55.88,4.66,2.12,30.25,0.00,0.00
334,5.66,2.64,0.50,0.31,0.56,0.03,0.00,0.71,0.39,1.76,3.62,0.02,0.60,30.61,28.03,2.69,6.08,15.79,0.00,0.00
335,4.99,2.00,0.53,0.35,0.09,0.08,0.09,1.35,0.95,0.20,2.23,0.02,0.04,3.94,44.19,5.01,2.91,31.03,0.00,0.00
336,0.90,0.78,0.47,0.23,0.22,0.05,0.10,0.60,0.64,0.05,1.62,0.00,0.64,3.38,35.16,3.71,2.56,48.88,0.00,0.00
337,0.69,0.92,0.71,0.80,0.09,0.04,0.00,0.42,0.70,0.02,1.46,0.00,0.01,4.04,53.73,6.35,1.80,28.24,0.00,0.00
338,0.89,1.31,1.04,0.70,0.27,0.09,0.27,1.49,0.86,0.01,0.47,0.03,0.03,7.58,63.87,2.20,0.40,18.50,0.00,0.00
339,1.81,0.02,0.47,0.30,0.09,0.47,0.00,2.21,0.97,0.00,14.21,0.00,0.00,0.46,9.76,0.45,0.06,68.74,0.00,0.00
340,3.84,14.90,0.24,0.19,0.04,0.04,0.02,0.29,0.35,0.00,0.26,0.00,0.06,21.71,28.72,1.99,2.08,25.28,0.00,0.00
341,1.14,2.72,1.34,3.22,1.45,0.62,3.53,4.45,1.00,1.37,2.51,0.02,0.07,31.67,29.01,0.97,0.91,13.95,0.05,0.00
342,0.21,1.37,0.65,0.65,0.48,0.14,0.86,0.93,0.51,0.15,0.49,0.04,0.05,41.02,19.66,1.11,2.04,29.62,0.03,0.00
343,3.55,13.03,0.42,1.04,0.46,0.43,0.75,2.28,0.70,0.10,3.59,0.02,0.07,10.01,29.07,1.74,0.88,31.85,0.00,0.00
344,0.09,0.27,0.17,0.03,0.04,0.00,0.02,0.05,0.28,0.00,0.04,0.00,0.02,1.98,8.64,2.80,41.76,43.83,0.00,0.00
345,0.74,0.27,0.75,1.79,0.31,0.23,2.80,6.93,0.95,0.40,1.39,0.00,0.30,54.24,12.85,0.68,2.13,13.26,0.00,0.00
346,2.32,0.30,1.70,3.36,1.21,0.65,4.27,6.57,1.53,1.59,6.15,0.05,0.01,44.01,7.37,0.34,1.92,15.99,0.29,0.38
347,26.23,55.17,0.06,0.13,0.55,0.05,0.16,0.13,0.19,0.11,0.27,0.03,0.07,2.06,1.91,0.02,0.00,12.84,0.02,0.00
348,8.83,39.38,0.52,0.85,0.99,0.34,0.80,2.05,0.90,0.37,3.64,0.36,0.22,1.77,5.13,0.37,2.02,31.13,0.31,0.00
349,4.14,7.90,0.20,0.49,0.93,0.33,0.61,1.05,0.32,0.96,1.80,0.04,0.02,1.16,0.36,1.84,2.79,75.02,0.00,0.04
350,0.73,2.80,1.37,1.88,0.76,0.34,1.71,6.54,1.13,0.31,1.65,0.00,0.01,53.95,20.72,0.30,0.26,5.53,0.00,0.00
351,2.02,4.82,0.69,0.48,0.32,0.09,0.20,1.72,0.75,0.26,3.58,0.01,0.17,0.74,13.10,1.14,0.61,69.09,0.21,0.00
352,6.33,42.94,0.28,0.08,0.12,0.03,0.01,0.20,0.26,0.10,0.90,0.01,0.08,0.89,5.78,0.48,0.15,40.78,0.59,0.00
353,2.00,7.00,0.51,0.28,0.30,0.06,0.11,1.35,0.65,0.31,2.23,0.02,0.06,2.37,8.50,0.74,0.80,71.92,0.79,0.00
354,1.03,1.23,0.56,0.19,0.04,0.03,0.07,0.57,0.52,0.02,0.62,0.00,0.08,0.28,29.45,5.76,5.42,54.07,0.04,0.00
355,3.35,3.60,0.44,0.31,0.20,0.10,0.05,1.41,0.75,0.08,4.08,0.01,0.05,0.15,6.75,0.74,0.51,72.15,5.26,0.00
356,0.69,5.70,0.50,0.72,0.24,0.25,0.43,3.14,1.03,0.52,7.35,0.00,0.06,1.12,6.35,1.07,0.52,68.84,1.45,0.00
357,5.76,10.28,1.12,0.68,0.47,0.12,0.60,1.11,0.61,0.33,0.68,0.00,0.02,28.06,25.95,1.17,1.57,21.42,0.04,0.00
358,0.48,1.20,0.98,0.19,0.26,0.04,0.00,0.50,0.53,0.00,0.73,0.03,0.25,0.81,32.22,3.52,2.07,56.04,0.15,0.00
359,2.03,0.01,0.34,0.05,0.01,0.03,0.01,0.15,0.52,0.00,0.37,0.00,0.01,0.02,9.01,1.65,0.56,84.78,0.44,0.00
360,2.76,0.00,0.55,0.31,0.08,0.15,0.12,1.44,0.47,0.01,4.94,0.00,0.09,0.02,5.38,0.83,0.24,80.31,2.27,0.00
361,5.14,0.02,0.38,0.09,0.01,0.31,0.05,1.38,0.55,0.05,8.38,0.00,0.02,0.05,11.48,1.84,0.61,69.55,0.06,0.00
362,1.21,0.12,0.37,0.39,0.24,0.17,0.61,1.14,0.28,0.70,2.83,0.00,0.01,0.22,7.50,1.11,1.03,80.58,1.47,0.00
363,0.86,0.00,0.12,0.00,0.00,0.00,0.00,0.00,0.30,0.00,0.00,0.00,0.00,0.00,2.04,0.84,1.58,93.96,0.28,0.00
364,3.96,0.16,0.62,0.08,0.01,0.00,0.00,0.16,0.49,0.00,0.10,0.00,0.00,0.17,33.89,3.07,2.62,54.68,0.00,0.00
365,0.40,0.01,0.10,0.01,0.03,0.02,0.00,0.15,0.28,0.00,1.33,0.00,0.04,0.15,6.80,1.70,0.76,86.12,2.08,0.00
366,12.89,4.09,0.42,0.49,0.27,0.23,0.15,0.62,0.39,0.48,0.79,0.00,0.11,23.83,31.06,1.42,1.10,21.65,0.00,0.00
367,1.85,0.28,0.51,0.19,0.05,0.06,0.05,0.97,0.95,0.02,3.84,0.00,0.04,1.01,35.99,2.49,0.59,51.01,0.10,0.00
368,3.85,1.05,0.90,0.62,0.30,0.14,0.38,1.99,0.76,0.21,2.39,0.01,0.12,0.83,43.72,5.31,2.17,35.18,0.06,0.00
369,4.25,0.16,0.51,0.15,0.15,0.05,0.05,0.58,0.43,0.00,1.63,0.00,0.01,0.82,21.48,7.11,13.39,49.21,0.00,0.00
370,0.03,0.04,0.20,0.01,0.00,0.00,0.00,0.01,0.24,0.00,0.04,0.00,0.00,0.01,12.23,0.82,0.39,80.72,5.27,0.00
371,1.23,0.05,0.28,0.09,0.04,0.06,0.04,0.47,0.47,0.17,2.09,0.00,0.03,0.05,15.63,1.35,0.56,76.85,0.55,0.00
372,1.40,0.15,0.93,0.78,0.25,0.23,0.56,2.47,0.82,0.29,2.83,0.00,0.14,3.65,56.50,2.38,0.49,26.09,0.02,0.00
373,1.91,0.05,0.30,0.08,0.01,0.08,0.01,0.67,0.54,0.01,3.71,0.00,0.02,0.07,24.69,2.22,0.93,63.39,1.31,0.00
374,4.15,0.02,0.28,0.19,0.01,0.07,0.00,0.71,0.47,0.00,4.76,0.00,0.05,0.10,20.77,1.31,0.56,64.66,1.87,0.00
375,0.26,0.04,0.54,0.20,0.04,0.08,0.04,0.68,0.53,0.00,1.71,0.00,0.04,0.53,37.87,2.10,0.77,54.48,0.07,0.00
